-- LAP TIMES --
Lap 1	20 90.739     	30 90.660     	22 90.577     	21 91.011     	10 90.965     	 4 90.818     	14 91.005     	35 91.481     	11 91.102     	19 91.436     	94 91.564     	98 91.233     	53 91.296     	42 91.517     	31 91.444     	 2 91.171     	13 91.447     	29 91.356     	69 91.519     	 3 91.320     	74 91.893     	81 91.604     	47 91.724     	 7 91.975     	26 92.071     	80 92.047     	82 92.405     	
Lap 2	20 90.823     	30 90.802     	10 90.815     	22 91.342     	21 91.362     	14 90.970     	 4 91.125     	11 91.176     	35 91.334     	94 91.356     	19 91.439     	42 91.322     	98 91.483     	69 91.130     	53 91.618     	 3 91.141     	13 91.424     	 2 91.511     	29 91.606     	47 91.332     	31 92.042     	 7 91.382     	81 91.717     	74 91.946     	26 91.688     	80 91.651     	82 92.858     	
Lap 3	20 90.709     	30 91.021     	22 90.807     	21 90.762     	10 91.260     	 4 90.999     	14 91.292     	42 91.224     	35 91.689     	94 91.504     	19 91.486     	98 91.432     	 3 91.240     	11 92.046     	69 91.747     	 2 91.821     	13 91.924     	53 92.117     	 7 91.586     	31 91.692     	47 91.766     	29 92.074     	81 91.701     	26 91.466     	74 91.689     	80 91.727     	82 92.474     	
Lap 4	20 90.742     	30 90.724     	22 90.807     	 4 91.059     	21 91.443     	10 91.301     	14 91.041     	35 90.790     	42 91.349     	94 91.215     	 3 91.249     	98 91.589     	19 91.904     	69 91.516     	 7 91.237     	53 91.539     	13 91.651     	47 91.397     	29 91.488     	 2 91.992     	74 91.308     	31 91.921     	26 91.991     	81 92.117     	80 91.731     	11 93.915     	82 92.804     	
Lap 5	20 90.583     	30 90.731     	22 91.311     	 4 90.986     	21 91.119     	14 91.180     	10 91.606     	94 91.349     	 3 91.420     	42 91.797     	19 91.172     	69 91.352     	98 91.771     	35 92.821     	13 91.714     	53 91.817     	29 91.689     	 7 92.093     	47 91.943     	 2 91.810     	26 91.360     	31 91.783     	80 91.358     	74 92.324     	81 92.098     	11 91.992     	82 92.012     	
Lap 6	20 90.607     	30 91.588     	22 90.754     	 4 91.026     	14 90.954     	21 91.376     	10 91.820     	94 91.122     	 3 91.273     	19 91.613     	42 92.072     	69 91.838     	35 91.706     	98 91.970     	31 91.271     	29 91.773     	 2 91.748     	80 91.465     	53 92.197     	 7 92.025     	13 92.258     	74 91.422     	47 92.028     	26 91.948     	81 91.856     	11 92.082     	82 92.179     	
Lap 7	20 89.956     	30 91.201     	22 91.061     	21 90.812     	14 91.274     	10 91.168     	 4 93.101     	94 91.368     	19 91.153     	 3 91.952     	35 90.900     	42 91.322     	69 91.879     	98 91.778     	29 91.270     	31 91.871     	74 91.459     	13 91.556     	53 91.638     	26 91.394     	80 91.834     	 2 91.983     	 7 92.125     	47 92.170     	81 91.482     	11 91.794     	82 92.796     	
Lap 8	20 90.420     	22 90.187     	30 91.489     	21 91.644     	14 91.520     	10 91.417     	 4 91.335     	94 91.683     	35 90.897     	19 91.867     	42 91.664     	 3 91.989     	69 91.359     	98 91.479     	29 91.790     	 2 91.366     	26 91.638     	74 91.858     	31 91.881     	 7 91.448     	80 92.047     	53 92.340     	13 92.507     	47 91.866     	81 91.816     	11 91.458     	82 93.075     	
Lap 9	20 89.755     	22 90.416     	30 89.886     	21 91.803     	14 91.830     	10 91.668     	 4 91.735     	94 91.610     	35 91.806     	42 91.457     	 3 91.534     	19 91.902     	98 91.229     	69 91.650     	29 91.352     	 7 91.343     	31 91.826     	74 92.039     	26 92.082     	 2 92.282     	53 91.715     	80 91.895     	13 91.960     	47 92.185     	81 92.075     	11 92.137     	82 92.559     	
Lap 10	20 90.288     	22 91.769     	30 91.811     	21 91.384     	14 91.388     	10 91.736     	 4 91.671     	94 91.737     	35 91.218     	98 91.463     	69 91.315     	19 91.882     	42 92.118     	 3 92.255     	29 92.296     	 7 91.938     	31 92.055     	 2 91.824     	74 92.103     	13 91.658     	26 92.297     	80 91.981     	47 91.550     	53 92.330     	81 91.605     	11 91.689     	82 92.538     	
Lap 11	20 90.421     	22 91.471     	30 91.928     	21 91.672     	14 92.352     	 4 91.305     	10 91.995     	94 91.752     	35 92.555     	98 91.541     	19 91.797     	69 92.107     	42 92.090     	 3 92.266     	29 91.667     	 7 91.526     	 2 91.518     	31 92.028     	47 91.869     	53 91.744     	13 92.167     	80 92.162     	74 92.514     	81 92.119     	26 92.472     	11 91.770     	82 93.158     	
Lap 12	20 90.531     	22 90.415     	30 90.334     	21 91.610     	14 91.623     	 4 91.960     	10 92.055     	94 91.821     	35 91.236     	19 91.374     	98 92.203     	42 91.481     	69 91.773     	 3 91.850     	29 91.623     	 7 91.620     	 2 91.990     	47 91.576     	31 92.333     	13 91.944     	26 91.725     	80 92.106     	74 92.064     	53 92.540     	11 92.075     	81 92.360     	82 93.142     	
Lap 13	20 90.087     	22 90.275     	30 90.585     	21 91.073     	14 91.205     	 4 91.753     	10 91.341     	94 91.383     	35 92.057     	42 91.445     	19 91.966     	98 91.779     	69 92.050     	 3 92.226     	29 92.314     	 7 92.065     	 2 91.531     	80 91.608     	74 91.678     	47 92.508     	26 91.919     	31 92.247     	13 92.122     	53 91.971     	81 91.818     	11 92.239     	82 92.893     	
Lap 14	20 90.621     	22 90.985     	30 90.234     	21 91.725     	14 92.128     	10 91.560     	 4 91.755     	94 91.728     	35 91.962     	98 91.436     	19 91.973     	42 92.232     	69 92.163     	29 91.954     	 3 92.488     	 7 92.291     	80 92.046     	13 91.791     	74 92.005     	26 92.154     	53 91.814     	 2 94.014     	31 92.497     	81 92.250     	11 92.020     	47 93.610     	82 92.977     	
Lap 15	20 90.464     	22 91.154     	30 91.396     	21 90.695     	14 91.989     	94 90.979     	 4 91.382     	10 91.636     	35 92.055     	98 92.201     	19 92.399     	69 91.582     	42 92.509     	 7 90.670     	29 91.998     	13 91.891     	53 91.814     	74 92.099     	26 91.984     	80 92.387     	 3 94.194     	31 92.223     	 2 92.461     	11 92.106     	47 91.621     	81 92.499     	82 92.444     	
Lap 16	20 90.585     	22 91.857     	30 91.883     	21 90.901     	10 90.378     	14 91.265     	 4 91.827     	94 92.237     	35 91.675     	98 91.972     	19 91.632     	69 91.930     	 7 91.886     	42 92.398     	29 91.496     	 3 91.721     	80 92.049     	26 92.172     	13 92.605     	74 92.626     	53 92.720     	31 92.175     	 2 92.121     	81 91.969     	11 92.580     	47 92.503     	82 93.192     	
Lap 17	20 90.555     	22 91.759     	30 91.792     	21 91.055     	14 91.595     	10 92.317     	94 90.856     	 4 91.440     	35 91.372     	98 91.566     	19 92.502     	69 92.215     	29 91.806     	 7 92.486     	42 92.431     	 3 92.367     	74 91.947     	80 92.530     	53 92.117     	26 92.673     	47 91.320     	13 92.770     	31 92.494     	11 91.826     	 2 92.619     	81 92.612     	82 92.819     	
Lap 18	20 90.540     	22 90.697     	30 90.461     	21 90.992     	14 91.642     	 4 91.340     	10 92.145     	94 92.068     	35 90.837     	98 91.387     	19 91.790     	69 92.014     	29 92.311     	42 92.450     	 7 92.721     	 3 92.465     	80 92.408     	47 92.248     	74 92.643     	31 91.984     	26 92.600     	81 91.857     	53 92.905     	11 92.467     	13 92.873     	 2 92.367     	82 93.057     	
Lap 19	20 90.328     	22 91.690     	30 93.743     	21 91.025     	14 91.542     	 4 92.346     	10 92.395     	94 92.526     	35 92.451     	98 91.409     	19 92.366     	69 92.057     	29 91.874     	42 92.057     	 7 92.507     	47 91.901     	74 92.336     	 3 92.672     	 2 91.709     	80 92.822     	53 92.290     	31 92.660     	26 92.624     	81 92.831     	11 92.633     	13 92.983     	82 93.459     	
Lap 20	20 90.812     	22 91.055     	30 90.606     	21 91.398     	14 91.183     	 4 91.600     	10 91.833     	94 92.543     	35 91.702     	98 93.022     	69 92.235     	19 92.443     	29 92.695     	42 92.233     	 7 92.196     	 3 91.959     	47 92.518     	74 92.258     	31 92.083     	26 92.108     	53 92.297     	 2 92.595     	11 92.236     	80 92.830     	13 91.861     	81 92.801     	82 92.996     	
Lap 21	20 90.770     	22 90.924     	30 90.413     	21 91.104     	14 90.844     	 4 92.233     	10 91.779     	94 92.565     	98 90.962     	35 92.861     	69 92.346     	19 92.656     	29 92.042     	42 92.206     	 7 92.277     	31 92.052     	 3 92.590     	47 92.695     	 2 92.314     	74 93.087     	53 92.679     	81 91.716     	26 92.776     	80 92.296     	11 92.371     	13 92.656     	82 93.445     	
Lap 22	20 90.476     	22 91.388     	30 90.880     	21 91.583     	14 90.719     	10 90.813     	 4 92.067     	94 92.493     	98 92.601     	35 93.426     	69 92.463     	19 92.204     	29 92.230     	42 92.376     	 7 92.804     	47 92.095     	31 92.721     	 3 92.816     	11 92.158     	26 92.256     	81 92.349     	53 92.406     	13 92.027     	 2 92.874     	74 92.655     	80 93.016     	82 93.395     	
Lap 23	20 90.684     	22 90.877     	30 90.988     	21 91.190     	14 91.578     	10 91.040     	 4 91.604     	94 92.270     	98 92.167     	35 93.862     	19 92.641     	29 92.350     	69 92.926     	42 92.752     	 7 92.440     	 3 92.100     	47 92.678     	31 92.229     	11 92.306     	 2 92.553     	80 92.109     	81 92.857     	53 92.898     	26 93.044     	74 93.082     	13 93.183     	82 93.441     	
Lap 24	20 91.348     	22 91.082     	30 91.053     	21 90.981     	14 91.592     	10 91.128     	 4 91.547     	94 92.946     	98 93.167     	35 91.485     	29 92.280     	69 92.578     	19 92.759     	42 92.161     	 7 92.842     	 3 92.265     	47 92.382     	11 92.504     	 2 92.175     	31 93.204     	80 92.267     	81 92.535     	74 92.571     	26 92.906     	53 92.951     	13 93.126     	82 93.931     	
Lap 25	20 90.698     	22 90.989     	30 91.639     	21 91.534     	14 91.184     	10 91.606     	 4 91.483     	94 92.500     	98 92.530     	35 93.570     	29 92.228     	19 92.252     	69 92.817     	42 93.377     	 7 92.068     	47 92.582     	 3 93.101     	11 92.886     	31 92.909     	81 92.525     	 2 93.226     	74 92.455     	80 93.266     	26 92.575     	53 93.345     	13 93.297     	82 93.840     	
Lap 26	20 91.281     	22 91.661     	30 91.353     	21 91.460     	14 91.618     	10 91.136     	 4 91.400     	94 93.069     	98 93.220     	35 92.522     	19 92.460     	29 93.142     	69 92.783     	 7 92.539     	42 92.746     	47 93.308     	 3 93.200     	 2 92.359     	81 92.686     	31 92.875     	74 92.536     	11 93.301     	26 92.622     	80 92.811     	53 93.241     	13 93.408     	82 93.821     	
Lap 27	20 91.724     	22 91.789     	30 91.470     	21 91.626     	14 91.265     	10 91.925     	 4 91.906     	94 92.764     	35 92.119     	98 93.465     	19 92.529     	29 93.249     	69 92.995     	 7 93.141     	42 93.033     	47 92.561     	 3 92.544     	31 92.615     	 2 92.926     	81 92.988     	74 92.897     	11 92.878     	26 92.964     	80 93.256     	13 92.791     	53 93.463     	82 93.935     	
Lap 28	20 91.475     	22 91.602     	30 91.187     	21 91.154     	14 91.549     	10 91.987     	 4 92.186     	94 92.221     	35 92.821     	98 93.675     	19 92.798     	69 92.924     	29 93.246     	 7 92.888     	42 93.360     	 3 93.045     	47 93.337     	 2 92.690     	31 93.034     	81 93.049     	11 92.976     	74 93.193     	80 92.586     	26 93.615     	53 93.052     	13 93.403     	82 94.066     	
Lap 29	20 91.632     	30 91.495     	14 91.392     	22 108.246 PIT	21 108.765 PIT	29 93.490     	10 109.412 PIT	 4 109.145 PIT	47 93.216     	 2 93.311     	81 93.148     	80 93.533     	53 93.669     	94 109.619 PIT	35 108.731 PIT	98 109.596 PIT	19 110.324 PIT	69 110.361 PIT	 7 110.298 PIT	42 110.812 PIT	 3 109.746 PIT	11 110.386 PIT	31 110.772 PIT	74 110.432 PIT	26 111.076 PIT	13 110.600 PIT	82 111.082 PIT	
Lap 30	30 91.698     	20 109.318 PIT	14 91.470     	22 90.292     	21 90.197     	10 91.267     	29 93.698     	 4 91.171     	 2 93.585     	81 93.732     	94 92.121     	35 91.754     	98 90.628     	19 91.093     	69 91.510     	42 90.714     	 7 92.244     	 3 90.720     	11 91.489     	31 91.781     	47 109.983 PIT	74 91.804     	26 90.899     	80 109.308 PIT	13 90.846     	53 110.104 PIT	82 93.154     	
Lap 31	20 89.979     	22 89.738     	30 108.872 PIT	21 89.930     	14 108.524 PIT	10 90.052     	 4 91.858     	29 93.443     	81 93.377     	94 90.968     	35 90.891     	19 90.613     	98 92.172     	69 90.226     	 7 91.142     	42 91.955     	 3 91.036     	11 91.561     	74 91.464     	31 91.914     	47 91.800     	26 91.465     	80 91.621     	13 91.868     	 2 109.948 PIT	53 90.897     	82 92.320     	
Lap 32	20 91.979     	22 90.439     	21 89.661     	30 90.918     	14 90.726     	10 90.254     	 4 90.186     	94 91.857     	35 91.527     	19 91.028     	69 90.691     	98 92.820     	 7 91.211     	42 91.249     	 3 91.622     	11 91.651     	74 91.366     	29 109.741 PIT	47 91.319     	31 91.471     	80 91.009     	26 91.958     	13 91.376     	53 91.361     	 2 92.327     	81 110.585 PIT	82 92.148     	
Lap 33	20 89.794     	22 90.044     	21 90.804     	30 91.674     	14 89.849     	10 89.943     	 4 90.769     	94 91.977     	35 92.102     	19 90.738     	69 91.425     	98 92.835     	 7 91.556     	42 91.411     	 3 90.855     	29 91.617     	11 92.083     	31 91.656     	74 92.192     	80 91.829     	26 91.351     	47 93.076     	13 92.296     	53 91.354     	 2 92.129     	81 91.352     	82 92.311     	
Lap 34	20 89.688     	22 90.649     	21 90.026     	30 90.297     	14 90.397     	10 90.452     	 4 90.465     	94 91.128     	35 91.226     	19 91.618     	69 90.475     	98 90.653     	 7 91.431     	42 91.971     	 3 92.358     	29 92.011     	31 91.751     	11 91.858     	26 91.811     	74 92.249     	80 92.168     	47 91.231     	13 91.651     	 2 90.593     	53 92.009     	81 90.638     	82 92.400     	
Lap 35	20 89.740     	22 90.708     	21 90.054     	30 90.371     	14 90.207     	10 89.997     	 4 90.929     	94 91.102     	35 90.841     	19 91.572     	69 91.508     	98 90.789     	 7 91.563     	42 91.870     	 3 91.970     	29 91.348     	11 91.407     	26 91.485     	74 91.422     	31 92.212     	47 91.698     	80 92.170     	 2 91.386     	13 91.972     	81 91.000     	53 92.266     	82 92.883     	
Lap 36	20 90.384     	22 90.320     	21 89.864     	30 89.696     	14 90.666     	10 90.956     	 4 90.451     	94 91.666     	35 91.667     	19 91.661     	69 91.635     	98 90.329     	 7 90.498     	42 91.248     	 3 90.541     	29 91.564     	11 91.716     	74 91.535     	47 91.380     	31 91.853     	26 92.120     	80 91.392     	 2 91.299     	13 91.693     	81 92.121     	53 92.904     	82 92.692     	
Lap 37	20 89.679     	22 89.888     	21 90.527     	30 90.644     	14 89.947     	10 90.653     	 4 91.022     	35 91.588     	94 91.880     	19 91.434     	69 91.978     	98 93.110     	 7 90.572     	42 91.212     	 3 92.370     	29 91.178     	11 91.842     	47 91.308     	80 91.395     	74 92.372     	31 92.285     	26 92.253     	 2 91.438     	13 91.663     	81 91.633     	53 92.647     	82 92.894     	
Lap 38	20 90.142     	22 90.635     	21 90.822     	30 90.595     	14 89.875     	10 90.296     	 4 90.433     	35 91.372     	19 90.256     	94 91.680     	69 91.307     	98 91.619     	 7 92.495     	42 90.546     	 3 90.576     	29 90.927     	47 91.819     	11 92.241     	74 91.558     	80 92.049     	26 91.611     	31 91.825     	13 91.583     	 2 92.851     	81 90.964     	53 90.808     	82 92.901     	
Lap 39	20 89.762     	22 90.111     	21 90.065     	30 89.924     	14 90.361     	10 90.927     	 4 91.051     	35 91.166     	19 91.323     	94 91.341     	69 91.106     	98 90.470     	 7 91.731     	42 91.489     	 3 90.881     	29 91.202     	47 91.566     	11 91.937     	74 92.078     	80 92.124     	26 92.050     	31 92.022     	81 90.823     	 2 91.472     	13 91.893     	53 90.686     	82 92.995     	
Lap 40	20 89.846     	22 90.539     	21 90.688     	30 89.996     	14 90.810     	10 90.373     	 4 90.185     	19 91.254     	35 91.545     	94 91.983     	69 91.395     	98 91.217     	 7 91.634     	42 92.229     	 3 92.175     	29 90.411     	47 91.977     	11 91.584     	80 91.663     	74 92.255     	26 92.018     	31 92.082     	 2 91.606     	81 92.262     	13 92.300     	53 92.354     	82 93.160     	
Lap 41	20 89.957     	22 90.059     	21 90.461     	30 90.713     	14 90.130     	10 90.379     	 4 91.177     	19 92.093     	94 91.763     	35 93.186     	69 91.895     	98 93.058     	 7 92.175     	42 92.171     	29 90.889     	 3 92.748     	11 91.446     	47 92.273     	80 91.561     	74 91.772     	26 91.690     	31 91.889     	 2 92.067     	81 92.407     	13 91.806     	53 92.084     	82 93.049     	
Lap 42	20 90.351     	22 90.739     	21 90.101     	30 90.046     	14 90.345     	10 90.428     	 4 90.502     	19 91.616     	35 91.289     	94 92.329     	69 91.684     	98 91.105     	 7 91.483     	42 91.551     	29 92.265     	 3 92.659     	11 92.045     	47 91.568     	80 92.119     	26 91.883     	74 91.941     	 2 91.825     	31 92.250     	81 91.552     	13 92.175     	53 91.612     	82 93.118     	
Lap 43	20 90.386     	22 90.770     	21 90.408     	30 90.581     	14 90.672     	10 91.002     	 4 90.988     	19 91.778     	35 91.196     	94 91.557     	69 91.582     	98 91.091     	 7 91.934     	42 91.590     	29 91.487     	 3 93.059     	47 91.748     	11 92.199     	80 92.516     	 2 91.797     	81 91.624     	74 92.526     	31 91.786     	26 92.634     	53 91.718     	13 92.597     	82 93.171     	
Lap 44	20 90.490     	22 90.269     	21 90.928     	30 90.797     	14 90.208     	10 91.248     	 4 90.902     	19 92.374     	94 91.761     	35 92.954     	69 91.725     	98 93.197     	 7 91.581     	42 91.843     	29 90.617     	 3 90.925     	47 91.690     	11 91.683     	81 91.717     	31 91.675     	26 92.016     	 2 92.302     	80 92.539     	74 92.600     	13 92.072     	53 92.340     	82 92.836     	
Lap 45	20 90.512     	22 91.136     	21 90.662     	30 90.039     	14 90.815     	10 90.725     	 4 90.855     	19 91.796     	35 91.483     	94 91.976     	69 91.603     	98 90.913     	 7 92.319     	29 91.457     	42 92.271     	 3 91.310     	11 91.465     	47 92.489     	81 91.925     	31 91.887     	26 91.875     	80 91.942     	74 91.665     	 2 92.487     	13 92.297     	53 92.236     	82 92.664     	
Lap 46	20 90.368     	22 90.639     	21 91.563     	30 92.470     	14 90.619     	10 91.428     	 4 90.994     	19 91.788     	35 91.677     	69 91.444     	94 92.233     	98 90.790     	 7 91.897     	29 92.070     	42 92.806     	 3 90.928     	47 91.093     	11 92.483     	81 92.209     	31 92.456     	80 92.404     	26 92.534     	 2 92.141     	74 92.544     	53 92.037     	13 92.782     	82 93.010     	
Lap 47	20 90.442     	22 90.520     	21 90.955     	30 90.303     	14 90.297     	10 90.859     	 4 90.807     	35 91.689     	69 91.725     	19 92.406     	94 91.917     	98 92.849     	29 91.297     	 7 92.605     	42 91.716     	 3 92.599     	47 91.913     	11 91.571     	74 90.465     	81 91.891     	31 92.022     	26 92.488     	80 92.738     	 2 92.517     	53 92.408     	13 92.456     	82 92.854     	
Lap 48	20 90.394     	22 90.706     	21 90.938     	30 91.018     	14 90.273     	10 91.557     	 4 91.094     	35 92.410     	19 92.447     	69 92.647     	94 91.885     	98 91.403     	29 92.390     	 7 91.826     	42 92.232     	 3 91.556     	11 91.554     	47 92.418     	74 92.944     	81 92.696     	31 92.326     	26 92.029     	 2 92.198     	80 92.522     	53 92.006     	13 92.317     	82 93.072     	
Lap 49	20 90.301     	22 91.127     	21 91.230     	30 90.778     	14 90.864     	10 91.555     	 4 90.833     	35 91.549     	69 92.090     	19 92.317     	94 92.252     	98 93.011     	29 92.089     	 7 92.673     	42 92.794     	 3 92.311     	47 91.562     	11 92.493     	74 92.137     	31 92.354     	81 92.841     	26 92.394     	 2 92.399     	80 92.208     	13 91.215     	53 93.937     	82 93.351     	
Lap 50	20 90.431     	22 90.890     	21 91.730     	30 92.065     	14 91.075     	10 91.249     	 4 91.200     	35 91.753     	94 91.926     	69 92.336     	19 92.574     	98 91.549     	29 92.461     	 7 93.032     	42 92.090     	 3 92.761     	47 92.115     	11 92.179     	74 92.578     	31 92.586     	81 92.399     	26 92.298     	 2 92.560     	80 92.641     	13 92.351     	53 91.636     	82 92.882     	
Lap 51	20 90.334     	22 91.355     	21 90.758     	30 90.605     	14 90.824     	10 91.614     	 4 90.926     	35 90.732     	94 92.032     	69 92.174     	19 91.859     	98 93.693     	29 91.408     	42 92.003     	 7 92.892     	 3 93.370     	11 92.060     	47 92.976     	74 92.304     	81 92.028     	26 92.190     	31 92.993     	 2 92.450     	80 92.868     	13 92.289     	53 92.547     	82 93.379     	
Lap 52	20 90.505     	22 90.988     	21 91.984     	30 92.469     	14 91.461     	10 91.160     	 4 90.918     	35 91.311     	69 92.172     	19 92.308     	94 92.833     	98 91.442     	29 91.309     	42 92.640     	 7 92.728     	 3 91.849     	47 91.665     	11 92.665     	81 92.690     	74 93.129     	26 92.632     	31 92.490     	 2 92.786     	80 92.608     	13 92.953     	53 91.776     	82 92.942     	
Lap 53	20 91.252     	22 91.671     	21 91.368     	30 90.584     	14 91.557     	10 91.748     	 4 91.225     	35 91.003     	19 92.719     	98 91.147     	94 92.709     	29 91.615     	42 92.974     	 7 92.590     	 3 93.060     	69 102.130 PIT	11 91.595     	47 92.418     	81 92.116     	74 93.191     	26 93.173     	31 92.978     	 2 92.418     	80 92.548     	53 92.325     	13 92.702     	82 93.043     	
Lap 54	20 90.717     	22 91.781     	21 92.091     	30 92.729     	14 91.014     	10 91.073     	 4 91.818     	35 91.227     	94 92.003     	98 92.126     	19 92.975     	29 91.223     	 7 92.394     	42 92.574     	69 90.906     	 3 92.605     	47 91.395     	11 93.017     	81 92.001     	74 92.537     	 2 92.541     	31 92.983     	26 93.263     	80 92.456     	53 92.659     	13 93.457     	82 93.313     	
Lap 55	20 90.740     	22 91.407     	21 91.539     	30 91.961     	14 91.859     	10 91.165     	 4 91.719     	35 91.922     	98 92.612     	94 92.722     	19 92.929     	29 92.816     	69 91.946     	42 92.453     	 7 92.632     	 3 91.465     	47 91.457     	11 91.954     	81 91.833     	31 92.551     	74 93.255     	26 92.728     	 2 93.095     	80 93.118     	13 92.451     	53 94.030     	82 93.948     	
Lap 56	20 91.471     	22 91.632     	21 91.580     	30 92.034     	14 91.525     	10 91.281     	 4 91.904     	35 91.418     	94 92.851     	98 93.128     	29 92.055     	19 92.911     	69 91.638     	42 92.349     	 7 92.901     	 3 92.953     	47 92.233     	11 91.509     	81 91.815     	26 92.702     	31 93.293     	74 93.461     	 2 93.144     	80 93.181     	13 92.709     	53 93.337     	82 93.901     	
Lap 57	20 91.156     	22 91.129     	21 91.715     	14 91.700     	30 92.647     	10 91.892     	 4 91.400     	35 91.625     	98 92.745     	94 93.270     	19 92.674     	29 93.038     	69 91.574     	42 92.904     	47 91.608     	 7 92.763     	 3 92.837     	11 92.429     	81 92.080     	31 92.703     	 2 92.481     	26 93.472     	74 93.454     	80 93.334     	53 92.193     	13 93.260     	82 93.686     	
Lap 58	20 91.592     	22 91.460     	21 91.593     	14 92.306     	30 92.852     	10 92.255     	 4 92.293     	29 92.809     	19 92.857     	69 90.739     	35 108.237 PIT	42 92.873     	47 93.064     	 7 93.236     	11 91.786     	 3 93.073     	81 92.057     	 2 93.216     	94 110.343 PIT	98 110.792 PIT	26 93.007     	80 93.460     	53 93.560     	31 109.654 PIT	74 109.760 PIT	13 110.800 PIT	82 112.064 PIT	
Lap 59	20 91.022     	14 91.418     	30 91.227     	22 109.547 PIT	10 92.031     	21 109.701 PIT	 4 109.610 PIT	69 90.878     	29 92.661     	19 92.976     	35 90.734     	42 93.100     	47 93.640     	11 93.307     	 3 93.674     	81 92.221     	94 92.055     	98 92.224     	 2 93.055     	80 93.052     	53 94.130     	 7 110.326 PIT	31 91.184     	74 91.493     	26 110.308 PIT	13 91.617     	82 93.042     	
Lap 60	20 91.773     	30 91.462     	22 90.977     	10 92.170     	21 90.238     	14 108.420 PIT	 4 90.429     	69 91.438     	35 90.015     	29 93.119     	11 93.853     	81 92.526     	94 91.283     	98 91.605     	19 110.585 PIT	80 92.415     	53 92.212     	 7 91.004     	42 109.775 PIT	47 110.750 PIT	 3 111.257 PIT	31 90.494     	74 91.240     	26 92.529     	13 92.306     	 2 110.433 PIT	82 92.168     	
Lap 61	20 108.986 PIT	22 90.204     	10 92.074     	21 90.555     	14 90.571     	30 108.281 PIT	 4 90.268     	69 90.580     	35 91.572     	29 92.644     	81 92.452     	94 91.078     	98 92.102     	19 91.361     	80 93.511     	53 92.786     	 7 91.684     	42 91.615     	47 91.011     	 3 90.673     	11 110.186 PIT	31 90.272     	74 91.175     	13 91.855     	26 91.977     	 2 91.806     	82 92.029     	
Lap 62	20 90.160     	22 90.359     	21 89.982     	14 89.787     	30 90.343     	10 108.955 PIT	 4 90.665     	69 90.656     	35 90.472     	94 90.813     	98 91.029     	19 90.446     	29 109.737 PIT	80 94.109     	 7 91.842     	42 91.649     	47 90.707     	53 95.020     	 3 90.631     	31 91.262     	11 92.235     	81 109.963 PIT	74 91.201     	13 92.149     	26 92.119     	 2 92.482     	82 92.928     	
Lap 63	20 90.068     	22 90.275     	21 90.083     	14 90.636     	30 90.538     	 4 90.278     	10 91.295     	69 91.299     	35 90.591     	94 90.898     	98 90.175     	19 90.768     	29 90.580     	 7 91.508     	42 91.502     	47 91.462     	 3 91.625     	31 91.476     	11 91.562     	81 91.209     	74 91.087     	26 91.264     	13 91.942     	 2 92.071     	80 110.261 PIT	53 111.144 PIT	82 92.421     	
Lap 64	20 90.316     	22 90.184     	21 90.500     	14 90.527     	30 90.331     	10 89.910     	 4 91.457     	69 90.668     	35 90.257     	94 90.321     	98 90.633     	19 90.173     	29 90.750     	 7 91.381     	42 91.474     	47 91.298     	 3 90.426     	31 91.712     	11 91.812     	81 92.168     	74 91.167     	26 91.688     	 2 91.111     	13 92.038     	80 91.042     	53 90.767     	82 92.770     	
Lap 65	20 90.491     	22 90.436     	21 89.997     	14 90.141     	30 90.523     	 4 90.751     	10 91.639     	69 91.466     	35 92.527     	94 90.689     	98 90.338     	19 90.116     	29 90.912     	 3 90.663     	 7 91.546     	42 91.635     	47 91.728     	31 91.812     	11 92.267     	74 91.033     	81 91.736     	26 92.095     	13 91.339     	 2 92.159     	80 90.993     	53 90.914     	82 92.464     	

-- OFFICIAL RESULTS --
Pos	#No	Driver						Team					Time		Diff		Pits	Best
01	#20	MAC	Mac						Team Vincent			1:38:44.177	-0.000		2		89.679
02	#22	PHI	Philipe					Team Vincent			1:39:02.772	-18.595		2		89.738
03	#21	ORS	Orson					Team Vincent			1:39:09.558	-25.381		2		89.661
04	#14	HÚC	Daseno Húctu			Team Vikasani			1:39:12.993	-28.816		2		89.787
05	#30	WIS	Josh Wise				BONGATAR				1:39:15.532	-31.355		2		89.696
06	# 4	HIS	Moose for(i = 1;;i++) {	Team Moosii				1:39:28.169	-43.992		2		90.185
07	#10	DRI	Moose'; DROP TABLE driv	Team Moosii				1:39:28.398	-44.221		2		89.910
08	#69	SAN	Marisa Sanchez			Cows Go Moo Racing		1:39:50.677	-66.500		2		90.226
09	#35	AKA	Asaúni Akaleta			Team Vikasani			1:39:52.549	-68.372		2		90.015
10	#94	NES	At'ipi Nesbeksë			Team Diigikwk Racers	1:40:06.252	-82.074		2		90.321
11	#98	MOT	Gorga Motxev			Dotruga Formula Racing	1:40:07.326	-83.149		2		90.175
12	#19	ZAI	khélok atep zailunaɰ	Team Solea Racing		1:40:08.448	-84.271		2		90.116
13	#29	ALU	Sago Aludetsei			Dotruga Formula Racing	1:40:12.427	-88.250		2		90.411
14	# 3	BOB	Bob						BONGATAR				1:40:18.206	-94.029		2		90.426
15	# 7	BS=	Moose sudo dd if=/dev/z	Team Moosii				1:40:18.349	-94.172		2		90.498
16	#42	OOS	Frank Oosterhout		Cows Go Moo Racing		1:40:18.874	-94.697		2		90.546
17	#47	PAV	ketila léqa pavúteka	Team Solea Racing		1:40:19.025	-94.848		2		90.707
18	#31	ŠAŊ	xap'ít celentir šaŋév	Team Solea Racing		1:40:23.561	-99.384		2		90.272
19	#11	XIA	Tembio Xiahelvi			Dotruga Formula Racing	1:40:24.334	-100.157	2		91.102
20	#74	KON	Bařàsiz Konoca			Team Diigikwk Racers	1:40:24.771	-100.594	2		90.465
21	#81	KÆR	Lyǽs Kæræsekæræn		Team V.V. Imperial		1:40:24.881	-100.704	2		90.638
22	#26	ILI	Rikvisi Iliria			Team Vikasani			1:40:31.211	-107.034	2		90.899
23	#13	SWE	Vernika Swerq			Cows Go Moo Racing		1:40:31.473	-107.296	2		90.846
24	# 2	MOL	Paul Molthus			BONGATAR				1:40:32.036	-107.859	2		90.593
25	#80	AYA	Ifloenne é Aya			Team V.V. Imperial		1:40:35.898	-111.721	2		90.993
26	#53	TÀC	Ešuro Tàcràɰë			Team Diigikwk Racers	1:40:37.927	-113.749	2		90.686
27	#82	NUK	NUKKI					Team V.V. Imperial		1:41:22.057	-157.880	2		92.012

-- RACE INCIDENT REPORT --
Tembio Xiahelvi made a mistake while attempting an overtake on lap 4.
Asaúni Akaleta made a mistake while attempting an overtake on lap 5.
Moose for(i = 1;;i++) { made a mistake while attempting an overtake on lap 7.
Paul Molthus made a mistake while attempting an overtake on lap 14.
ketila léqa pavúteka made a mistake while attempting an overtake on lap 14.
Bob made a mistake while attempting an overtake on lap 15.
Josh Wise made a mistake while attempting an overtake on lap 19.
Paul Molthus made a mistake while attempting an overtake on lap 20.
Mac made a mistake on lap 32.
ketila léqa pavúteka made a mistake while attempting an overtake on lap 33.
Marisa Sanchez made a pit stop to repair damage caused by a large incident while attempting an overtake on lap 53.
