-- LAP TIMES --
Lap 1	30 85.643     	31 86.128     	35 86.062     	42 86.149     	22 85.975     	47 86.253     	 3 86.000     	11 85.907     	14 86.605     	20 86.725     	53 86.446     	98 86.216     	81 85.942     	29 86.654     	13 86.611     	19 86.379     	 2 86.907     	69 86.624     	26 86.977     	80 86.856     	74 87.127     	94 87.267     	21 87.970     	82 87.470     	
Lap 2	31 86.027     	30 86.560     	35 86.144     	47 86.131     	42 86.245     	 3 86.381     	14 86.357     	53 86.327     	22 86.728     	29 86.189     	98 86.318     	11 86.852     	81 86.439     	20 86.805     	13 86.675     	 2 86.580     	19 86.735     	69 86.838     	80 86.555     	74 86.834     	21 86.942     	26 87.488     	94 87.129     	82 87.302     	
Lap 3	31 85.635     	30 85.834     	42 86.243     	35 86.765     	81 85.821     	47 86.630     	14 86.153     	11 85.942     	53 86.353     	22 86.392     	20 86.064     	 3 86.765     	98 86.526     	29 86.855     	13 86.398     	 2 86.827     	69 86.514     	19 86.848     	80 86.641     	21 86.228     	94 86.678     	26 87.029     	74 87.594     	82 87.899     	
Lap 4	31 85.761     	30 86.378     	81 85.816     	47 85.885     	42 86.393     	11 86.435     	35 86.878     	20 86.354     	14 86.765     	22 86.690     	29 86.312     	53 86.925     	 3 86.946     	98 86.926     	 2 86.269     	80 86.188     	69 86.480     	13 87.152     	19 86.996     	21 86.844     	94 86.884     	26 86.802     	74 86.813     	82 87.385     	
Lap 5	31 86.184     	81 85.745     	30 86.681     	47 86.028     	42 86.394     	35 86.125     	14 86.263     	11 86.640     	20 86.608     	22 86.799     	29 86.964     	98 86.698     	 3 86.861     	 2 86.614     	53 87.259     	69 86.891     	80 86.915     	21 86.499     	19 86.730     	13 87.329     	94 86.740     	74 87.248     	26 87.711     	82 87.913     	
Lap 6	31 85.127     	81 86.242     	30 86.599     	47 86.628     	42 86.257     	35 86.108     	20 86.389     	14 86.765     	11 86.733     	29 86.050     	98 86.144     	 2 86.224     	 3 86.373     	22 86.849     	53 87.263     	21 86.366     	80 86.839     	69 87.273     	19 86.937     	94 86.311     	13 87.145     	74 86.802     	26 87.500     	82 87.888     	
Lap 7	31 85.696     	30 86.026     	81 86.686     	47 86.269     	22 84.871     	42 87.142     	35 87.042     	20 86.336     	14 86.822     	11 86.925     	29 86.972     	98 87.031     	 3 87.081     	 2 87.147     	80 86.180     	53 86.359     	19 86.235     	21 86.880     	69 86.864     	94 87.101     	13 87.366     	74 87.454     	26 87.544     	82 87.339     	
Lap 8	31 85.880     	30 86.500     	47 86.254     	81 86.602     	22 86.308     	42 86.872     	35 86.962     	20 86.997     	11 86.584     	14 86.886     	29 86.799     	98 86.775     	80 86.491     	 3 87.139     	 2 87.199     	21 86.454     	53 87.230     	19 86.829     	69 87.395     	13 86.908     	94 87.585     	74 87.050     	26 87.546     	82 87.827     	
Lap 9	31 85.352     	30 86.176     	81 86.268     	47 86.784     	22 86.292     	42 86.583     	35 86.725     	20 86.751     	11 86.537     	29 86.340     	14 87.199     	98 86.752     	80 86.519     	 3 86.267     	 2 87.102     	21 87.016     	19 86.941     	53 87.222     	94 85.585     	69 86.601     	13 87.464     	74 86.343     	26 86.154     	82 88.165     	
Lap 10	31 85.189     	22 85.116     	30 86.148     	81 86.461     	47 86.401     	35 86.228     	42 86.675     	20 86.507     	11 86.800     	29 86.813     	98 86.741     	 3 86.583     	14 87.275     	80 87.034     	 2 86.589     	19 86.478     	21 86.816     	53 86.628     	94 87.020     	69 87.567     	74 85.893     	13 87.196     	26 86.465     	82 87.374     	
Lap 11	31 85.577     	30 86.264     	47 85.476     	22 87.025     	81 86.661     	35 86.346     	42 86.602     	11 86.638     	20 87.253     	98 86.438     	 3 86.407     	29 87.087     	14 86.509     	80 86.829     	19 86.811     	53 86.831     	 2 87.341     	21 87.147     	69 86.665     	94 87.623     	74 87.648     	13 87.162     	26 86.255     	82 87.771     	
Lap 12	31 85.713     	47 86.219     	30 86.622     	81 86.547     	22 86.794     	35 86.582     	42 86.536     	11 86.370     	20 86.939     	 3 86.471     	29 86.720     	14 86.478     	98 87.125     	80 86.419     	21 85.698     	53 86.595     	19 86.970     	 2 86.875     	69 87.668     	94 87.528     	13 87.127     	26 87.127     	74 87.960     	82 87.828     	
Lap 13	31 85.757     	30 86.279     	22 85.886     	47 87.029     	81 86.975     	42 86.511     	35 86.944     	11 86.962     	20 86.751     	98 86.318     	 3 87.033     	80 86.551     	29 87.081     	14 87.323     	21 87.000     	19 86.525     	53 86.825     	 2 87.735     	69 87.357     	94 87.829     	13 87.243     	74 87.124     	26 87.635     	82 87.636     	
Lap 14	31 85.629     	30 86.649     	47 86.707     	22 87.069     	81 86.215     	42 86.794     	35 87.799     	11 87.033     	98 86.598     	20 87.221     	80 86.871     	29 86.932     	 3 87.315     	21 86.598     	14 87.318     	19 87.194     	 2 85.957     	53 88.619     	69 86.888     	13 86.912     	94 87.218     	74 87.233     	26 88.380     	82 87.829     	
Lap 15	31 85.923     	30 87.117     	47 87.079     	81 86.591     	22 87.130     	42 86.351     	35 86.635     	11 87.139     	20 86.559     	98 86.982     	29 86.667     	80 86.993     	 3 87.136     	21 87.131     	14 87.486     	19 86.972     	 2 87.294     	53 86.189     	69 87.005     	94 87.453     	13 87.757     	74 87.267     	26 86.814     	82 88.194     	
Lap 16	31 85.653     	30 86.619     	22 86.136     	81 86.957     	47 87.177     	42 86.222     	35 86.793     	11 86.573     	20 86.769     	29 86.764     	98 87.214     	80 87.445     	 3 87.165     	21 86.986     	14 87.463     	19 87.355     	 2 87.133     	53 87.543     	69 86.409     	13 87.110     	74 87.414     	94 88.736     	26 88.274     	82 87.838     	
Lap 17	31 86.064     	30 86.642     	47 85.733     	22 86.759     	81 86.562     	42 86.280     	35 87.499     	11 87.194     	98 86.905     	20 87.450     	21 85.966     	29 87.541     	 3 86.691     	80 86.791     	14 86.875     	19 87.008     	 2 86.966     	53 87.038     	69 87.307     	13 87.901     	74 87.925     	94 87.942     	26 87.613     	82 88.465     	
Lap 18	31 86.311     	47 86.838     	30 87.251     	22 86.847     	81 86.538     	42 86.575     	35 86.998     	11 87.059     	 3 87.110     	20 86.827     	21 87.198     	98 87.515     	29 86.826     	80 86.047     	19 87.735     	14 86.950     	53 87.725     	 2 87.124     	69 86.240     	13 87.605     	74 87.917     	94 87.469     	26 87.708     	
Lap 19	31 86.036     	47 86.510     	22 86.630     	81 86.723     	30 87.350     	42 87.125     	35 87.195     	11 86.990     	80 87.008     	21 87.722     	20 87.313     	98 86.919     	 3 87.788     	14 86.915     	 2 87.262     	19 87.163     	69 87.349     	53 88.522     	13 87.651     	74 87.435     	94 87.720     	26 87.689     	
Lap 20	31 86.000     	47 86.910     	30 86.858     	81 87.347     	22 87.590     	42 87.259     	11 87.528     	98 87.234     	80 88.258     	20 87.861     	21 87.423     	14 87.087     	 3 87.653     	 2 87.502     	19 87.479     	53 86.196     	69 88.259     	13 87.390     	74 87.822     	94 87.980     	26 88.151     	82 87.962     	
Lap 21	31 85.985     	47 87.310     	81 87.090     	22 86.959     	30 87.271     	42 86.994     	11 87.603     	80 87.035     	98 87.601     	20 87.333     	21 87.407     	14 87.326     	 3 87.647     	19 86.780     	 2 87.738     	53 87.630     	69 88.066     	13 86.640     	74 88.080     	94 87.560     	26 88.170     	82 88.047     	
Lap 22	31 86.525     	47 87.048     	81 86.913     	22 87.108     	30 87.325     	42 86.943     	11 87.682     	98 87.208     	80 87.733     	20 87.928     	21 87.809     	14 87.327     	 3 87.943     	19 87.373     	 2 88.359     	53 87.150     	69 87.390     	13 87.268     	94 88.196     	74 88.581     	26 87.157     	82 88.197     	
Lap 23	31 86.101     	47 86.981     	81 87.233     	22 87.184     	30 86.952     	42 87.934     	98 87.426     	11 87.846     	80 87.417     	20 87.173     	21 87.834     	14 87.811     	19 86.881     	 3 87.718     	 2 87.283     	53 87.545     	69 86.885     	13 87.415     	74 87.963     	94 88.241     	26 88.602     	82 89.090     	
Lap 24	31 86.603     	47 87.522     	30 87.341     	22 87.556     	81 87.804     	42 86.940     	80 87.297     	11 87.421     	20 87.284     	19 87.818     	21 88.143     	14 88.195     	 3 88.536     	 2 87.496     	53 87.499     	69 87.930     	13 86.789     	98 98.879 PIT	94 88.141     	74 88.460     	26 88.227     	82 88.654     	
Lap 25	31 102.716 PIT	47 87.247     	42 86.749     	81 88.232     	11 87.336     	80 87.869     	21 87.650     	14 88.457     	 2 87.726     	69 86.916     	53 88.039     	13 86.842     	22 104.044 PIT	98 86.132     	30 104.763 PIT	94 88.456     	74 88.486     	26 88.987     	20 104.965 PIT	19 105.105 PIT	 3 104.178 PIT	82 88.680     	
Lap 26	31 85.120     	42 87.684     	81 87.593     	80 87.396     	14 88.044     	13 87.600     	53 89.393     	47 104.123 PIT	98 86.657     	22 86.943     	30 86.733     	20 85.472     	11 104.994 PIT	19 87.115     	 3 86.898     	21 105.069 PIT	 2 105.058 PIT	69 105.343 PIT	74 105.249 PIT	26 104.222 PIT	94 105.695 PIT	82 106.099 PIT	
Lap 27	31 85.236     	81 87.840     	42 88.588     	14 87.109     	13 88.121     	47 86.156     	53 87.970     	22 86.504     	98 86.659     	30 86.231     	20 85.981     	11 85.594     	80 104.130 PIT	21 85.088     	19 86.471     	 3 86.797     	 2 86.487     	69 86.008     	74 87.012     	94 86.945     	26 87.037     	82 88.233     	
Lap 28	31 85.257     	47 86.067     	22 86.133     	98 86.338     	30 86.900     	81 104.916 PIT	20 85.427     	42 105.506 PIT	11 85.793     	80 86.756     	21 86.932     	19 86.976     	 3 86.843     	69 85.570     	 2 86.575     	14 104.704 PIT	13 105.483 PIT	53 105.301 PIT	94 86.562     	74 86.985     	26 87.356     	82 87.850     	
Lap 29	31 85.171     	47 85.574     	22 86.271     	98 86.712     	30 86.747     	20 86.812     	81 87.699     	42 87.027     	11 87.115     	80 86.087     	21 86.712     	19 86.296     	 3 86.427     	69 86.652     	 2 86.372     	14 86.363     	13 86.802     	53 86.672     	94 86.770     	74 86.899     	26 87.104     	82 87.954     	
Lap 30	31 85.623     	47 85.676     	22 86.812     	98 86.559     	30 87.180     	81 86.075     	20 86.991     	42 86.396     	11 85.441     	80 85.445     	19 86.221     	21 86.630     	 3 86.868     	69 86.584     	14 85.728     	 2 87.016     	13 86.380     	53 86.634     	94 87.440     	74 87.563     	26 87.777     	82 87.899     	
Lap 31	31 85.284     	47 85.073     	22 86.516     	30 84.879     	98 87.536     	81 86.171     	20 86.133     	42 86.425     	80 85.697     	11 87.085     	21 86.264     	19 87.068     	 3 86.482     	14 86.689     	69 87.235     	 2 87.198     	53 86.535     	13 86.974     	94 86.819     	74 86.464     	26 86.424     	82 87.519     	
Lap 32	31 85.283     	47 85.067     	22 85.985     	98 86.103     	81 86.486     	20 86.555     	42 86.721     	11 86.780     	80 87.031     	21 86.601     	30 97.568 PIT	19 86.750     	 3 87.320     	14 86.925     	69 86.732     	 2 86.693     	53 86.707     	13 86.667     	74 86.840     	94 87.150     	26 87.222     	82 87.834     	
Lap 33	31 85.232     	47 85.753     	22 85.696     	98 85.783     	81 85.818     	20 86.657     	42 86.732     	80 86.136     	11 86.392     	21 86.438     	30 86.203     	19 87.217     	 3 86.267     	69 86.512     	14 86.713     	 2 87.394     	53 86.676     	13 86.569     	74 87.105     	94 87.393     	26 86.782     	82 87.194     	
Lap 34	31 85.330     	47 85.985     	22 85.381     	98 86.251     	81 85.005     	20 86.518     	42 86.573     	11 86.729     	80 86.914     	30 86.316     	21 87.114     	19 86.419     	 3 87.508     	14 86.644     	69 87.313     	 2 85.797     	13 86.706     	53 87.127     	74 87.402     	94 87.542     	26 87.672     	82 87.748     	
Lap 35	31 85.725     	47 85.062     	22 85.575     	98 85.591     	81 85.456     	20 86.664     	42 86.645     	11 86.166     	80 86.144     	30 86.090     	21 86.375     	19 86.441     	 3 86.814     	14 86.962     	69 87.349     	 2 87.416     	13 86.902     	53 87.213     	74 87.254     	94 87.535     	26 87.559     	82 87.791     	
Lap 36	31 85.765     	47 85.279     	22 85.609     	98 86.280     	81 84.998     	11 86.783     	20 86.931     	42 86.648     	80 85.965     	30 86.275     	21 86.250     	19 85.573     	 3 86.514     	69 87.341     	14 87.043     	 2 86.690     	13 87.008     	53 86.423     	74 87.227     	94 87.330     	26 87.564     	
Lap 37	31 85.440     	47 85.985     	22 86.245     	98 85.529     	20 86.554     	80 86.657     	42 86.371     	11 86.978     	30 86.596     	21 86.461     	19 86.837     	 3 85.736     	14 86.421     	 2 86.588     	69 86.208     	53 86.802     	13 87.435     	74 87.835     	94 87.083     	26 87.253     	82 87.770     	
Lap 38	31 85.334     	47 85.475     	22 85.499     	98 86.248     	20 86.728     	80 86.470     	42 86.387     	11 86.626     	30 86.190     	21 86.608     	19 86.985     	 3 86.010     	14 86.387     	 2 86.492     	69 86.644     	53 86.732     	13 86.943     	94 87.229     	74 87.484     	26 86.473     	82 88.268     	
Lap 39	31 85.475     	47 85.619     	22 85.559     	98 85.953     	20 86.610     	80 86.696     	42 87.151     	11 86.090     	30 86.676     	21 87.051     	19 87.364     	 3 87.753     	14 87.018     	 2 86.673     	69 86.705     	53 87.220     	13 86.773     	94 87.501     	74 87.529     	26 88.022     	82 88.361     	
Lap 40	31 85.811     	47 86.014     	22 86.199     	98 85.978     	80 86.747     	20 87.327     	42 86.866     	11 87.205     	30 85.304     	21 86.008     	19 86.515     	 3 85.940     	14 86.606     	69 86.666     	 2 87.105     	53 87.036     	13 87.342     	94 87.096     	74 87.690     	26 87.697     	82 87.685     	
Lap 41	31 86.245     	47 86.233     	22 86.051     	98 86.153     	42 86.636     	80 87.384     	20 87.507     	30 86.409     	11 87.134     	21 86.575     	19 86.855     	 3 87.710     	14 86.587     	 2 87.044     	69 87.506     	53 87.525     	13 87.080     	94 87.069     	74 87.772     	26 88.044     	82 87.600     	
Lap 42	31 85.797     	47 85.872     	22 86.069     	98 86.019     	42 86.676     	30 86.535     	80 87.245     	20 86.770     	11 87.138     	21 86.134     	19 86.676     	 3 86.750     	14 86.341     	69 86.808     	 2 87.147     	53 86.715     	13 87.196     	94 87.174     	74 87.063     	26 87.318     	82 88.412     	
Lap 43	31 85.661     	47 86.439     	22 85.863     	98 87.697     	42 86.676     	30 86.736     	20 87.087     	80 87.217     	11 86.778     	21 86.434     	19 86.383     	 3 87.071     	14 86.563     	69 87.028     	 2 87.404     	53 87.293     	13 87.714     	94 86.723     	74 86.767     	26 87.268     	82 87.956     	
Lap 44	31 85.679     	47 86.216     	22 86.506     	98 86.454     	30 86.189     	42 87.064     	21 86.216     	11 86.658     	20 87.214     	80 87.322     	19 86.548     	14 86.103     	 3 87.545     	69 87.253     	 2 87.900     	53 86.324     	13 86.975     	94 86.839     	74 87.320     	26 87.174     	82 88.512     	
Lap 45	31 86.085     	47 86.391     	22 86.745     	98 86.264     	30 86.485     	42 86.747     	11 86.758     	21 86.835     	20 87.397     	19 86.663     	80 89.451     	14 85.816     	 3 86.557     	 2 85.942     	69 87.158     	53 86.407     	13 86.560     	94 86.583     	74 87.442     	26 87.004     	82 87.897     	
Lap 46	31 86.437     	47 85.678     	22 85.971     	98 86.350     	30 87.057     	42 87.575     	11 86.791     	21 87.242     	20 87.311     	80 87.060     	19 87.789     	14 87.280     	 3 86.566     	69 86.944     	 2 87.694     	53 86.145     	13 86.734     	94 86.485     	74 87.312     	26 87.232     	82 88.425     	
Lap 47	31 86.552     	47 86.441     	22 86.531     	98 87.086     	30 85.937     	42 87.774     	11 87.738     	21 87.304     	20 87.762     	80 87.436     	19 87.714     	14 87.444     	 3 86.490     	69 88.218     	 2 88.207     	53 86.518     	13 86.348     	94 86.758     	74 87.105     	26 87.674     	82 88.545     	
Lap 48	31 85.963     	47 87.438     	22 86.545     	98 86.711     	30 85.469     	42 87.211     	21 86.882     	11 87.546     	20 86.503     	80 87.110     	19 87.590     	14 87.735     	 3 88.304     	69 88.337     	53 86.952     	 2 88.305     	13 86.510     	94 86.797     	74 86.833     	26 86.913     	82 88.383     	
Lap 49	31 86.707     	47 86.393     	22 87.120     	30 86.067     	42 87.710     	11 87.401     	21 88.098     	20 87.213     	98 103.492 PIT	80 86.379     	19 87.350     	14 87.295     	 3 88.245     	53 87.337     	69 88.156     	 2 88.412     	13 87.381     	94 87.721     	74 87.073     	26 87.389     	82 88.762     	
Lap 50	31 86.480     	47 86.781     	30 86.267     	22 103.304 PIT	98 86.283     	42 87.405     	11 87.554     	21 88.106     	80 87.886     	14 87.768     	 3 86.971     	53 87.827     	69 88.057     	13 87.220     	 2 87.913     	20 107.614 PIT	19 104.784 PIT	94 87.083     	74 87.105     	26 87.600     	82 88.361     	
Lap 51	31 104.043 PIT	47 86.250     	30 86.248     	22 85.334     	98 86.800     	42 87.454     	21 86.957     	80 86.790     	14 86.286     	 3 87.016     	53 87.826     	13 88.297     	11 104.801 PIT	20 86.469     	19 86.833     	26 88.008     	69 104.805 PIT	 2 104.595 PIT	94 104.864 PIT	74 105.090 PIT	82 105.637 PIT	
Lap 52	31 85.112     	47 103.808 PIT	22 85.058     	30 86.359     	98 86.598     	42 87.923     	80 86.586     	21 88.719     	14 86.751     	53 86.704     	13 87.133     	11 85.752     	20 85.399     	19 85.779     	 3 103.704 PIT	69 86.998     	 2 87.332     	94 86.168     	74 86.578     	26 106.209 PIT	82 87.770     	
Lap 53	31 85.663     	47 85.492     	22 86.708     	30 87.693     	98 86.030     	21 87.030     	14 87.482     	53 87.611     	13 87.146     	11 86.031     	20 85.371     	19 85.789     	42 105.017 PIT	80 104.901 PIT	 3 85.878     	69 87.308     	 2 86.787     	94 86.146     	74 85.811     	26 86.483     	82 87.444     	
Lap 54	31 85.554     	47 85.320     	22 85.609     	30 86.225     	98 85.985     	53 87.543     	13 87.788     	11 86.469     	20 86.483     	19 86.846     	80 86.492     	42 86.954     	 3 85.436     	21 104.791 PIT	14 104.387 PIT	69 86.379     	 2 86.986     	94 86.168     	74 86.340     	26 85.896     	82 87.446     	
Lap 55	31 85.216     	47 85.457     	22 85.324     	30 86.747     	98 85.601     	53 87.439     	11 86.130     	20 85.778     	19 86.575     	80 86.734     	 3 86.103     	42 86.756     	21 85.742     	14 85.774     	69 86.933     	 2 87.063     	13 105.766 PIT	94 85.780     	74 86.577     	26 86.176     	82 87.341     	
Lap 56	31 85.038     	47 85.328     	22 85.290     	30 86.086     	98 85.691     	11 86.050     	53 88.044     	20 86.704     	21 85.833     	80 86.662     	19 87.201     	 3 86.857     	42 86.889     	14 85.972     	69 86.114     	 2 85.632     	13 86.095     	94 86.410     	74 86.674     	26 85.965     	82 87.725     	
Lap 57	31 85.188     	47 85.776     	22 85.493     	30 86.868     	98 86.123     	11 86.134     	20 86.844     	80 86.519     	21 86.943     	42 86.261     	19 86.992     	 3 86.934     	14 86.362     	69 87.128     	 2 87.180     	13 86.052     	53 106.289 PIT	94 86.637     	74 86.476     	26 86.010     	82 87.156     	
Lap 58	31 85.350     	47 85.317     	22 86.050     	30 86.906     	98 86.124     	11 85.544     	20 85.878     	14 85.905     	21 86.656     	80 86.706     	42 86.681     	 3 86.704     	19 87.133     	69 87.288     	 2 87.213     	13 85.632     	53 86.196     	94 86.117     	74 86.364     	26 86.084     	82 87.763     	
Lap 59	31 85.630     	47 85.531     	22 85.245     	98 86.151     	30 104.312 PIT	11 85.276     	20 85.876     	80 86.489     	19 85.585     	21 86.814     	14 86.971     	42 86.847     	 3 86.937     	 2 86.391     	69 87.231     	13 86.346     	53 86.281     	94 85.925     	74 86.714     	26 86.591     	82 87.630     	
Lap 60	31 85.385     	47 85.058     	22 86.136     	98 85.893     	30 85.956     	11 85.379     	20 86.398     	80 86.201     	21 86.508     	42 86.608     	19 87.186     	14 86.876     	 3 87.123     	 2 86.717     	69 87.091     	13 86.617     	53 86.200     	94 85.948     	74 86.128     	26 86.619     	82 87.655     	
Lap 61	31 85.576     	47 85.939     	22 85.730     	98 86.203     	30 85.372     	11 85.758     	20 85.780     	21 86.406     	80 87.045     	42 86.639     	14 86.576     	19 87.264     	 3 87.010     	 2 86.724     	69 86.842     	13 87.315     	53 86.587     	94 87.036     	74 86.708     	26 87.010     	82 87.848     	
Lap 62	31 85.131     	47 86.036     	22 85.566     	98 86.106     	30 85.585     	11 86.358     	20 85.962     	21 86.735     	80 87.242     	14 86.681     	42 86.846     	19 87.111     	 3 87.097     	 2 86.564     	69 87.534     	53 85.861     	13 87.274     	94 86.412     	74 86.919     	26 86.871     	82 88.223     	
Lap 63	31 85.502     	47 86.080     	22 85.683     	98 86.242     	30 85.803     	11 86.411     	20 86.292     	21 86.377     	80 86.549     	14 86.834     	42 87.221     	19 86.513     	 3 86.897     	 2 85.780     	53 86.525     	13 86.793     	69 87.375     	94 86.013     	74 86.199     	26 86.888     	82 88.065     	
Lap 64	31 85.479     	47 85.752     	22 86.201     	98 86.235     	30 85.161     	11 86.202     	20 86.227     	21 86.806     	14 86.463     	80 87.149     	42 86.772     	 3 85.618     	19 87.207     	 2 85.980     	13 86.893     	53 87.336     	69 87.459     	94 87.339     	74 86.865     	26 87.154     	82 87.421     	
Lap 65	31 85.851     	47 85.307     	22 85.642     	98 86.489     	30 85.002     	11 85.900     	20 85.984     	21 86.908     	14 86.741     	42 86.485     	80 87.086     	19 85.977     	 3 86.650     	 2 85.845     	53 86.815     	13 87.046     	69 87.008     	94 87.406     	74 86.649     	26 87.215     	82 87.523     	
Lap 66	31 85.649     	47 86.268     	22 86.003     	98 86.537     	30 85.665     	11 86.021     	20 85.886     	21 86.508     	42 86.576     	80 86.570     	14 87.221     	19 87.635     	 3 88.029     	 2 86.053     	13 86.710     	53 87.424     	69 87.034     	94 86.785     	74 86.925     	26 86.905     	82 88.151     	
Lap 67	31 86.142     	47 86.106     	22 85.609     	98 86.246     	30 85.148     	11 85.913     	20 86.468     	21 85.922     	42 86.690     	80 87.212     	14 87.238     	19 87.286     	 3 87.332     	 2 86.717     	13 87.110     	53 87.293     	69 87.559     	94 87.356     	74 86.684     	26 86.457     	82 87.590     	
Lap 68	31 85.723     	47 85.785     	22 85.955     	98 86.076     	30 85.750     	11 86.476     	20 86.663     	21 85.694     	42 87.486     	80 86.976     	14 87.124     	19 87.050     	 3 87.528     	 2 86.805     	53 86.527     	13 87.677     	94 87.096     	69 87.550     	74 86.705     	26 87.213     	82 88.607     	
Lap 69	31 86.330     	47 86.346     	22 85.965     	98 86.769     	30 85.344     	11 86.588     	20 86.485     	21 86.071     	42 87.098     	80 87.277     	19 86.608     	14 87.817     	 3 85.841     	 2 86.688     	53 87.459     	13 87.461     	94 87.554     	69 87.885     	74 86.799     	26 86.656     	82 87.902     	
Lap 70	31 86.063     	47 86.182     	22 86.525     	98 86.210     	30 85.893     	11 86.477     	20 86.048     	21 86.656     	42 87.621     	80 87.367     	14 86.971     	19 87.263     	 3 87.304     	 2 86.816     	53 87.609     	13 87.448     	69 87.667     	94 88.243     	74 87.320     	26 87.203     	82 88.171     	
Lap 71	31 86.414     	47 86.198     	22 86.419     	98 86.448     	30 85.971     	11 86.483     	20 86.409     	21 86.630     	42 86.971     	80 87.557     	14 87.544     	19 87.385     	 3 87.453     	 2 86.451     	53 87.085     	13 87.001     	69 87.669     	94 87.479     	74 87.217     	26 87.517     	82 88.536     	
Lap 72	31 86.504     	47 85.929     	22 86.143     	98 86.507     	30 85.719     	11 86.560     	20 86.560     	21 86.413     	42 87.563     	80 86.910     	19 87.347     	14 87.491     	 3 87.951     	 2 87.004     	53 87.485     	13 87.326     	94 87.570     	69 87.841     	74 87.090     	26 86.755     	82 88.237     	
Lap 73	31 86.240     	47 86.299     	22 86.608     	98 86.914     	30 85.229     	11 86.788     	20 86.867     	21 86.895     	42 87.273     	80 87.837     	19 87.341     	 3 86.603     	14 87.733     	 2 86.964     	53 87.109     	13 87.729     	94 87.911     	69 88.171     	74 87.562     	26 87.695     	82 88.215     	
Lap 74	31 86.181     	47 86.434     	22 87.105     	98 86.806     	30 85.890     	11 86.430     	20 86.574     	21 86.147     	42 87.275     	80 87.422     	14 86.897     	19 87.662     	 3 87.618     	 2 86.279     	53 87.003     	13 87.232     	94 87.901     	69 88.199     	74 87.516     	26 87.535     	82 88.458     	
Lap 75	31 85.932     	47 86.366     	30 85.543     	22 103.942 PIT	11 86.750     	98 103.624 PIT	21 86.776     	42 87.383     	14 87.398     	80 87.913     	20 104.784 PIT	19 87.860     	 3 87.725     	 2 87.054     	53 87.066     	13 87.365     	69 87.562     	94 88.657     	74 88.011     	26 87.642     	82 88.768     	

-- OFFICIAL RESULTS --
Pos	#No	Driver						Team					Time		Diff		Pits	Best
01	#31	ŠAŊ	xap'ít celentir šaŋév	Team Solea Racing		1:47:47.162	-0.000		2		85.038
02	#47	PAV	ketila léqa pavúteka	Team Solea Racing		1:48:16.502	-29.340		2		85.058
03	#30	WIS	Josh Wise				BONGATAR				1:48:39.358	-52.195		3		84.879
04	#22	PHI	Philipe					Team Vincent			1:48:40.213	-53.051		3		84.871
05	#11	XIA	Tembio Xiahelvi			Dotruga Formula Racing	1:48:53.378	-66.216		2		85.276
06	#98	MOT	Gorga Motxev			Dotruga Formula Racing	1:48:54.511	-67.349		3		85.529
07	#21	ORS	Orson					Team Vincent			1:49:04.291	-77.129		2		85.088
08	#42	OOS	Frank Oosterhout		Cows Go Moo Racing		1:49:13.550	-86.387		2		86.149
09	#14	HÚC	Daseno Húctu			Team Vikasani			1:49:14.595	-87.433		2		85.728
10	#80	AYA	Ifloenne é Aya			Team V.V. Imperial		1:49:14.830	-87.668		2		85.445
11	#20	MAC	Mac						Team Vincent			1:49:15.189	-88.027		3		85.371
12	#19	ZAI	khélok atep zailunaɰ	Team Solea Racing		1:49:15.303	-88.141		2		85.573
13	# 3	BOB	Bob						BONGATAR				1:49:15.521	-88.359		2		85.436
14	# 2	MOL	Paul Molthus			BONGATAR				1:49:16.892	-89.730		2		85.632
15	#53	TÀC	Ešuro Tàcràɰë			Team Diigikwk Racers	1:49:27.160	-99.998		2		85.861
16	#13	SWE	Vernika Swerq			Cows Go Moo Racing		1:49:28.332	-101.170	2		85.632
17	#69	SAN	Marisa Sanchez			Cows Go Moo Racing		1:49:33.235	-106.073	2		85.570
18	#94	NES	At'ipi Nesbeksë			Team Diigikwk Racers	1:49:33.533	-106.371	2		85.585
19	#74	KON	Bařàsiz Konoca			Team Diigikwk Racers	1:49:33.728	-106.566	2		85.811
20	#26	ILI	Rikvisi Iliria			Team Vikasani			1:49:39.246	-112.084	2		85.896
21	#82	NUK	NUKKI					Team V.V. Imperial		1:50:33.731	-166.569	2		87.156
22	#81	KÆR	Lyǽs Kæræsekæræn		Team V.V. Imperial		RETIRED		DNF			1		84.998
23	#35	AKA	Asaúni Akaleta			Team Vikasani			RETIRED		DNF			0		86.062
24	#29	ALU	Sago Aludetsei			Dotruga Formula Racing	RETIRED		DNF			0		86.050

-- RACE INCIDENT REPORT --
Orson made a mistake while attempting an overtake on lap 1.
At'ipi Nesbeksë made a mistake while attempting an overtake on lap 16.
Sago Aludetsei crashed out while attempting an overtake on lap 18.
Asaúni Akaleta crashed out while attempting an overtake on lap 19.
Ifloenne é Aya made a mistake while attempting an overtake on lap 20.
Gorga Motxev made a pit stop to repair damage caused by a large incident while attempting an overtake on lap 24.
Lyǽs Kæræsekæræn made a mistake while attempting an overtake on lap 29.
Josh Wise made a pit stop to repair damage caused by a large incident while attempting an overtake on lap 32.
Lyǽs Kæræsekæræn crashed out on lap 36.
Gorga Motxev made a mistake on lap 43.
Ifloenne é Aya made a mistake while attempting an overtake on lap 45.
ketila léqa pavúteka made a mistake on lap 48.
Mac made a mistake while attempting an overtake on lap 50.
Orson made a mistake while attempting an overtake on lap 52.
khélok atep zailunaɰ made a mistake while attempting an overtake on lap 56.
