-- LAP TIMES --
Lap 1	31 77.859     	19 78.325     	80 78.406     	81 78.332     	47 78.658     	21 78.465     	20 78.636     	22 78.844     	42 78.431     	29 78.995     	98 79.020     	11 78.741     	14 78.896     	30 79.063     	35 79.197     	13 78.991     	53 79.120     	 2 79.266     	74 79.203     	69 79.308     	 3 79.476     	94 79.616     	82 79.763     	26 79.946     	
Lap 2	31 78.611     	47 78.002     	22 78.153     	19 78.766     	42 78.253     	81 78.576     	80 78.759     	20 78.793     	98 78.393     	21 79.185     	11 78.516     	30 78.469     	35 78.745     	14 78.990     	29 79.131     	53 78.888     	 2 78.993     	13 79.202     	 3 79.056     	94 79.060     	69 79.356     	74 79.687     	26 79.341     	82 80.282     	
Lap 3	47 78.286     	80 78.150     	31 78.748     	81 78.357     	19 78.544     	22 78.788     	42 78.616     	20 78.430     	11 78.648     	98 79.247     	21 79.134     	30 78.976     	14 79.021     	53 78.713     	35 79.250     	29 79.351     	 2 79.087     	13 79.377     	69 78.882     	 3 79.610     	74 79.243     	94 79.644     	26 79.989     	82 80.594     	
Lap 4	47 78.712     	22 78.141     	31 78.655     	80 78.737     	42 78.494     	81 78.979     	19 78.922     	20 78.906     	11 78.774     	21 78.963     	30 78.949     	98 79.258     	35 78.883     	14 79.260     	 2 78.809     	53 79.400     	29 79.065     	13 79.103     	69 79.263     	94 78.673     	 3 79.588     	74 79.934     	26 79.163     	82 79.809     	
Lap 5	47 78.585     	31 78.398     	80 78.522     	22 79.047     	19 78.472     	42 78.848     	81 78.791     	20 78.943     	11 79.096     	21 78.823     	98 78.603     	30 79.020     	 2 78.885     	29 78.839     	35 79.485     	53 79.173     	14 79.373     	13 79.157     	69 79.340     	94 79.517     	 3 78.811     	74 80.010     	26 80.010     	82 80.008     	
Lap 6	47 78.584     	22 78.123     	31 78.764     	80 78.872     	42 78.422     	19 78.727     	81 78.824     	20 78.853     	11 78.879     	98 78.713     	30 78.906     	21 79.162     	 2 79.035     	35 79.043     	14 79.142     	53 79.617     	13 79.575     	29 80.865     	94 79.253     	69 79.546     	 3 79.940     	74 80.000     	26 81.180     	82 80.484     	
Lap 7	47 78.331     	22 78.457     	31 78.620     	42 78.356     	80 78.563     	19 78.932     	81 78.556     	20 79.192     	98 78.448     	11 78.737     	21 78.592     	30 78.821     	35 78.705     	 2 79.080     	14 79.061     	53 79.457     	29 78.730     	13 79.207     	69 78.880     	94 79.482     	 3 79.473     	74 78.765     	26 79.101     	82 80.339     	
Lap 8	47 78.474     	31 78.087     	42 78.386     	22 78.914     	19 78.187     	80 78.867     	81 78.900     	20 78.491     	98 78.722     	21 78.765     	11 79.413     	30 78.831     	35 79.273     	 2 79.438     	29 78.614     	14 79.702     	53 79.200     	13 79.031     	69 79.807     	94 79.687     	 3 79.024     	74 78.144     	26 78.843     	82 80.309     	
Lap 9	47 78.031     	31 78.256     	42 78.459     	80 78.269     	22 78.916     	19 78.706     	20 78.326     	81 79.308     	98 78.926     	30 78.415     	11 79.021     	21 79.169     	35 79.605     	29 78.835     	 2 79.847     	14 79.652     	53 79.717     	13 79.831     	74 78.399     	69 79.254     	 3 78.960     	94 79.032     	26 78.529     	82 80.409     	
Lap 10	47 78.706     	31 78.771     	42 78.477     	22 78.260     	80 78.758     	19 79.111     	20 78.557     	81 78.627     	98 79.287     	21 78.722     	30 79.275     	11 79.178     	35 79.115     	 2 78.999     	29 79.473     	14 78.994     	53 79.071     	13 79.146     	94 78.724     	 3 79.171     	69 79.404     	74 79.690     	26 78.759     	82 80.331     	
Lap 11	47 78.890     	31 78.573     	42 78.895     	80 78.497     	22 79.156     	19 78.556     	20 78.865     	81 79.733     	30 78.629     	21 78.835     	98 79.252     	11 79.505     	35 79.230     	 2 79.217     	29 79.294     	53 79.290     	13 79.172     	74 78.930     	94 79.559     	69 79.116     	 3 79.449     	26 78.869     	14 82.682     	82 80.665     	
Lap 12	47 78.542     	31 78.364     	42 78.884     	80 78.565     	22 78.447     	19 79.119     	20 78.627     	81 78.506     	30 78.692     	21 79.211     	98 79.338     	11 79.629     	29 78.776     	35 79.515     	 2 79.562     	13 79.714     	53 79.863     	69 79.252     	 3 79.466     	74 80.743     	94 81.402     	26 80.317     	14 79.985     	82 80.856     	
Lap 13	31 77.912     	47 78.716     	22 78.666     	80 79.093     	42 79.384     	19 78.444     	20 79.396     	81 78.566     	30 79.386     	21 79.498     	98 80.044     	11 78.852     	29 79.684     	35 79.519     	 2 79.764     	53 78.966     	69 79.262     	13 79.422     	 3 79.758     	74 80.181     	26 79.485     	94 80.102     	14 79.871     	82 80.777     	
Lap 14	31 78.717     	47 78.007     	80 79.061     	22 79.327     	42 79.128     	19 78.739     	20 78.655     	81 79.676     	30 78.812     	21 79.655     	98 78.903     	11 79.769     	29 79.009     	35 79.694     	 2 79.940     	69 79.306     	53 79.937     	13 79.964     	 3 79.098     	74 79.922     	94 79.259     	26 79.619     	14 80.196     	82 80.315     	
Lap 15	47 77.965     	31 78.430     	22 78.841     	80 78.869     	42 78.941     	19 79.008     	20 78.158     	81 79.234     	30 78.985     	98 79.147     	21 79.712     	11 79.624     	29 79.404     	35 79.119     	 2 80.045     	53 79.465     	69 79.879     	 3 79.485     	13 79.792     	94 79.313     	74 79.700     	14 78.439     	26 80.224     	82 80.232     	
Lap 16	47 78.430     	31 78.231     	22 78.618     	19 78.692     	42 78.926     	80 79.530     	20 79.318     	30 78.434     	81 79.001     	98 79.051     	21 79.738     	11 79.713     	29 78.921     	35 80.129     	69 79.166     	 2 79.414     	53 79.543     	13 78.769     	 3 79.540     	74 79.581     	94 80.165     	14 79.527     	26 80.486     	82 80.799     	
Lap 17	31 77.916     	47 78.631     	22 79.242     	42 78.971     	19 79.145     	80 78.782     	20 79.608     	30 78.801     	81 79.216     	98 78.278     	21 79.432     	11 79.608     	29 79.061     	35 78.592     	53 79.170     	13 79.241     	 3 78.887     	69 79.923     	 2 80.117     	74 79.652     	94 79.428     	14 79.551     	26 79.328     	82 80.522     	
Lap 18	47 78.299     	31 79.096     	22 79.052     	80 79.214     	42 79.322     	19 79.493     	20 78.699     	30 78.930     	81 79.212     	98 78.247     	21 78.664     	11 79.003     	29 79.084     	35 78.800     	13 79.656     	69 79.410     	53 80.003     	 3 79.926     	94 80.171     	74 80.509     	 2 80.264     	14 79.957     	26 79.826     	
Lap 19	31 78.116     	47 78.480     	22 79.208     	80 79.396     	42 79.345     	19 79.225     	20 79.226     	30 78.852     	81 78.798     	98 79.138     	21 78.613     	29 79.652     	11 79.973     	35 80.674     	13 79.473     	69 79.689     	53 79.905     	 3 80.129     	14 79.504     	94 79.933     	74 79.895     	26 80.942     	82 80.342     	
Lap 20	47 78.808     	31 78.982     	22 78.813     	80 78.846     	19 79.256     	42 79.791     	20 79.773     	30 79.410     	81 79.641     	98 79.287     	21 78.409     	29 79.190     	35 78.606     	11 80.497     	13 80.010     	53 79.718     	69 80.183     	 3 80.149     	14 79.943     	74 79.557     	94 80.182     	26 81.404     	82 80.398     	
Lap 21	31 78.057     	47 78.750     	22 78.830     	80 79.314     	19 79.282     	42 79.717     	20 79.622     	30 79.150     	81 79.701     	98 79.235     	21 78.423     	29 79.028     	35 79.504     	11 80.161     	13 79.502     	53 79.396     	69 79.958     	 3 80.668     	14 79.649     	74 79.753     	94 80.245     	26 79.740     	82 81.009     	
Lap 22	31 79.377     	47 78.886     	22 78.749     	80 79.578     	19 79.347     	42 79.055     	20 79.254     	30 79.462     	81 79.259     	98 79.957     	21 79.471     	29 78.527     	35 79.625     	11 80.157     	13 79.822     	53 79.864     	69 80.168     	 3 79.644     	14 80.332     	74 80.226     	94 79.718     	26 79.814     	82 80.957     	
Lap 23	47 78.560     	31 78.731     	22 78.490     	19 79.010     	80 79.559     	42 79.541     	20 79.347     	30 79.581     	81 79.094     	98 79.722     	21 79.802     	29 78.499     	35 78.938     	11 79.163     	53 79.976     	13 80.312     	69 80.067     	 3 80.483     	14 80.282     	74 79.964     	94 80.062     	26 79.844     	82 80.554     	
Lap 24	31 78.334     	47 79.067     	22 78.486     	80 79.034     	19 79.422     	42 79.969     	20 79.702     	30 79.255     	81 79.901     	98 80.011     	21 80.040     	29 79.142     	35 79.511     	11 78.565     	13 79.710     	53 80.005     	69 79.223     	 3 79.607     	14 79.597     	74 79.972     	94 79.939     	26 79.829     	82 81.420     	
Lap 25	47 78.505     	31 79.342     	22 78.333     	80 79.933     	19 79.981     	42 79.364     	20 79.315     	30 80.214     	81 78.863     	98 79.792     	21 79.814     	29 79.457     	35 80.054     	11 79.991     	13 79.819     	53 80.577     	69 80.469     	 3 79.520     	14 80.337     	74 80.093     	94 80.536     	26 80.155     	82 81.078     	
Lap 26	31 78.649     	47 79.901     	22 78.485     	19 79.300     	80 79.927     	42 79.500     	20 79.958     	30 80.068     	81 80.060     	98 80.165     	21 80.369     	29 80.072     	35 80.251     	11 80.091     	13 79.109     	69 80.087     	53 80.411     	 3 80.592     	14 79.677     	74 80.848     	94 80.573     	26 80.420     	82 81.079     	
Lap 27	31 78.657     	42 79.990     	30 79.562     	47 96.041 PIT	22 95.841 PIT	13 79.171     	69 79.925     	19 96.737 PIT	 3 79.572     	53 80.766     	80 96.901 PIT	20 97.115 PIT	81 96.945 PIT	74 81.133     	98 97.281 PIT	26 79.744     	21 97.132 PIT	29 97.517 PIT	35 97.408 PIT	11 97.143 PIT	14 96.782 PIT	94 97.291 PIT	82 98.801 PIT	
Lap 28	31 78.424     	42 79.371     	30 78.685     	47 78.083     	22 78.426     	13 79.298     	19 78.588     	80 78.729     	69 80.802     	 3 80.238     	53 80.292     	20 78.428     	81 79.767     	98 78.524     	21 79.209     	29 78.751     	26 81.279     	35 79.349     	11 79.456     	14 78.431     	94 78.914     	74 96.516 PIT	82 80.259     	
Lap 29	42 80.220     	47 77.102     	31 96.181 PIT	22 77.566     	13 79.603     	19 78.455     	80 78.268     	20 78.957     	81 77.840     	 3 80.904     	30 97.025 PIT	98 78.234     	21 78.908     	29 79.020     	26 80.106     	35 78.950     	11 78.966     	14 77.782     	53 96.925 PIT	69 98.437 PIT	94 79.180     	74 79.028     	82 80.147     	
Lap 30	47 78.687     	31 77.886     	42 80.430     	22 78.005     	19 78.064     	80 78.517     	20 78.085     	30 78.125     	81 79.071     	98 78.095     	 3 80.568     	21 78.477     	29 78.538     	35 78.778     	11 78.871     	13 97.842 PIT	14 78.726     	53 78.372     	69 78.646     	94 79.295     	74 78.737     	26 96.680 PIT	82 80.099     	
Lap 31	47 78.096     	31 78.112     	22 77.472     	19 77.898     	80 77.331     	20 78.112     	30 78.895     	81 78.663     	98 78.851     	29 78.251     	42 97.316 PIT	21 78.913     	35 78.973     	11 79.533     	13 79.115     	14 78.487     	53 78.349     	69 78.211     	74 79.237     	94 79.539     	 3 98.500 PIT	26 78.695     	82 79.865     	
Lap 32	31 77.778     	47 78.299     	22 78.249     	19 78.949     	80 78.864     	20 77.565     	30 78.520     	81 79.203     	98 78.382     	21 78.074     	29 78.796     	42 78.769     	35 78.762     	11 79.219     	14 78.547     	13 79.304     	53 78.171     	69 78.407     	94 79.108     	74 79.385     	 3 78.627     	26 78.775     	82 79.931     	
Lap 33	47 77.570     	31 78.447     	22 77.339     	19 78.478     	80 78.169     	20 78.372     	30 78.285     	81 78.987     	98 79.117     	21 78.550     	29 78.696     	42 78.648     	35 78.485     	11 78.289     	14 79.495     	13 79.380     	53 79.461     	69 78.225     	94 79.036     	74 78.946     	 3 78.054     	26 78.659     	82 80.675     	
Lap 34	47 78.088     	31 77.974     	22 78.082     	19 78.254     	80 78.598     	20 77.721     	30 78.454     	81 78.509     	98 79.044     	21 78.512     	42 78.520     	29 79.042     	35 77.891     	11 78.521     	13 78.750     	14 79.660     	53 79.338     	69 79.674     	74 79.338     	94 79.657     	 3 79.704     	26 78.751     	82 79.938     	
Lap 35	31 77.887     	47 78.475     	22 78.107     	19 78.559     	80 78.916     	20 79.166     	30 77.779     	81 78.122     	98 79.171     	21 78.699     	42 79.001     	29 78.936     	35 78.261     	11 77.953     	13 79.173     	14 78.969     	53 79.109     	69 79.151     	74 79.168     	94 79.230     	 3 79.499     	26 78.447     	82 79.971     	
Lap 36	47 78.507     	31 78.880     	22 78.043     	19 78.880     	80 79.067     	20 78.546     	30 78.043     	81 78.523     	21 78.563     	98 78.941     	42 78.471     	29 78.882     	35 78.121     	11 78.167     	13 79.675     	14 79.225     	53 79.102     	69 79.355     	94 79.118     	74 79.838     	 3 80.009     	26 79.101     	82 80.618     	
Lap 37	31 77.563     	47 78.793     	22 78.131     	19 78.441     	20 78.367     	80 80.470     	30 78.093     	81 78.201     	21 78.693     	42 78.512     	98 79.357     	29 78.658     	35 78.383     	11 78.549     	13 78.948     	14 79.034     	53 79.604     	69 79.363     	94 79.337     	74 79.123     	26 78.523     	 3 79.589     	82 80.391     	
Lap 38	31 77.238     	47 78.750     	22 77.828     	19 77.896     	20 78.425     	80 78.587     	30 78.193     	81 78.426     	21 78.805     	42 78.810     	29 78.506     	98 79.176     	35 77.979     	11 78.054     	14 78.868     	13 79.736     	53 79.370     	69 79.304     	94 79.267     	74 79.308     	26 80.145     	 3 80.094     	82 80.431     	
Lap 39	31 77.475     	22 78.054     	47 78.919     	19 77.572     	20 77.820     	80 78.685     	30 78.895     	81 78.509     	42 78.357     	21 78.894     	29 79.154     	98 79.960     	35 78.142     	11 78.614     	14 79.316     	13 79.344     	53 79.041     	69 79.676     	94 79.210     	74 79.567     	26 79.375     	 3 79.780     	82 80.053     	
Lap 40	31 77.461     	22 79.160     	47 78.591     	19 78.082     	20 77.990     	80 78.535     	30 78.962     	81 78.505     	42 78.442     	21 78.608     	29 79.564     	98 78.982     	11 78.343     	35 80.655     	14 79.629     	13 79.082     	53 79.359     	69 78.391     	94 79.160     	74 79.688     	26 79.023     	 3 78.472     	82 80.780     	
Lap 41	31 77.702     	47 77.979     	22 78.776     	19 78.166     	20 78.431     	30 78.600     	80 79.314     	81 77.851     	42 78.798     	21 78.697     	29 79.260     	98 79.905     	11 79.149     	35 79.640     	14 79.859     	13 79.945     	69 79.264     	53 79.791     	94 79.371     	74 79.647     	26 79.701     	 3 79.751     	82 80.677     	
Lap 42	31 78.112     	22 77.641     	47 78.724     	19 77.908     	20 78.387     	80 78.616     	30 78.700     	81 78.723     	42 78.678     	21 79.192     	29 79.019     	98 79.357     	11 78.982     	35 79.684     	14 79.386     	13 79.329     	69 79.642     	53 80.644     	94 79.003     	74 78.930     	26 79.503     	 3 79.509     	82 80.596     	
Lap 43	31 77.708     	47 78.260     	22 79.425     	19 77.790     	20 77.897     	80 78.721     	30 78.721     	81 78.427     	42 78.649     	21 78.704     	29 78.895     	98 79.611     	11 79.709     	35 78.552     	13 79.290     	14 79.898     	69 78.974     	53 78.832     	94 78.625     	74 78.670     	26 80.183     	 3 80.160     	82 81.023     	
Lap 44	31 78.105     	47 78.976     	22 78.340     	19 78.622     	20 78.763     	30 78.631     	80 78.860     	81 79.538     	42 79.468     	21 79.137     	29 78.140     	98 79.681     	11 79.364     	35 79.888     	13 79.113     	69 79.173     	14 80.024     	53 79.054     	94 79.049     	74 78.826     	26 80.205     	 3 80.351     	82 80.717     	
Lap 45	31 78.134     	22 78.094     	47 78.705     	19 77.995     	20 78.856     	30 79.355     	80 79.474     	81 78.182     	42 78.962     	21 78.838     	29 78.211     	98 78.979     	11 79.469     	35 80.074     	13 80.005     	69 79.731     	14 80.113     	53 80.659     	94 79.187     	74 78.765     	26 79.599     	 3 80.516     	82 81.081     	
Lap 46	31 77.996     	22 78.933     	47 78.942     	19 78.172     	20 78.785     	30 79.354     	80 79.079     	81 79.229     	42 78.782     	21 79.354     	29 78.272     	98 78.209     	11 79.171     	35 78.555     	13 79.406     	69 80.006     	14 79.544     	53 78.999     	94 80.189     	74 80.817     	26 79.587     	 3 78.780     	82 80.679     	
Lap 47	31 78.159     	22 78.912     	47 79.037     	19 78.028     	20 78.377     	30 79.056     	80 79.266     	81 79.626     	42 79.083     	21 79.201     	29 79.236     	98 78.385     	11 79.224     	35 80.380     	13 78.594     	69 79.644     	14 79.771     	53 80.552     	94 79.064     	74 79.216     	26 80.316     	 3 80.056     	82 81.145     	
Lap 48	31 78.617     	47 78.415     	22 79.477     	19 78.471     	20 78.294     	30 78.800     	80 79.427     	81 79.805     	42 78.982     	21 79.264     	29 79.353     	98 78.658     	11 78.798     	35 78.502     	13 78.539     	69 79.584     	14 79.779     	53 80.154     	94 79.238     	74 78.994     	26 79.915     	 3 80.343     	82 80.464     	
Lap 49	31 78.414     	22 77.877     	47 79.529     	19 78.674     	20 78.451     	30 79.586     	81 78.617     	80 79.823     	42 78.449     	29 79.042     	21 79.907     	98 79.150     	11 78.566     	35 79.442     	13 79.490     	69 79.769     	14 79.773     	94 79.514     	53 80.059     	74 79.440     	26 79.973     	 3 79.763     	82 80.658     	
Lap 50	31 78.188     	22 78.900     	19 78.189     	20 79.147     	47 90.573 PIT	30 79.181     	80 79.093     	81 79.315     	42 78.285     	21 79.031     	29 79.755     	98 78.351     	11 78.503     	35 79.129     	13 79.525     	69 79.713     	14 80.528     	94 79.900     	53 79.654     	74 79.946     	26 80.726     	 3 80.577     	82 80.650     	
Lap 51	31 78.594     	22 78.351     	19 79.048     	47 77.435     	20 78.977     	30 78.358     	81 79.147     	80 79.771     	42 78.429     	21 79.682     	98 78.506     	29 79.954     	11 78.819     	35 79.508     	13 79.167     	69 79.157     	14 80.481     	53 80.188     	94 80.547     	74 80.361     	 3 79.923     	26 80.821     	82 81.238     	
Lap 52	31 78.283     	22 78.636     	19 78.648     	47 78.474     	20 78.773     	30 78.639     	81 79.212     	80 79.010     	42 78.926     	21 79.818     	29 79.339     	98 80.009     	11 79.392     	35 79.323     	13 79.478     	69 79.414     	14 79.803     	53 79.521     	94 79.938     	74 79.323     	 3 79.732     	26 79.899     	82 81.568     	
Lap 53	31 78.787     	22 79.313     	19 78.708     	47 78.448     	20 78.893     	30 78.557     	80 79.232     	81 79.912     	42 78.755     	21 79.547     	29 80.065     	98 80.709     	11 79.129     	35 79.110     	13 79.120     	69 79.689     	14 80.607     	53 80.299     	94 80.628     	74 80.380     	26 79.536     	 3 80.251     	82 80.968     	
Lap 54	31 78.895     	22 78.716     	19 78.495     	47 77.435     	30 78.561     	42 78.807     	20 95.346 PIT	29 79.982     	35 79.738     	81 96.596 PIT	80 97.253 PIT	13 79.356     	21 96.830 PIT	98 97.213 PIT	69 79.068     	11 97.883 PIT	53 80.394     	74 80.248     	94 80.881     	 3 80.237     	26 80.933     	14 97.107 PIT	82 81.778     	
Lap 55	31 78.208     	22 79.363     	19 78.882     	47 78.108     	30 78.634     	42 78.527     	20 78.154     	29 79.675     	80 77.815     	81 78.535     	21 77.597     	13 79.821     	98 77.919     	11 79.555     	69 80.436     	35 97.049 PIT	53 80.627     	26 79.527     	 3 80.495     	14 78.899     	74 98.126 PIT	94 98.001 PIT	82 81.413     	
Lap 56	31 78.495     	22 79.070     	19 79.336     	47 77.435     	30 79.100     	42 78.489     	20 77.620     	29 79.758     	80 78.106     	81 78.845     	21 78.383     	98 78.527     	13 80.352     	11 79.291     	69 80.167     	35 78.666     	53 79.780     	26 80.545     	 3 80.720     	14 78.524     	74 79.286     	94 79.031     	82 98.115 PIT	
Lap 57	31 96.346 PIT	47 78.231     	22 95.930 PIT	42 78.836     	19 97.587 PIT	20 78.004     	30 96.115 PIT	80 77.793     	81 77.874     	21 78.305     	98 78.298     	29 96.189 PIT	11 77.772     	13 80.661     	69 80.705     	35 81.555     	53 79.991     	 3 81.113     	14 77.883     	74 79.094     	94 79.130     	26 98.209 PIT	82 80.803     	
Lap 58	31 78.219     	47 77.432     	22 77.591     	42 79.179     	19 78.701     	20 78.602     	30 78.519     	80 77.729     	81 78.350     	21 78.328     	98 77.950     	29 78.789     	11 78.775     	13 79.935     	69 79.892     	35 78.529     	14 78.247     	 3 80.281     	94 78.778     	74 79.092     	53 97.234 PIT	26 79.515     	82 80.091     	
Lap 59	31 78.276     	47 78.048     	22 77.348     	42 78.981     	19 78.779     	20 79.196     	30 77.974     	80 77.942     	81 77.516     	21 78.285     	98 78.229     	29 79.222     	11 79.805     	35 79.372     	14 78.212     	13 97.189 PIT	69 97.819 PIT	94 79.449     	74 79.439     	53 78.718     	26 78.472     	 3 97.223 PIT	82 79.756     	
Lap 60	31 77.912     	47 77.936     	22 77.303     	19 77.995     	20 78.585     	30 77.517     	80 78.000     	81 77.763     	42 96.177 PIT	21 77.956     	98 78.312     	29 78.545     	11 78.374     	35 78.662     	14 79.006     	13 79.560     	69 79.068     	74 79.477     	94 79.673     	53 80.019     	26 78.501     	 3 78.811     	82 79.807     	
Lap 61	47 78.162     	31 78.752     	22 77.667     	19 77.826     	20 77.972     	30 77.779     	80 78.228     	81 77.530     	42 78.463     	21 78.456     	98 78.287     	29 78.092     	11 77.854     	35 77.915     	14 79.217     	13 79.531     	69 78.172     	94 79.404     	74 79.641     	53 79.836     	26 78.639     	 3 77.937     	82 80.219     	
Lap 62	31 78.330     	47 79.037     	22 77.797     	19 77.727     	20 77.921     	30 77.839     	80 79.103     	81 79.297     	42 77.908     	21 78.265     	98 77.652     	29 78.353     	11 77.976     	35 78.476     	14 79.530     	13 78.839     	69 78.662     	74 78.845     	94 79.292     	53 78.622     	26 78.922     	 3 78.788     	82 80.152     	
Lap 63	31 78.078     	47 77.900     	22 77.591     	19 78.147     	20 78.249     	30 77.657     	80 79.194     	81 78.730     	42 77.650     	21 77.851     	98 78.228     	29 78.731     	11 79.702     	35 78.455     	14 79.499     	13 79.736     	69 78.254     	94 78.936     	74 79.342     	53 79.661     	26 78.972     	 3 78.149     	82 80.392     	
Lap 64	31 78.196     	47 78.486     	22 77.734     	19 77.858     	20 77.769     	30 77.557     	80 78.590     	81 78.815     	42 77.657     	21 78.728     	98 78.205     	29 78.086     	11 78.004     	35 78.033     	14 78.825     	13 79.191     	69 78.695     	94 79.437     	74 79.540     	53 78.644     	26 79.300     	 3 78.475     	82 79.980     	
Lap 65	47 78.030     	31 78.927     	22 78.147     	19 78.312     	20 78.491     	30 78.357     	80 79.084     	81 79.188     	42 78.209     	21 78.512     	98 78.332     	29 78.071     	11 78.487     	35 78.529     	14 78.867     	13 79.627     	69 78.767     	74 79.440     	94 79.794     	53 80.623     	26 79.991     	 3 80.249     	82 80.493     	
Lap 66	31 78.087     	47 78.950     	22 78.364     	19 77.642     	20 78.274     	30 77.744     	80 78.601     	42 78.360     	81 79.170     	21 77.916     	98 78.385     	29 78.235     	11 78.503     	35 78.084     	14 78.245     	69 78.674     	13 79.378     	94 79.617     	74 80.148     	53 78.726     	26 78.928     	 3 78.600     	82 80.694     	
Lap 67	47 78.460     	31 78.913     	22 77.739     	19 77.784     	20 77.728     	30 78.142     	42 78.524     	80 79.256     	81 79.323     	21 78.554     	98 78.574     	29 78.663     	11 78.562     	35 78.808     	14 78.489     	13 79.102     	69 79.777     	94 80.029     	74 80.097     	53 80.490     	26 79.651     	 3 79.842     	82 80.469     	
Lap 68	31 78.358     	47 79.160     	22 78.244     	19 77.650     	20 77.852     	30 77.809     	80 78.248     	42 79.111     	81 78.154     	21 78.364     	98 78.413     	29 78.080     	11 78.949     	35 78.459     	14 79.128     	69 78.502     	13 79.484     	94 79.526     	74 79.560     	53 80.487     	26 78.893     	 3 78.320     	82 80.460     	
Lap 69	31 78.595     	47 78.492     	22 77.692     	19 77.677     	20 77.766     	30 78.325     	80 79.184     	42 78.826     	81 79.468     	21 78.011     	98 77.966     	29 78.485     	11 78.814     	35 78.555     	14 78.753     	69 79.510     	13 79.761     	74 79.193     	94 79.934     	53 78.525     	26 80.109     	 3 80.064     	82 80.428     	
Lap 70	31 78.143     	47 78.528     	22 78.075     	19 77.617     	20 78.230     	30 77.968     	80 78.824     	42 78.946     	81 78.481     	21 78.388     	98 78.471     	29 78.760     	11 78.649     	35 78.486     	14 79.198     	69 78.298     	13 78.260     	74 79.697     	94 79.628     	53 80.030     	 3 79.638     	26 80.054     	82 80.284     	
Lap 71	31 78.986     	47 78.542     	22 78.135     	19 78.256     	20 78.668     	30 78.725     	80 78.788     	42 78.735     	81 79.557     	21 78.782     	98 78.534     	29 78.413     	11 78.669     	35 78.546     	14 78.600     	69 78.189     	13 78.274     	74 79.547     	94 79.797     	53 79.140     	26 78.711     	 3 79.862     	82 80.730     	
Lap 72	31 78.593     	47 78.463     	22 77.825     	19 77.942     	20 78.730     	30 78.592     	80 78.678     	42 78.857     	21 78.468     	81 79.685     	98 78.958     	29 78.190     	11 78.991     	35 78.864     	14 79.330     	69 78.452     	13 78.322     	74 79.827     	94 79.506     	53 80.776     	26 79.300     	 3 78.679     	82 80.787     	
Lap 73	31 78.696     	47 78.930     	22 77.917     	19 77.775     	20 78.874     	30 78.685     	80 78.893     	42 79.146     	21 79.190     	81 79.515     	98 78.497     	29 78.467     	11 78.479     	35 78.372     	14 79.133     	69 78.787     	13 79.098     	74 79.815     	53 78.406     	94 80.050     	26 80.004     	 3 80.167     	82 80.590     	
Lap 74	31 78.355     	47 79.018     	22 78.120     	19 78.564     	20 78.717     	30 78.008     	80 78.916     	42 79.192     	21 79.064     	81 79.046     	98 79.486     	29 79.063     	11 78.802     	35 78.488     	14 79.755     	69 79.254     	13 78.564     	74 79.746     	94 79.475     	53 79.781     	26 80.479     	 3 80.157     	82 80.919     	
Lap 75	31 77.939     	47 78.883     	22 78.501     	19 78.348     	20 78.209     	30 78.157     	80 79.138     	42 78.735     	21 79.905     	81 79.575     	98 79.059     	29 78.479     	11 79.025     	35 78.388     	14 79.451     	69 79.385     	13 79.737     	74 79.766     	94 79.771     	53 79.939     	26 80.441     	 3 80.526     	82 80.554     	
Lap 76	31 77.846     	22 78.020     	47 79.715     	19 78.418     	20 79.062     	30 78.944     	80 78.877     	42 79.015     	21 79.189     	81 79.796     	98 79.970     	29 78.856     	11 79.221     	35 79.343     	14 80.198     	13 78.743     	69 80.030     	94 79.856     	74 80.498     	53 80.839     	26 79.810     	 3 80.586     	82 81.102     	
Lap 77	31 77.858     	22 78.553     	47 78.945     	19 77.958     	20 78.200     	30 78.155     	80 78.970     	42 78.709     	21 79.753     	81 79.350     	98 78.425     	29 78.920     	11 79.270     	35 79.296     	69 78.474     	13 79.615     	14 80.396     	94 79.773     	74 80.722     	53 81.209     	26 79.483     	 3 79.198     	82 81.159     	
Lap 78	31 78.401     	22 78.233     	19 78.718     	20 78.827     	47 95.810 PIT	30 78.234     	80 79.499     	42 79.197     	21 79.803     	81 79.434     	98 80.133     	29 78.808     	11 78.948     	35 79.159     	69 80.257     	14 79.033     	13 80.276     	94 79.200     	74 79.159     	53 79.001     	26 80.011     	 3 80.654     	82 80.666     	
Lap 79	31 78.035     	22 78.411     	19 78.348     	20 79.018     	47 77.708     	30 78.531     	42 79.597     	80 79.741     	21 79.627     	81 80.004     	98 79.315     	29 78.593     	11 79.239     	35 79.086     	69 80.191     	14 79.789     	13 80.156     	94 79.117     	74 79.223     	53 78.718     	26 79.302     	 3 78.618     	82 81.235     	
Lap 80	31 78.574     	22 78.652     	19 79.026     	47 78.190     	20 79.317     	30 79.034     	42 79.145     	80 79.509     	21 79.775     	81 80.198     	98 80.233     	29 79.899     	11 79.446     	35 78.709     	69 79.808     	14 80.301     	13 79.481     	94 79.233     	74 80.310     	53 80.540     	26 80.051     	 3 80.673     	82 81.573     	
Lap 81	31 77.996     	22 78.845     	19 78.389     	47 78.471     	20 79.473     	30 78.967     	42 79.619     	80 79.302     	81 79.673     	98 79.791     	29 79.774     	35 79.342     	21 97.086 PIT	11 96.578 PIT	13 79.631     	69 80.253     	94 80.038     	74 80.678     	14 97.343 PIT	53 80.519     	26 79.938     	 3 78.976     	82 80.781     	
Lap 82	31 78.105     	22 78.621     	19 78.410     	47 77.570     	30 78.685     	20 96.517 PIT	42 79.266     	80 79.905     	98 79.568     	29 80.002     	35 79.673     	21 77.936     	81 96.595 PIT	11 78.610     	13 79.607     	69 78.926     	74 97.676 PIT	14 79.761     	53 80.993     	26 80.567     	94 79.624     	 3 80.222     	
Lap 83	31 79.081     	22 79.087     	19 78.959     	47 77.740     	30 78.833     	20 77.767     	42 79.512     	80 79.488     	29 80.166     	35 79.848     	21 77.660     	81 78.000     	98 97.693 PIT	11 78.511     	69 79.765     	14 78.683     	53 79.170     	26 80.659     	 3 80.903     	94 97.230 PIT	74 78.739     	82 98.625 PIT	
Lap 84	19 78.700     	31 95.247 PIT	47 77.447     	22 96.368 PIT	30 79.224     	20 77.628     	42 79.925     	29 79.506     	35 79.875     	21 77.637     	80 97.284 PIT	81 78.176     	98 78.178     	11 77.647     	69 79.661     	14 78.512     	53 79.556     	 3 80.658     	26 81.303     	94 78.634     	74 78.971     	82 80.441     	
Lap 85	19 79.160     	31 78.221     	47 77.569     	22 78.213     	20 77.507     	30 96.019 PIT	42 78.982     	35 79.235     	21 79.305     	80 78.954     	81 78.359     	98 77.480     	11 77.935     	29 95.528 PIT	69 79.648     	14 78.385     	53 79.900     	 3 79.945     	94 78.630     	74 79.041     	26 96.926 PIT	82 80.256     	
Lap 86	31 78.548     	19 79.438     	47 78.018     	22 77.219     	20 78.355     	30 78.521     	42 78.688     	21 78.829     	80 78.761     	81 77.982     	98 77.513     	29 78.584     	11 79.320     	35 97.622 PIT	69 79.203     	14 77.991     	53 79.813     	 3 79.606     	94 78.977     	74 78.555     	26 79.126     	82 80.178     	
Lap 87	31 78.715     	47 78.334     	22 77.406     	19 96.574 PIT	20 77.495     	30 78.316     	42 95.638 PIT	80 78.311     	21 78.599     	81 78.069     	98 77.585     	29 78.553     	11 79.319     	35 78.343     	14 78.438     	69 97.048 PIT	53 79.570     	94 78.500     	74 78.752     	26 78.978     	 3 95.848 PIT	82 80.225     	
Lap 88	31 77.363     	47 78.104     	22 78.033     	19 78.380     	20 77.438     	30 77.518     	42 78.926     	21 78.481     	80 78.914     	81 78.522     	98 78.453     	29 77.717     	11 78.361     	35 78.081     	14 78.503     	69 78.763     	53 79.690     	94 78.450     	74 78.281     	26 79.808     	 3 80.221     	82 80.340     	
Lap 89	31 77.471     	47 77.616     	22 77.920     	19 77.928     	20 77.945     	30 78.037     	42 78.962     	21 78.717     	80 78.733     	81 78.936     	98 78.446     	29 77.878     	11 78.518     	35 78.020     	14 78.767     	69 78.756     	94 78.783     	74 79.230     	53 96.234 PIT	26 79.905     	 3 79.353     	82 79.873     	
Lap 90	31 77.412     	47 77.727     	22 77.993     	19 77.490     	20 78.077     	30 78.068     	42 78.666     	80 78.469     	21 79.126     	81 78.881     	98 78.699     	29 78.450     	11 78.216     	35 78.571     	14 78.136     	69 78.654     	94 78.593     	74 79.174     	53 78.862     	 3 79.432     	26 79.860     	82 79.841     	
Lap 91	31 77.480     	47 77.653     	22 78.222     	19 77.624     	20 77.620     	30 77.505     	80 78.396     	42 78.914     	21 78.756     	98 78.571     	81 79.255     	29 77.990     	11 78.148     	35 78.160     	14 78.826     	69 78.676     	94 79.066     	74 78.372     	53 78.286     	26 78.853     	 3 79.459     	82 80.534     	
Lap 92	31 77.213     	47 78.415     	22 77.695     	19 77.918     	20 78.418     	30 78.471     	42 78.652     	80 78.866     	21 79.298     	98 78.945     	81 79.140     	29 77.803     	11 78.769     	35 78.398     	14 78.766     	69 78.345     	94 78.773     	74 79.112     	53 78.005     	26 79.578     	 3 79.773     	82 80.151     	
Lap 93	31 78.189     	47 78.290     	22 77.672     	19 77.446     	20 78.107     	30 77.810     	80 77.981     	42 78.807     	21 78.699     	98 79.397     	81 78.945     	29 78.472     	11 78.515     	35 77.959     	14 78.838     	69 78.007     	94 78.813     	74 79.314     	53 77.931     	 3 79.486     	26 80.234     	82 80.530     	
Lap 94	31 77.872     	47 77.719     	22 77.466     	19 77.773     	20 77.720     	30 77.614     	80 78.324     	42 78.358     	21 78.029     	29 78.073     	81 78.708     	98 79.357     	11 78.314     	35 78.280     	14 78.177     	69 78.996     	94 78.359     	74 78.951     	53 78.863     	26 78.844     	 3 79.315     	82 80.070     	
Lap 95	31 77.330     	47 77.685     	22 77.906     	19 77.683     	20 77.930     	30 78.416     	80 78.342     	42 78.466     	21 78.896     	29 79.100     	81 79.070     	98 79.474     	11 78.714     	35 78.275     	14 79.101     	69 78.656     	94 79.231     	74 79.343     	53 78.763     	26 79.638     	 3 79.784     	82 80.224     	

-- OFFICIAL RESULTS --
Pos	#No	Driver						Team					Time		Diff		Pits	Best
01	#31	ŠAŊ	xap'ít celentir šaŋév	Team Solea Racing		2:4:48.815	-0.000		3		77.213
02	#47	PAV	ketila léqa pavúteka	Team Solea Racing		2:4:52.798	-3.983		3		77.102
03	#22	PHI	Philipe					Team Vincent			2:4:54.768	-5.953		3		77.219
04	#19	ZAI	khélok atep zailunaɰ	Team Solea Racing		2:5:09.222	-20.407		3		77.446
05	#20	MAC	Mac						Team Vincent			2:5:12.928	-24.113		3		77.438
06	#30	WIS	Josh Wise				BONGATAR				2:5:21.709	-32.894		3		77.505
07	#80	AYA	Ifloenne é Aya			Team V.V. Imperial		2:5:46.516	-57.701		3		77.331
08	#42	OOS	Frank Oosterhout		Cows Go Moo Racing		2:5:47.434	-58.619		3		77.650
09	#21	ORS	Orson					Team Vincent			2:5:48.711	-59.896		3		77.597
10	#29	ALU	Sago Aludetsei			Dotruga Formula Racing	2:5:50.943	-62.128		3		77.717
11	#81	KÆR	Lyǽs Kæræsekæræn		Team V.V. Imperial		2:5:50.973	-62.158		3		77.516
12	#98	MOT	Gorga Motxev			Dotruga Formula Racing	2:5:51.931	-63.116		3		77.480
13	#11	XIA	Tembio Xiahelvi			Dotruga Formula Racing	2:5:54.481	-65.666		3		77.647
14	#35	AKA	Asaúni Akaleta			Team Vikasani			2:6:00.790	-71.976		3		77.891
15	#14	HÚC	Daseno Húctu			Team Vikasani			2:6:26.575	-97.760		3		77.782
16	#69	SAN	Marisa Sanchez			Cows Go Moo Racing		2:6:31.172	-102.357	3		78.007
17	#94	NES	At'ipi Nesbeksë			Team Diigikwk Racers	2:6:43.789	-114.974	3		78.359
18	#74	KON	Bařàsiz Konoca			Team Diigikwk Racers	2:6:48.994	-120.179	3		78.144
19	#53	TÀC	Ešuro Tàcràɰë			Team Diigikwk Racers	2:6:51.818	-123.003	3		77.931
20	#26	ILI	Rikvisi Iliria			Team Vikasani			2:7:04.501	-135.687	3		78.447
21	# 3	BOB	Bob						BONGATAR				2:7:04.774	-135.959	3		77.937
22	#82	NUK	NUKKI					Team V.V. Imperial		2:8:27.082	-218.267	3		79.756
23	# 2	MOL	Paul Molthus			BONGATAR				RETIRED		DNF			0		78.809
24	#13	SWE	Vernika Swerq			Cows Go Moo Racing		RETIRED		DNF			2		78.260

-- RACE INCIDENT REPORT --
Sago Aludetsei made a mistake while attempting an overtake on lap 6.
Rikvisi Iliria made a mistake while attempting an overtake on lap 6.
Daseno Húctu made a mistake while attempting an overtake on lap 11.
Bařàsiz Konoca made a mistake while attempting an overtake on lap 12.
At'ipi Nesbeksë made a mistake while attempting an overtake on lap 12.
Paul Molthus crashed out while attempting an overtake on lap 18.
Rikvisi Iliria made a mistake on lap 20.
Ifloenne é Aya made a mistake while attempting an overtake on lap 37.
Bařàsiz Konoca made a mistake while attempting an overtake on lap 46.
ketila léqa pavúteka made a pit stop to repair damage caused by a large incident on lap 50.
Asaúni Akaleta made a mistake while attempting an overtake on lap 57.
Vernika Swerq crashed out while attempting an overtake on lap 82.
