-- LAP TIMES --
Lap 1	31 127.592     	20 127.647     	81 127.716     	19 127.660     	22 128.096     	47 128.163     	80 127.974     	42 128.188     	35 127.852     	14 128.186     	53 128.328     	69 128.838     	30 128.740     	29 128.573     	13 128.370     	11 128.789     	 2 128.620     	94 129.022     	26 128.798     	98 128.919     	 3 129.154     	21 129.777     	74 129.541     	82 130.505     	
Lap 2	81 127.742     	20 127.874     	31 128.169     	22 127.676     	19 127.988     	47 127.686     	42 128.105     	80 128.187     	35 128.031     	14 128.325     	30 128.123     	13 128.306     	29 128.441     	53 128.944     	98 128.106     	11 128.630     	69 128.962     	94 128.545     	 2 128.990     	21 128.370     	26 128.810     	74 128.839     	 3 129.533     	82 130.291     	
Lap 3	22 127.685     	31 127.698     	81 127.887     	47 127.846     	19 127.895     	20 128.529     	42 128.015     	35 128.263     	80 128.897     	14 128.340     	30 128.197     	53 128.358     	98 128.288     	69 128.304     	13 128.882     	29 128.964     	11 128.888     	21 128.478     	 2 128.982     	94 129.355     	26 129.683     	74 129.231     	 3 130.152     	82 130.601     	
Lap 4	31 127.877     	81 127.811     	22 128.339     	19 128.262     	47 128.411     	20 128.201     	42 128.375     	35 127.968     	30 127.974     	80 128.242     	14 128.789     	98 128.433     	53 129.083     	13 128.679     	11 129.263     	69 129.080     	29 128.524     	21 128.510     	 2 128.811     	94 129.072     	26 129.850     	74 130.622     	 3 130.492     	
Lap 5	31 127.666     	81 128.083     	22 128.549     	47 128.318     	20 128.139     	19 128.684     	35 128.101     	42 128.345     	30 128.470     	80 129.071     	14 128.758     	98 128.967     	21 128.180     	13 128.725     	94 127.371     	53 129.102     	69 128.886     	11 128.767     	26 127.706     	 2 129.618     	74 129.832     	 3 130.450     	82 129.987     	
Lap 6	31 128.123     	81 128.472     	22 128.480     	20 128.268     	47 128.335     	42 127.791     	35 128.250     	19 128.580     	30 128.315     	80 128.442     	14 129.084     	21 128.950     	98 129.057     	69 128.709     	13 129.411     	53 129.176     	94 129.547     	11 129.206     	 2 130.207     	74 127.880     	26 132.145     	 3 127.843     	82 130.019     	
Lap 7	81 127.612     	31 128.603     	22 128.054     	20 128.403     	47 128.468     	19 128.223     	35 128.393     	30 128.697     	42 130.212     	80 128.683     	14 128.707     	98 128.915     	21 129.008     	69 128.746     	94 128.926     	13 129.235     	53 129.229     	11 129.124     	 2 129.160     	74 129.482     	26 129.948     	 3 130.221     	82 131.030     	
Lap 8	31 127.782     	81 128.226     	20 128.272     	19 128.058     	22 128.865     	47 128.573     	35 130.036     	30 128.698     	42 128.698     	80 128.812     	14 129.189     	21 128.651     	98 129.519     	69 129.192     	13 128.823     	94 129.224     	53 129.267     	11 129.701     	 2 128.306     	74 128.429     	26 129.724     	 3 130.874     	82 130.735     	
Lap 9	31 127.928     	81 127.782     	47 127.770     	19 128.161     	22 128.121     	20 128.755     	35 128.863     	42 128.844     	30 128.971     	80 128.237     	14 128.632     	21 128.648     	98 129.271     	13 128.981     	69 129.476     	94 129.473     	53 129.432     	11 129.586     	74 128.417     	 2 129.898     	26 128.959     	 3 128.111     	82 130.259     	
Lap 10	31 128.166     	81 128.448     	22 128.282     	19 128.375     	47 128.832     	20 128.994     	35 128.684     	42 128.896     	80 128.989     	30 129.425     	14 128.927     	21 128.691     	13 129.032     	98 129.174     	69 129.353     	94 129.580     	11 129.081     	53 130.667     	74 129.727     	 2 130.708     	26 128.677     	 3 128.219     	82 131.242     	
Lap 11	31 128.521     	81 128.373     	20 127.729     	19 128.872     	22 129.079     	47 129.031     	35 128.971     	42 128.783     	80 128.914     	30 128.833     	21 128.711     	14 129.165     	13 129.306     	69 129.296     	98 129.750     	94 129.786     	11 129.411     	74 128.538     	53 130.577     	 2 128.937     	26 129.761     	 3 130.671     	82 132.649     	
Lap 12	31 128.652     	81 128.651     	47 127.745     	20 128.604     	22 128.508     	19 129.258     	42 128.341     	35 129.481     	80 129.130     	30 129.062     	21 128.954     	14 130.147     	13 129.733     	69 129.671     	98 130.353     	74 128.887     	94 130.030     	11 129.800     	53 129.998     	 2 130.734     	26 128.820     	 3 129.183     	82 131.376     	
Lap 13	81 128.546     	31 128.842     	47 128.949     	22 128.598     	20 129.553     	19 129.021     	42 129.002     	80 129.168     	35 129.491     	21 128.008     	30 130.617     	14 127.879     	13 129.407     	69 129.877     	98 129.297     	74 130.021     	94 130.520     	11 130.549     	53 128.796     	26 128.875     	 3 128.455     	 2 130.334     	82 131.294     	
Lap 14	81 129.004     	31 129.216     	22 128.811     	47 129.513     	20 129.741     	42 128.015     	19 130.405     	21 129.015     	80 129.667     	35 129.659     	30 129.750     	14 130.456     	13 129.998     	69 129.456     	98 129.771     	94 129.734     	74 130.881     	11 130.232     	26 128.925     	53 130.767     	 2 129.927     	 3 130.846     	82 131.769     	
Lap 15	81 129.220     	31 129.922     	22 129.017     	47 128.718     	42 128.829     	20 129.711     	19 131.076     	21 129.619     	80 130.238     	35 130.852     	30 130.169     	14 130.739     	13 130.134     	69 129.861     	98 130.541     	94 130.275     	74 130.309     	11 130.349     	26 130.963     	53 131.646     	 2 130.556     	 3 129.873     	82 131.803     	
Lap 16	81 129.033     	31 129.741     	47 128.872     	22 129.276     	42 129.757     	20 129.959     	19 128.475     	21 129.721     	80 129.530     	35 129.779     	30 129.295     	14 128.353     	69 129.074     	98 128.421     	13 129.991     	94 130.954     	74 130.824     	11 130.739     	26 130.269     	53 130.503     	 3 130.082     	 2 130.644     	82 132.105     	
Lap 17	81 128.147     	31 129.643     	42 129.452     	20 129.657     	35 130.294     	30 130.321     	69 130.139     	13 130.589     	22 145.183 PIT	47 146.981 PIT	74 131.509     	 2 129.800     	 3 130.849     	19 147.058 PIT	80 146.425 PIT	21 147.568 PIT	14 149.068 PIT	98 148.066 PIT	94 147.984 PIT	11 147.529 PIT	26 148.050 PIT	53 147.753 PIT	82 132.388     	
Lap 18	31 128.639     	42 129.699     	35 130.749     	81 145.973 PIT	22 126.766     	47 126.791     	19 127.167     	74 129.576     	20 147.677 PIT	80 129.046     	21 128.705     	30 146.516 PIT	14 127.678     	98 127.433     	69 146.790 PIT	13 147.491 PIT	11 129.478     	94 129.765     	53 127.965     	26 129.578     	 2 148.380 PIT	 3 148.350 PIT	82 132.779     	
Lap 19	42 128.452     	22 126.806     	81 128.503     	47 126.682     	31 145.744 PIT	19 127.937     	20 127.377     	21 128.226     	80 128.745     	30 128.706     	14 129.460     	35 146.918 PIT	98 128.404     	69 129.326     	13 128.245     	11 128.745     	94 128.732     	53 128.816     	26 129.501     	74 148.537 PIT	 3 128.562     	 2 129.418     	82 149.629 PIT	
Lap 20	22 126.457     	47 126.615     	81 127.790     	31 126.552     	19 126.946     	20 126.641     	42 145.617 PIT	21 128.068     	80 128.208     	30 126.636     	14 128.244     	35 128.982     	98 128.912     	69 129.008     	13 128.767     	94 128.902     	11 129.153     	26 127.908     	53 129.701     	 2 128.027     	74 129.755     	 3 129.539     	82 130.342     	
Lap 21	22 126.863     	81 126.439     	47 128.266     	31 126.702     	19 127.085     	20 126.442     	42 126.509     	21 128.290     	80 128.000     	30 126.980     	14 127.722     	35 127.842     	98 129.515     	69 128.554     	13 128.388     	11 128.707     	94 129.501     	26 129.330     	53 130.291     	 2 129.423     	74 129.493     	 3 129.710     	82 130.188     	
Lap 22	22 127.032     	81 126.766     	47 127.170     	31 126.693     	19 128.136     	42 126.398     	20 128.700     	30 127.763     	21 128.239     	80 128.131     	14 127.669     	35 127.116     	98 128.792     	69 128.762     	13 128.935     	11 128.756     	94 128.836     	53 127.165     	26 129.911     	 2 128.336     	74 129.041     	 3 130.090     	82 129.804     	
Lap 23	22 126.880     	81 126.815     	31 127.048     	47 127.814     	19 128.801     	20 128.358     	30 128.115     	21 128.187     	80 128.024     	14 127.567     	42 137.782 PIT	35 126.977     	98 128.961     	69 128.841     	13 128.594     	11 129.212     	94 129.385     	26 128.693     	53 129.982     	 2 128.426     	74 127.700     	 3 127.930     	82 130.148     	
Lap 24	22 127.474     	81 126.801     	31 127.892     	47 127.916     	19 127.647     	20 126.768     	30 128.659     	21 128.830     	80 128.937     	14 128.419     	42 128.277     	35 129.418     	98 128.688     	69 128.804     	13 129.388     	11 129.557     	94 128.834     	 2 128.137     	26 129.508     	74 128.230     	53 131.020     	 3 128.329     	82 129.854     	
Lap 25	22 127.563     	81 126.870     	47 127.271     	31 127.720     	20 128.380     	19 128.670     	80 128.502     	30 129.125     	21 129.001     	42 128.035     	35 127.485     	14 129.213     	98 129.372     	13 127.417     	69 129.668     	94 127.934     	11 129.180     	26 128.860     	 2 129.956     	74 129.191     	 3 128.588     	53 130.982     	82 130.747     	
Lap 26	22 128.882     	81 128.516     	31 127.010     	47 128.854     	20 128.578     	19 128.868     	80 128.678     	30 128.582     	21 129.134     	42 128.163     	35 128.670     	14 128.989     	69 127.437     	98 128.848     	13 129.849     	94 128.021     	11 128.157     	74 127.748     	26 129.375     	 2 129.207     	 3 128.795     	53 128.298     	82 130.073     	
Lap 27	81 128.616     	22 129.028     	31 127.274     	47 127.431     	20 128.877     	19 129.115     	80 128.854     	30 129.267     	42 128.199     	21 128.954     	35 128.703     	14 129.897     	13 128.056     	69 129.571     	98 129.694     	94 128.580     	11 128.294     	74 129.814     	26 129.960     	 2 130.318     	 3 130.178     	53 129.715     	82 130.657     	
Lap 28	81 128.056     	31 126.835     	22 128.310     	47 127.606     	20 129.028     	19 129.810     	42 128.498     	80 129.491     	21 128.903     	30 129.398     	35 128.010     	14 127.888     	13 129.592     	69 129.712     	98 130.130     	94 130.128     	11 130.345     	 2 128.173     	74 130.123     	26 130.907     	53 129.806     	 3 129.994     	82 130.346     	
Lap 29	31 128.000     	81 128.436     	22 128.725     	47 127.487     	20 127.500     	19 127.354     	42 128.422     	21 129.282     	30 129.187     	80 129.574     	14 127.552     	35 130.390     	69 129.028     	13 129.505     	98 129.582     	94 128.561     	11 128.663     	74 128.379     	 2 129.730     	26 128.438     	53 129.744     	 3 130.521     	82 130.787     	
Lap 30	31 128.701     	81 129.057     	47 127.970     	22 129.448     	20 127.450     	19 127.418     	42 127.197     	35 127.284     	21 129.577     	30 129.574     	80 129.864     	14 129.989     	69 129.759     	98 128.540     	13 129.928     	94 129.087     	11 128.054     	74 128.666     	26 129.286     	 2 129.724     	53 129.452     	 3 130.312     	82 131.274     	
Lap 31	31 128.941     	22 127.808     	81 129.099     	47 129.024     	20 128.286     	19 127.769     	42 126.563     	35 128.882     	30 129.092     	21 129.421     	80 130.070     	14 129.841     	98 129.636     	69 129.983     	13 130.209     	94 129.886     	11 130.777     	74 129.022     	26 130.012     	 2 130.995     	53 128.510     	 3 129.335     	82 130.632     	
Lap 32	31 128.509     	81 128.666     	47 128.555     	22 129.433     	20 129.034     	19 129.766     	42 126.848     	35 129.493     	30 129.672     	21 129.422     	80 129.334     	14 129.892     	98 129.711     	69 129.728     	13 129.716     	94 129.458     	11 128.697     	74 128.725     	26 129.116     	53 130.057     	 2 130.414     	 3 129.084     	82 131.635     	
Lap 33	31 128.510     	81 128.600     	22 128.308     	47 129.552     	20 127.943     	19 128.485     	42 126.968     	35 129.892     	21 129.649     	30 130.241     	80 130.236     	14 130.881     	98 129.793     	69 130.368     	13 130.135     	11 130.405     	94 131.033     	74 130.997     	26 129.264     	53 129.848     	 3 129.384     	 2 131.529     	82 131.386     	
Lap 34	31 127.738     	81 129.481     	47 129.441     	20 128.109     	42 127.531     	22 146.880 PIT	35 129.767     	30 130.137     	14 128.493     	19 145.658 PIT	69 130.195     	13 130.238     	94 130.185     	21 146.570 PIT	74 129.681     	80 147.639 PIT	53 129.070     	 3 130.391     	 2 130.189     	98 147.255 PIT	11 147.384 PIT	26 147.571 PIT	82 131.513     	
Lap 35	31 128.277     	81 128.181     	20 128.295     	42 127.883     	22 127.093     	47 145.925 PIT	35 128.988     	19 128.317     	30 130.126     	13 130.308     	21 127.909     	80 127.190     	74 129.152     	94 131.348     	14 147.895 PIT	53 129.908     	 3 131.039     	 2 130.482     	98 127.668     	69 148.012 PIT	11 128.230     	26 127.986     	82 131.458     	
Lap 36	31 128.750     	81 128.530     	42 127.721     	22 126.479     	47 126.985     	20 145.439 PIT	19 128.314     	21 126.810     	13 129.391     	35 146.306 PIT	80 128.805     	14 127.737     	30 147.807 PIT	53 129.473     	98 127.934     	 3 131.102     	69 128.242     	11 127.731     	26 128.415     	74 147.988 PIT	94 148.255 PIT	 2 149.103 PIT	82 132.356     	
Lap 37	42 128.282     	22 126.293     	31 145.172 PIT	47 126.646     	81 146.329 PIT	20 127.315     	19 126.552     	21 128.612     	35 128.483     	13 131.548     	80 128.241     	14 126.922     	30 127.381     	98 127.343     	 3 129.844     	69 128.334     	11 129.271     	26 128.062     	94 128.877     	74 129.606     	53 146.503 PIT	 2 127.933     	82 148.680 PIT	
Lap 38	42 127.909     	22 126.800     	31 126.567     	47 126.711     	81 127.099     	20 126.822     	19 126.913     	21 127.197     	35 128.614     	80 128.886     	14 129.220     	30 127.422     	98 127.218     	69 127.244     	11 127.303     	26 128.091     	13 148.660 PIT	74 128.509     	94 129.343     	53 128.090     	 2 127.469     	 3 149.156 PIT	82 130.177     	
Lap 39	22 126.800     	42 128.165     	31 126.389     	47 127.212     	81 126.902     	20 127.101     	19 127.099     	21 127.130     	80 127.680     	35 128.455     	30 127.998     	14 128.581     	98 127.949     	69 127.967     	11 127.158     	26 127.858     	13 128.287     	74 129.112     	53 126.990     	94 128.908     	 2 128.151     	 3 128.251     	82 129.938     	
Lap 40	22 128.259     	31 127.850     	42 129.394     	47 126.424     	81 126.667     	20 126.579     	19 126.865     	21 127.880     	80 128.741     	35 129.580     	30 128.546     	14 129.715     	98 127.236     	69 129.068     	11 129.839     	26 128.231     	13 127.369     	94 128.134     	53 129.134     	74 129.793     	 2 127.505     	 3 127.485     	82 129.717     	
Lap 41	31 127.465     	22 128.188     	47 128.018     	81 126.270     	42 129.931     	20 126.825     	19 127.651     	21 127.536     	35 127.914     	80 129.218     	30 128.166     	14 127.089     	98 128.113     	69 128.170     	11 128.167     	26 128.023     	13 127.813     	94 128.649     	74 128.910     	53 129.237     	 2 128.114     	 3 127.466     	82 130.017     	
Lap 42	22 127.844     	31 128.388     	47 128.285     	81 127.582     	20 126.726     	19 127.440     	42 146.302 PIT	21 127.605     	35 128.221     	80 129.070     	30 128.939     	14 130.070     	98 127.612     	69 127.710     	11 127.937     	26 128.285     	13 127.482     	94 127.984     	74 129.791     	53 130.366     	 2 128.079     	 3 127.750     	82 130.064     	
Lap 43	22 128.464     	81 127.052     	31 129.017     	47 128.163     	20 126.925     	19 127.027     	42 126.499     	21 127.809     	35 127.530     	30 128.321     	80 128.829     	14 128.356     	98 129.194     	69 127.695     	11 128.314     	26 129.702     	13 129.206     	94 128.035     	74 129.720     	53 129.325     	 2 130.071     	 3 128.081     	82 130.058     	
Lap 44	81 127.835     	22 128.660     	31 127.669     	47 127.640     	20 127.653     	19 127.909     	42 126.836     	21 128.070     	35 127.582     	80 129.172     	30 130.141     	14 128.930     	98 129.335     	69 127.606     	11 128.251     	13 129.579     	26 129.960     	94 128.396     	53 129.489     	74 130.124     	 2 130.306     	 3 128.450     	82 130.178     	
Lap 45	22 128.234     	31 128.284     	81 128.596     	47 127.892     	20 127.693     	19 127.554     	42 126.375     	21 128.404     	35 127.100     	80 129.643     	30 129.179     	14 129.826     	98 128.499     	69 127.829     	11 128.546     	26 129.158     	13 129.351     	94 128.384     	53 128.887     	74 128.783     	 3 128.492     	 2 129.891     	82 130.477     	
Lap 46	47 127.164     	31 128.420     	81 128.446     	22 129.290     	20 127.554     	19 127.752     	42 127.102     	21 127.654     	35 127.962     	30 128.228     	80 129.129     	14 128.794     	98 129.856     	69 127.893     	11 128.524     	13 129.092     	94 128.286     	26 129.784     	53 129.289     	74 129.389     	 2 129.226     	 3 129.894     	82 130.492     	
Lap 47	47 127.608     	31 128.200     	81 128.723     	22 128.482     	20 127.669     	19 128.334     	42 126.945     	21 127.815     	35 127.380     	30 129.238     	14 128.270     	80 129.607     	98 128.227     	69 128.069     	11 128.534     	13 129.509     	94 129.919     	26 130.235     	74 129.309     	53 129.720     	 3 128.632     	 2 130.019     	82 131.194     	
Lap 48	47 127.975     	81 128.258     	31 128.984     	22 128.652     	20 127.423     	19 128.106     	42 127.277     	21 128.784     	35 127.831     	30 129.376     	14 129.239     	80 130.116     	98 129.945     	69 128.819     	11 129.024     	13 129.301     	94 129.645     	26 130.932     	74 130.152     	 3 128.937     	53 130.790     	 2 128.324     	82 130.767     	
Lap 49	47 128.084     	31 128.549     	81 128.890     	22 129.178     	20 129.003     	19 128.001     	42 126.814     	21 128.872     	35 128.148     	30 129.721     	14 130.786     	80 129.772     	98 130.227     	69 130.628     	11 129.205     	13 128.702     	94 128.923     	26 129.413     	53 129.230     	 3 129.949     	74 130.639     	 2 131.119     	82 130.797     	
Lap 50	47 128.297     	31 128.700     	81 128.947     	22 129.287     	20 129.328     	19 128.040     	42 127.221     	21 128.529     	35 128.103     	30 128.451     	80 128.943     	14 130.215     	98 130.460     	69 130.023     	11 128.910     	13 127.927     	94 128.571     	26 129.670     	74 128.805     	53 129.574     	 3 130.467     	 2 129.053     	82 131.735     	

-- OFFICIAL RESULTS --
Pos	#No	Driver						Team					Time		Diff		Pits	Best
01	#47	PAV	ketila léqa pavúteka	Team Solea Racing		1:47:15.785	-0.000		2		126.424
02	#31	ŠAŊ	xap'ít celentir šaŋév	Team Solea Racing		1:47:19.333	-3.548		2		126.389
03	#81	KÆR	Lyǽs Kæræsekæræn		Team V.V. Imperial		1:47:19.746	-3.960		2		126.270
04	#22	PHI	Philipe					Team Vincent			1:47:21.290	-5.505		2		126.293
05	#20	MAC	Mac						Team Vincent			1:47:21.733	-5.948		2		126.442
06	#19	ZAI	khélok atep zailunaɰ	Team Solea Racing		1:47:24.860	-9.075		2		126.552
07	#42	OOS	Frank Oosterhout		Cows Go Moo Racing		1:47:27.565	-11.779		3		126.375
08	#21	ORS	Orson					Team Vincent			1:47:44.331	-28.546		2		126.810
09	#35	AKA	Asaúni Akaleta			Team Vikasani			1:47:48.542	-32.757		2		126.977
10	#30	WIS	Josh Wise				BONGATAR				1:48:00.849	-45.064		2		126.636
11	#80	AYA	Ifloenne é Aya			Team V.V. Imperial		1:48:03.281	-47.496		2		127.190
12	#14	HÚC	Daseno Húctu			Team Vikasani			1:48:04.383	-48.598		2		126.922
13	#98	MOT	Gorga Motxev			Dotruga Formula Racing	1:48:05.833	-50.048		2		127.218
14	#69	SAN	Marisa Sanchez			Cows Go Moo Racing		1:48:06.162	-50.377		2		127.244
15	#11	XIA	Tembio Xiahelvi			Dotruga Formula Racing	1:48:08.752	-52.967		2		127.158
16	#13	SWE	Vernika Swerq			Cows Go Moo Racing		1:48:16.579	-60.794		2		127.369
17	#94	NES	At'ipi Nesbeksë			Team Diigikwk Racers	1:48:18.585	-62.800		2		127.371
18	#26	ILI	Rikvisi Iliria			Team Vikasani			1:48:21.985	-66.200		2		127.706
19	#74	KON	Bařàsiz Konoca			Team Diigikwk Racers	1:48:28.528	-72.743		2		127.700
20	#53	TÀC	Ešuro Tàcràɰë			Team Diigikwk Racers	1:48:28.553	-72.767		2		126.990
21	# 3	BOB	Bob						BONGATAR				1:48:29.896	-74.110		2		127.466
22	# 2	MOL	Paul Molthus			BONGATAR				1:48:30.359	-74.574		2		127.469
23	#82	NUK	NUKKI					Team V.V. Imperial		1:49:39.185	-143.400	2		129.717
24	#29	ALU	Sago Aludetsei			Dotruga Formula Racing	RETIRED		DNF			0		128.441

-- RACE INCIDENT REPORT --
Orson made a mistake while attempting an overtake on lap 1.
Sago Aludetsei crashed out while attempting an overtake on lap 4.
Bařàsiz Konoca made a mistake while attempting an overtake on lap 4.
Rikvisi Iliria made a mistake while attempting an overtake on lap 6.
Frank Oosterhout made a mistake while attempting an overtake on lap 7.
NUKKI made a mistake while attempting an overtake on lap 11.
Josh Wise made a mistake while attempting an overtake on lap 13.
xap'ít celentir šaŋév made a mistake while attempting an overtake on lap 15.
khélok atep zailunaɰ made a mistake while attempting an overtake on lap 15.
Frank Oosterhout made a pit stop to repair damage caused by a large incident while attempting an overtake on lap 23.
Bařàsiz Konoca made a mistake on lap 33.
Josh Wise made a mistake while attempting an overtake on lap 44.
