-- LAP TIMES --
Lap 1	42 90.385     	31 90.400     	20 90.445     	22 90.647     	81 90.824     	47 90.829     	19 90.631     	80 90.194     	29 90.627     	98 90.436     	69 90.891     	11 90.503     	35 90.758     	21 90.892     	 2 90.860     	30 91.165     	14 90.754     	94 91.220     	13 91.131     	53 91.229     	 3 91.418     	74 91.421     	82 91.544     	26 92.120     	
Lap 2	42 90.592     	31 90.604     	47 90.192     	19 90.207     	22 90.455     	20 90.688     	29 90.341     	81 90.957     	69 90.695     	11 90.704     	21 90.621     	80 90.920     	98 91.036     	94 90.530     	35 91.098     	30 90.870     	 2 90.940     	13 90.840     	14 91.225     	53 91.019     	 3 91.185     	74 91.022     	82 91.441     	
Lap 3	22 90.141     	20 90.120     	19 90.326     	47 90.478     	31 90.651     	42 90.859     	29 90.757     	81 90.684     	80 90.888     	21 90.895     	69 90.925     	98 90.765     	35 90.763     	11 91.325     	94 90.976     	30 90.893     	 2 91.144     	14 91.019     	53 90.891     	13 91.840     	74 91.312     	82 92.224     	26 92.172     	
Lap 4	19 90.435     	20 90.488     	22 90.756     	42 90.422     	47 90.866     	31 91.088     	81 90.656     	98 90.470     	29 91.248     	80 90.758     	21 91.034     	11 90.651     	35 90.804     	69 91.145     	30 91.240     	94 91.452     	74 89.997     	14 90.953     	53 91.134     	 2 91.512     	13 91.000     	82 91.483     	26 92.279     	
Lap 5	20 90.338     	19 90.390     	42 90.537     	22 90.869     	47 90.929     	31 90.965     	29 90.618     	80 90.473     	98 90.757     	81 91.009     	69 90.602     	11 90.821     	21 90.987     	30 90.643     	35 91.637     	13 90.154     	94 90.956     	14 91.086     	74 91.343     	53 91.109     	 2 91.587     	82 90.872     	26 91.887     	
Lap 6	42 90.161     	19 90.727     	20 91.161     	47 90.254     	31 90.268     	22 91.206     	81 90.631     	69 90.659     	98 91.202     	80 91.276     	29 91.411     	11 90.879     	21 91.287     	30 90.929     	94 90.675     	13 91.002     	35 91.510     	74 90.997     	14 91.303     	53 91.416     	 2 91.569     	82 91.232     	26 92.380     	
Lap 7	19 90.683     	42 91.008     	20 90.814     	47 90.831     	22 90.383     	31 90.881     	81 90.281     	69 90.742     	80 90.888     	98 91.009     	29 91.024     	11 91.049     	21 90.643     	30 91.283     	94 91.295     	13 91.367     	74 90.910     	53 90.792     	35 91.579     	14 92.620     	 2 91.617     	82 91.048     	26 92.529     	
Lap 8	42 90.311     	19 90.904     	20 90.760     	47 90.718     	31 90.786     	22 91.299     	81 90.955     	69 90.720     	80 91.105     	98 91.178     	11 90.947     	21 91.148     	29 91.522     	30 90.833     	94 90.725     	74 91.457     	13 91.558     	53 91.492     	35 92.186     	14 91.177     	 2 91.507     	82 92.048     	26 92.543     	
Lap 9	42 90.334     	19 90.940     	47 90.669     	20 90.914     	31 90.761     	22 90.708     	81 90.799     	69 91.137     	80 90.905     	11 90.776     	98 91.034     	21 91.144     	29 91.106     	94 90.891     	30 91.586     	13 91.051     	53 90.813     	74 91.697     	35 91.316     	14 91.670     	 2 91.917     	82 90.928     	26 92.464     	
Lap 10	42 90.720     	47 90.450     	19 90.949     	31 90.429     	20 90.982     	81 90.408     	22 91.367     	69 91.053     	80 90.686     	11 90.732     	98 91.277     	29 91.021     	94 90.785     	21 91.380     	30 90.960     	53 91.353     	13 91.729     	74 91.367     	35 90.976     	14 91.904     	 2 91.744     	82 92.244     	26 92.246     	
Lap 11	42 90.755     	19 90.685     	47 91.336     	20 91.058     	81 90.743     	31 91.412     	22 90.751     	80 90.603     	11 90.820     	69 91.236     	98 90.743     	29 90.881     	21 91.566     	30 91.609     	94 92.763     	53 91.649     	74 91.199     	13 91.592     	35 92.286     	14 91.909     	 2 92.086     	82 91.847     	26 92.737     	
Lap 12	42 89.824     	19 90.617     	20 90.683     	31 90.546     	47 91.342     	81 91.294     	22 90.964     	80 91.528     	11 91.403     	98 91.135     	69 91.709     	29 91.385     	21 91.035     	30 90.983     	94 91.438     	53 91.393     	74 91.698     	13 92.085     	35 91.038     	14 91.350     	 2 91.543     	82 91.925     	26 91.949     	
Lap 13	42 89.690     	19 90.624     	20 91.414     	31 91.454     	47 91.401     	81 91.194     	22 90.851     	80 91.075     	11 91.116     	69 91.300     	98 91.571     	29 90.995     	21 91.292     	30 90.975     	94 91.425     	53 91.259     	74 92.026     	13 91.648     	35 91.812     	14 92.096     	 2 92.017     	82 91.631     	26 92.015     	
Lap 14	42 90.058     	19 89.928     	22 90.562     	20 91.390     	31 91.309     	47 91.231     	81 91.212     	80 91.350     	11 91.424     	69 91.200     	29 90.999     	98 91.678     	21 91.617     	30 91.709     	94 91.415     	74 91.468     	53 92.878     	35 91.265     	13 92.013     	14 91.733     	 2 92.417     	82 92.544     	26 92.892     	
Lap 15	42 90.520     	19 90.438     	81 89.809     	22 91.266     	47 90.824     	20 91.006     	31 91.056     	80 91.024     	11 91.381     	69 91.480     	29 91.566     	98 92.369     	21 91.745     	30 91.666     	94 91.513     	35 91.306     	74 92.038     	53 91.941     	13 92.093     	14 90.358     	 2 91.743     	82 92.173     	26 92.094     	
Lap 16	42 90.287     	19 90.559     	81 91.081     	22 90.877     	47 90.961     	20 91.080     	31 92.476     	80 91.603     	11 91.473     	29 91.036     	69 91.616     	98 91.386     	21 91.419     	30 91.985     	94 91.908     	74 91.491     	35 91.854     	13 91.312     	14 91.195     	53 92.160     	 2 91.553     	82 91.855     	26 92.760     	
Lap 17	42 90.398     	19 90.208     	20 90.645     	47 90.946     	81 91.739     	22 91.563     	31 91.620     	80 91.096     	11 91.235     	29 91.768     	69 92.335     	98 91.137     	21 91.482     	30 91.171     	94 91.871     	13 91.476     	35 92.181     	74 92.395     	14 92.377     	53 92.438     	 2 91.280     	82 92.070     	26 92.747     	
Lap 18	42 90.113     	19 90.001     	20 91.034     	47 91.096     	81 91.092     	22 91.180     	31 91.004     	80 91.625     	11 91.941     	29 91.262     	98 91.546     	69 91.889     	21 91.142     	30 92.103     	94 90.809     	13 91.581     	35 91.995     	74 92.416     	14 91.752     	53 92.579     	 2 91.071     	82 92.148     	26 92.463     	
Lap 19	42 90.523     	19 90.312     	20 91.352     	47 91.437     	22 90.863     	81 91.812     	31 90.643     	80 90.870     	29 91.405     	11 91.549     	21 91.494     	98 92.047     	69 92.605     	30 91.492     	94 91.570     	13 92.398     	35 92.389     	14 91.808     	74 92.429     	53 92.121     	 2 93.140     	82 91.925     	26 92.490     	
Lap 20	42 90.935     	19 90.719     	22 91.346     	20 91.732     	47 92.005     	81 91.798     	31 91.132     	80 90.733     	29 91.561     	11 92.589     	21 91.713     	98 91.949     	69 91.483     	30 91.376     	94 91.564     	13 91.847     	14 92.610     	35 92.649     	74 92.147     	 2 91.056     	53 93.083     	82 92.031     	26 92.960     	
Lap 21	42 91.153     	19 90.330     	20 91.700     	22 91.853     	47 91.480     	81 91.444     	31 92.129     	80 91.348     	29 91.087     	11 91.890     	21 91.531     	98 91.754     	69 91.839     	30 91.601     	94 91.867     	13 90.756     	74 91.576     	35 91.803     	14 92.082     	 2 92.871     	53 92.613     	82 91.625     	26 92.659     	
Lap 22	42 90.775     	19 90.828     	81 90.990     	22 91.438     	20 92.054     	47 91.892     	31 91.282     	80 91.357     	29 90.852     	11 91.776     	21 91.528     	98 92.242     	30 91.883     	69 92.173     	94 91.823     	13 91.430     	74 92.137     	35 92.166     	14 92.948     	53 91.911     	 2 92.560     	82 91.832     	26 92.750     	
Lap 23	42 90.803     	19 91.394     	22 91.551     	81 92.124     	20 92.027     	31 91.623     	80 91.595     	29 91.045     	13 91.331     	53 92.543     	 2 92.946     	47 109.533 PIT	82 92.407     	11 109.129 PIT	21 108.992 PIT	98 109.008 PIT	94 108.678 PIT	69 109.361 PIT	30 110.065 PIT	74 109.290 PIT	14 108.914 PIT	35 111.200 PIT	26 93.605     	
Lap 24	19 91.172     	81 91.571     	20 91.712     	31 92.267     	80 92.180     	42 107.366 PIT	22 108.424 PIT	47 91.014     	29 108.730 PIT	82 93.685     	21 89.999     	11 90.741     	98 91.205     	69 90.746     	94 91.115     	30 90.788     	13 108.643 PIT	74 91.204     	14 91.738     	35 91.522     	53 110.097 PIT	 2 109.626 PIT	26 110.313 PIT	
Lap 25	20 91.783     	42 90.340     	19 108.552 PIT	22 90.046     	47 89.622     	81 109.714 PIT	29 90.732     	80 109.032 PIT	31 109.330 PIT	21 91.074     	82 92.530     	11 92.333     	98 90.724     	69 90.440     	94 90.615     	30 90.884     	13 90.740     	74 90.578     	14 89.967     	35 90.698     	53 91.817     	 2 92.199     	26 91.951     	
Lap 26	42 89.958     	19 90.359     	22 90.089     	47 89.852     	81 90.478     	20 108.457 PIT	29 90.685     	80 91.170     	31 91.414     	21 90.616     	11 90.576     	69 90.731     	98 90.803     	94 91.164     	30 90.535     	13 90.370     	74 91.196     	14 91.405     	35 90.247     	53 90.626     	 2 91.494     	82 112.392 PIT	26 92.156     	
Lap 27	42 90.049     	19 89.300     	22 90.193     	47 89.962     	81 90.884     	20 90.769     	29 90.790     	80 90.834     	21 89.482     	31 90.977     	11 90.910     	69 90.812     	30 90.227     	98 91.183     	94 90.872     	13 90.623     	74 90.079     	14 91.459     	35 92.318     	53 90.325     	 2 90.288     	82 91.066     	26 91.505     	
Lap 28	42 89.743     	19 89.371     	22 90.365     	47 90.582     	81 90.826     	20 90.888     	29 91.092     	80 90.845     	31 90.743     	21 91.194     	11 90.768     	69 90.569     	98 90.525     	30 91.029     	94 90.735     	13 89.865     	74 90.168     	14 90.435     	35 90.332     	53 90.053     	 2 90.228     	82 90.709     	26 91.735     	
Lap 29	42 89.636     	19 89.983     	47 90.072     	22 90.937     	81 90.986     	20 90.727     	29 91.175     	21 90.090     	80 91.164     	31 90.904     	11 90.953     	98 90.379     	30 90.737     	69 91.459     	94 90.742     	13 91.158     	74 90.184     	14 90.426     	35 90.426     	53 90.563     	 2 90.912     	82 90.992     	26 91.490     	
Lap 30	42 89.786     	19 89.674     	22 89.571     	47 90.726     	81 90.391     	20 90.815     	21 90.476     	29 90.881     	80 90.944     	31 91.357     	98 90.561     	11 91.049     	30 90.893     	69 90.822     	94 91.003     	13 90.601     	74 90.170     	14 90.447     	35 90.771     	53 90.522     	 2 90.750     	82 90.994     	26 92.511     	
Lap 31	42 90.128     	19 89.964     	22 90.409     	47 90.738     	81 90.759     	20 90.430     	21 91.093     	29 91.535     	80 91.122     	31 90.666     	98 90.488     	30 90.713     	11 91.360     	94 90.854     	69 91.302     	13 91.236     	74 90.035     	14 90.386     	35 90.606     	53 90.153     	 2 90.577     	82 90.841     	26 92.202     	
Lap 32	42 89.815     	19 89.828     	22 89.994     	47 89.518     	20 90.025     	81 90.711     	21 91.231     	80 90.730     	29 91.512     	31 91.245     	98 90.213     	30 90.939     	69 90.625     	11 91.143     	94 91.655     	13 90.843     	74 90.151     	14 90.965     	35 91.648     	53 92.365     	 2 90.264     	82 91.414     	26 92.089     	
Lap 33	42 90.306     	19 89.958     	22 90.822     	47 90.111     	20 90.366     	81 91.437     	21 90.964     	80 90.924     	31 91.059     	29 91.559     	98 91.152     	30 91.258     	69 91.341     	11 91.643     	74 89.656     	94 91.172     	13 91.782     	14 91.019     	35 90.583     	53 91.549     	 2 91.943     	82 91.256     	26 92.313     	
Lap 34	42 89.722     	19 90.003     	47 90.398     	22 91.032     	20 90.067     	81 89.842     	80 91.135     	21 91.634     	29 90.682     	31 90.964     	98 91.525     	30 91.298     	69 91.192     	11 91.187     	94 91.180     	74 91.646     	13 90.693     	14 90.425     	35 90.621     	53 90.963     	 2 92.016     	82 90.914     	26 92.389     	
Lap 35	42 89.870     	19 90.439     	22 89.422     	47 90.636     	20 90.367     	81 89.769     	80 90.720     	21 91.046     	31 91.200     	29 91.574     	98 90.424     	69 91.153     	11 91.084     	94 91.151     	13 91.338     	74 91.879     	30 93.179     	14 91.087     	35 90.897     	53 90.544     	 2 90.933     	82 91.588     	26 92.012     	
Lap 36	42 89.993     	19 90.386     	22 90.667     	47 90.698     	20 90.743     	81 91.025     	80 90.786     	21 91.451     	31 90.886     	29 91.306     	98 91.835     	69 91.148     	11 91.746     	94 91.511     	30 90.879     	13 91.131     	74 91.605     	14 91.196     	35 90.663     	53 90.791     	 2 90.947     	82 91.464     	26 92.117     	
Lap 37	42 90.163     	19 90.301     	22 90.769     	47 91.128     	20 91.256     	81 91.246     	80 90.686     	31 91.212     	21 91.634     	29 90.885     	98 90.391     	69 91.627     	11 91.013     	74 90.414     	94 91.838     	13 91.435     	30 91.788     	14 91.251     	35 90.484     	53 90.767     	 2 91.481     	82 91.729     	26 92.647     	
Lap 38	42 90.175     	19 90.483     	22 89.918     	47 90.407     	20 91.361     	81 91.325     	80 89.947     	31 90.792     	21 91.215     	29 91.708     	98 92.022     	69 91.183     	30 90.301     	11 91.931     	74 91.563     	94 91.730     	13 91.897     	14 91.860     	35 92.468     	53 90.968     	 2 91.443     	82 91.137     	26 92.019     	
Lap 39	42 90.215     	19 90.513     	22 89.851     	47 90.416     	20 90.795     	81 91.674     	80 89.938     	31 91.292     	29 91.141     	21 91.870     	98 91.880     	69 91.748     	30 91.716     	11 91.435     	94 91.263     	74 92.034     	13 91.403     	14 90.736     	35 91.256     	53 90.303     	 2 91.400     	82 91.051     	26 92.405     	
Lap 40	42 89.964     	19 90.285     	22 90.690     	47 90.406     	20 90.306     	80 90.256     	81 90.935     	31 90.735     	29 91.366     	21 91.359     	98 90.510     	11 91.247     	30 91.265     	69 92.001     	94 91.635     	74 91.622     	13 92.288     	14 90.611     	35 92.357     	53 92.772     	 2 91.307     	82 91.765     	26 92.317     	
Lap 41	42 89.903     	19 89.871     	22 90.066     	47 90.299     	20 89.868     	81 90.868     	80 91.753     	31 90.796     	21 91.718     	29 91.866     	98 91.812     	69 91.661     	11 92.063     	30 92.097     	74 91.544     	94 92.017     	14 90.639     	13 92.052     	35 92.401     	53 93.190     	 2 91.464     	82 92.003     	26 92.674     	
Lap 42	42 90.606     	19 90.634     	22 90.935     	47 90.473     	20 90.551     	81 90.845     	80 90.411     	31 90.190     	21 91.297     	29 91.847     	98 92.631     	69 91.734     	30 91.995     	11 92.118     	74 91.989     	94 92.017     	14 91.637     	13 92.041     	35 91.386     	53 91.212     	 2 91.188     	82 91.227     	26 93.132     	
Lap 43	42 90.618     	19 90.369     	22 90.715     	47 90.206     	20 90.327     	80 90.393     	81 90.941     	31 90.883     	21 91.341     	29 91.870     	98 90.872     	69 91.889     	30 91.437     	74 91.690     	11 92.266     	14 91.858     	94 92.424     	13 91.673     	35 91.433     	53 91.222     	 2 91.045     	82 91.617     	26 92.961     	
Lap 44	42 90.601     	19 90.467     	22 91.074     	47 90.678     	20 90.298     	81 91.395     	80 91.898     	31 90.891     	21 91.229     	29 91.523     	98 92.812     	69 92.179     	30 92.083     	74 92.012     	11 92.653     	14 92.014     	94 92.158     	13 92.511     	35 91.314     	53 90.919     	 2 91.352     	82 91.776     	26 92.761     	
Lap 45	42 91.078     	19 90.327     	47 90.940     	22 92.172     	20 90.706     	80 90.858     	81 91.853     	31 90.710     	21 91.428     	29 90.931     	98 92.036     	30 91.707     	69 92.365     	74 92.844     	11 92.436     	14 92.508     	94 92.333     	13 92.165     	35 91.984     	53 92.735     	 2 91.572     	82 91.639     	26 93.415     	
Lap 46	42 91.179     	19 90.619     	22 90.659     	47 92.268     	20 91.134     	81 91.395     	80 92.114     	31 90.302     	21 92.132     	29 92.032     	98 91.384     	69 93.080     	74 92.217     	11 92.000     	14 92.612     	13 92.414     	53 92.482     	 2 92.517     	30 109.455 PIT	82 92.155     	94 109.837 PIT	35 107.942 PIT	26 93.281     	
Lap 47	42 90.707     	19 91.221     	22 91.274     	20 91.244     	81 91.406     	80 92.148     	31 91.697     	47 108.137 PIT	21 91.970     	29 91.543     	69 92.500     	74 93.102     	11 93.074     	14 92.867     	98 108.088 PIT	30 90.018     	94 90.009     	82 92.021     	35 90.351     	13 109.713 PIT	53 109.919 PIT	 2 110.539 PIT	26 93.010     	
Lap 48	42 91.485     	19 90.900     	22 91.655     	20 91.242     	81 91.895     	80 91.941     	31 92.003     	47 89.645     	11 92.080     	74 92.841     	14 93.186     	21 109.621 PIT	98 90.516     	29 109.540 PIT	30 90.317     	94 90.744     	69 108.448 PIT	35 91.337     	13 91.100     	82 93.903     	53 90.854     	 2 90.497     	26 93.838     	
Lap 49	42 91.025     	19 107.405 PIT	22 90.858     	81 92.469     	47 89.802     	31 91.902     	20 108.123 PIT	80 108.539 PIT	29 90.563     	98 91.055     	21 91.216     	30 90.072     	94 89.583     	69 90.141     	35 90.715     	13 91.085     	11 110.474 PIT	74 109.740 PIT	14 109.247 PIT	53 90.301     	 2 90.033     	82 109.827 PIT	26 110.863 PIT	
Lap 50	42 108.444 PIT	19 91.032     	22 92.146     	47 90.284     	31 91.132     	20 90.061     	80 89.751     	81 109.542 PIT	29 90.608     	21 90.800     	98 91.052     	30 90.208     	94 90.450     	69 89.806     	35 91.157     	13 90.588     	11 91.407     	74 91.669     	14 91.142     	53 91.432     	 2 91.303     	82 91.233     	26 92.678     	
Lap 51	42 90.323     	19 89.418     	22 91.773     	47 89.448     	20 89.190     	80 90.287     	81 89.853     	31 109.520 PIT	29 90.555     	98 90.794     	21 91.191     	30 91.163     	94 89.847     	69 90.066     	35 91.228     	13 91.460     	11 90.400     	74 91.511     	14 91.918     	53 90.968     	 2 92.139     	82 90.607     	26 93.231     	
Lap 52	42 89.728     	19 89.692     	47 89.229     	20 89.563     	22 109.106 PIT	80 90.305     	81 89.205     	31 90.297     	29 90.041     	21 90.466     	98 90.781     	30 90.213     	94 90.444     	69 89.620     	35 91.115     	13 90.973     	11 89.708     	74 91.487     	14 91.366     	53 92.146     	 2 90.975     	82 90.787     	26 91.524     	
Lap 53	42 89.833     	19 89.337     	47 90.015     	20 89.569     	22 89.837     	80 89.443     	81 90.060     	31 89.342     	29 89.791     	21 90.859     	98 91.094     	30 91.303     	94 91.306     	69 90.718     	35 90.920     	13 90.754     	11 90.317     	74 91.574     	14 91.879     	53 91.233     	 2 92.162     	82 90.941     	26 92.182     	
Lap 54	42 90.112     	19 89.467     	47 89.584     	20 89.849     	22 89.432     	80 90.066     	81 89.784     	31 89.515     	29 89.877     	21 90.657     	98 90.454     	30 90.981     	69 90.813     	94 91.401     	11 90.084     	35 91.861     	13 91.672     	74 91.610     	14 91.657     	53 92.006     	 2 90.730     	82 91.399     	26 91.804     	
Lap 55	42 90.134     	19 90.774     	47 90.035     	20 89.715     	22 89.433     	80 90.161     	81 89.552     	31 90.040     	29 89.855     	21 90.949     	98 91.056     	30 90.194     	69 91.444     	94 91.035     	11 89.863     	35 91.163     	13 91.596     	74 91.367     	14 91.154     	53 91.159     	 2 91.965     	82 90.845     	26 92.432     	
Lap 56	42 89.540     	19 89.377     	47 89.934     	20 90.202     	22 89.786     	80 90.265     	81 89.601     	31 89.701     	29 90.138     	21 90.926     	98 91.263     	30 90.910     	94 90.467     	69 91.036     	11 90.020     	35 91.010     	13 91.366     	74 91.074     	14 91.234     	 2 90.984     	53 94.149     	82 90.904     	26 91.876     	
Lap 57	42 90.709     	19 90.474     	47 89.725     	20 90.821     	22 91.342     	81 90.650     	80 91.435     	31 89.877     	29 90.112     	21 91.455     	98 91.332     	30 91.089     	69 90.970     	94 91.622     	11 90.457     	13 90.913     	35 91.891     	74 91.368     	14 91.976     	 2 90.729     	53 90.614     	82 90.952     	26 92.441     	
Lap 58	42 90.539     	19 91.307     	47 89.905     	20 90.072     	22 89.339     	80 89.940     	81 91.075     	31 89.467     	29 90.664     	21 90.884     	30 91.088     	98 91.471     	69 91.194     	94 91.064     	11 90.165     	35 91.153     	13 91.615     	74 90.233     	14 91.507     	 2 92.182     	53 90.920     	82 91.166     	26 92.324     	
Lap 59	42 90.139     	19 90.439     	47 90.040     	20 90.435     	22 90.667     	81 90.433     	80 91.480     	31 90.975     	29 90.255     	21 91.444     	30 91.096     	98 91.697     	94 90.956     	69 91.589     	11 89.908     	13 91.600     	35 92.110     	74 90.475     	14 90.381     	 2 91.692     	53 91.344     	82 91.482     	26 92.271     	
Lap 60	42 89.798     	19 89.880     	47 89.678     	20 91.055     	22 91.134     	81 90.527     	80 91.206     	31 91.243     	29 90.294     	21 90.983     	30 90.960     	98 92.103     	94 91.133     	69 91.296     	11 91.494     	13 91.370     	35 91.259     	74 90.629     	14 90.860     	53 91.044     	 2 92.379     	82 91.190     	26 91.824     	
Lap 61	42 90.415     	19 89.705     	47 90.281     	20 90.991     	22 90.949     	81 90.603     	80 91.363     	31 91.309     	29 90.778     	21 90.969     	30 91.797     	98 90.016     	69 91.110     	94 91.947     	11 91.293     	13 91.248     	35 91.721     	74 90.354     	14 90.560     	53 92.035     	 2 92.367     	82 91.534     	26 92.793     	
Lap 62	42 90.361     	19 90.320     	47 90.316     	20 91.193     	22 91.222     	81 90.497     	80 91.200     	31 91.175     	29 90.817     	21 90.668     	30 91.795     	98 92.463     	94 91.177     	11 91.256     	69 91.896     	74 90.832     	13 91.412     	35 91.792     	14 91.180     	53 90.707     	 2 90.623     	82 90.942     	26 91.952     	
Lap 63	42 90.209     	19 90.476     	47 90.578     	20 90.671     	22 90.888     	81 89.859     	80 91.393     	31 91.266     	29 90.827     	21 90.164     	30 90.421     	98 90.369     	94 91.585     	69 91.370     	11 91.711     	74 91.443     	13 91.858     	35 92.280     	14 90.925     	53 91.289     	 2 90.795     	82 91.929     	26 92.849     	
Lap 64	42 90.533     	19 90.748     	47 89.971     	20 90.912     	22 90.859     	81 90.161     	80 91.663     	31 91.348     	29 90.660     	21 91.025     	30 92.026     	98 91.831     	69 91.539     	94 91.938     	11 92.024     	74 91.874     	13 91.813     	35 91.305     	14 90.933     	53 91.899     	 2 92.703     	82 91.098     	26 92.357     	
Lap 65	42 90.081     	19 90.471     	47 90.324     	20 90.779     	22 90.943     	81 89.765     	80 90.927     	31 91.779     	29 90.671     	21 90.451     	30 91.955     	98 92.102     	69 91.514     	94 91.940     	11 91.668     	74 91.887     	13 91.858     	35 92.092     	14 92.574     	53 90.717     	 2 91.670     	82 91.574     	26 92.508     	
Lap 66	42 90.041     	19 90.761     	47 90.543     	20 90.743     	22 89.780     	81 90.402     	80 91.260     	31 91.138     	29 91.265     	21 90.885     	30 92.265     	98 92.026     	69 91.212     	94 92.327     	11 92.434     	13 91.712     	74 92.115     	35 91.494     	14 91.250     	53 91.485     	 2 91.291     	82 91.228     	26 92.180     	
Lap 67	42 90.118     	19 90.134     	47 90.238     	20 91.483     	22 91.878     	81 90.868     	80 91.431     	31 91.195     	29 91.328     	21 90.955     	30 92.094     	98 92.646     	69 90.862     	94 92.068     	11 91.731     	13 91.867     	74 92.192     	35 92.123     	14 92.749     	53 91.077     	 2 91.380     	82 91.889     	26 92.406     	
Lap 68	42 90.914     	19 91.052     	47 90.758     	20 91.853     	22 91.830     	81 90.255     	80 91.470     	31 91.614     	29 90.828     	21 91.251     	30 91.191     	98 91.934     	69 91.864     	94 91.857     	11 91.703     	13 92.428     	74 92.163     	14 91.134     	35 93.259     	53 91.543     	 2 91.993     	82 92.156     	26 92.918     	
Lap 69	42 90.054     	19 90.450     	47 90.862     	20 91.270     	22 91.931     	81 90.506     	80 92.229     	31 91.831     	29 91.440     	21 90.814     	98 91.883     	69 91.894     	11 92.645     	74 90.765     	13 92.301     	14 92.152     	53 91.046     	30 108.515 PIT	35 93.782     	 2 92.065     	94 109.430 PIT	82 91.606     	26 92.729     	
Lap 70	42 91.009     	19 91.189     	20 90.497     	47 107.734 PIT	22 90.768     	81 90.231     	31 91.437     	29 90.932     	80 92.298     	21 90.942     	98 92.274     	69 92.228     	11 91.423     	74 91.565     	14 91.681     	30 91.541     	35 93.717     	 2 92.178     	94 89.834     	82 92.138     	13 108.496 PIT	53 109.610 PIT	26 93.454     	
Lap 71	42 90.720     	19 90.700     	47 90.410     	22 89.990     	20 91.509     	81 90.973     	31 91.958     	29 91.941     	80 92.257     	98 92.071     	69 92.410     	11 91.345     	21 108.512 PIT	74 91.296     	14 91.081     	30 89.972     	94 89.335     	35 91.381     	 2 93.197     	82 91.711     	13 90.493     	53 89.922     	26 93.240     	
Lap 72	42 91.194     	19 90.496     	47 90.703     	22 91.774     	81 90.586     	31 91.943     	20 109.302 PIT	80 91.414     	29 109.333 PIT	69 92.244     	21 90.306     	74 91.646     	30 90.446     	14 92.599     	94 90.638     	35 93.706     	98 109.986 PIT	11 107.958 PIT	 2 91.679     	13 89.623     	53 89.599     	82 109.373 PIT	26 110.300 PIT	
Lap 73	19 91.406     	42 108.500 PIT	47 90.001     	22 90.303     	20 90.440     	31 91.626     	81 107.471 PIT	29 89.883     	80 109.005 PIT	69 91.153     	21 90.287     	74 92.090     	30 90.095     	14 91.657     	94 90.043     	98 91.058     	11 91.433     	13 90.421     	53 89.843     	35 109.568 PIT	 2 110.516 PIT	82 90.831     	26 91.857     	
Lap 74	19 91.087     	42 89.522     	47 89.534     	22 90.980     	20 89.491     	81 90.378     	29 89.909     	80 90.064     	31 108.172 PIT	21 90.105     	30 90.569     	74 92.922     	94 90.638     	14 92.497     	98 91.119     	69 109.195 PIT	11 91.612     	13 90.360     	53 90.458     	35 90.111     	 2 91.201     	82 90.874     	26 91.500     	
Lap 75	42 89.575     	19 108.568 PIT	47 89.844     	22 91.133     	20 90.168     	81 89.155     	29 89.707     	80 90.878     	31 90.716     	21 90.203     	30 89.935     	94 89.735     	98 90.526     	69 90.730     	11 90.971     	13 89.806     	53 90.601     	74 109.116 PIT	14 109.649 PIT	35 90.547     	 2 90.472     	82 90.969     	26 91.719     	
Lap 76	42 89.602     	19 89.541     	47 89.674     	22 90.862     	20 89.857     	81 89.534     	29 89.575     	80 90.520     	31 91.125     	21 90.342     	30 90.391     	94 90.469     	98 90.199     	69 90.483     	11 90.821     	13 89.893     	53 89.890     	74 90.051     	14 90.957     	35 90.472     	 2 90.374     	82 90.669     	26 92.102     	
Lap 77	42 90.108     	19 90.038     	47 89.679     	22 91.798     	20 89.524     	81 90.042     	29 90.006     	80 91.217     	31 90.851     	21 90.225     	30 90.395     	94 90.107     	98 90.068     	69 90.498     	11 91.047     	13 90.485     	53 90.102     	74 90.142     	14 89.803     	35 90.217     	 2 90.409     	82 90.646     	26 92.293     	
Lap 78	42 89.652     	19 89.294     	47 89.464     	20 90.029     	81 89.885     	22 108.372 PIT	29 89.915     	80 90.821     	31 91.016     	21 89.616     	30 89.734     	94 90.165     	98 89.746     	69 90.336     	11 91.386     	13 91.249     	53 89.893     	74 89.968     	14 90.041     	35 90.119     	 2 90.911     	82 91.215     	26 91.701     	
Lap 79	42 89.346     	19 89.705     	47 90.025     	20 89.972     	81 89.457     	22 90.271     	29 89.781     	31 90.224     	21 90.073     	80 91.222     	30 89.807     	94 90.384     	98 89.890     	69 90.364     	11 91.466     	13 91.452     	53 90.728     	74 90.679     	14 90.392     	35 90.404     	 2 90.768     	82 91.222     	26 92.368     	
Lap 80	42 89.417     	19 90.022     	47 89.804     	20 90.370     	81 89.390     	22 89.656     	29 89.787     	80 90.382     	31 90.915     	21 91.442     	30 90.455     	94 90.183     	98 89.570     	69 90.270     	11 91.409     	13 91.512     	53 91.727     	74 90.678     	14 90.602     	35 90.628     	 2 90.642     	82 90.922     	26 92.012     	

-- OFFICIAL RESULTS --
Pos	#No	Driver						Team					Time		Diff		Pits	Best
01	#42	OOS	Frank Oosterhout		Cows Go Moo Racing		2:01:16.266	-0.000		3		89.346
02	#19	ZAI	khélok atep zailunaɰ	Team Solea Racing		2:01:22.881	-6.614		3		89.294
03	#47	PAV	ketila léqa pavúteka	Team Solea Racing		2:01:29.153	-12.887		3		89.229
04	#20	MAC	Mac						Team Vincent			2:01:50.026	-33.760		3		89.190
05	#81	KÆR	Lyǽs Kæræsekæræn		Team V.V. Imperial		2:01:50.573	-34.307		3		89.155
06	#22	PHI	Philipe					Team Vincent			2:01:55.886	-39.620		3		89.339
07	#29	ALU	Sago Aludetsei			Dotruga Formula Racing	2:02:06.557	-50.291		3		89.575
08	#80	AYA	Ifloenne é Aya			Team V.V. Imperial		2:02:14.524	-58.258		3		89.443
09	#31	ŠAŊ	xap'ít celentir šaŋév	Team Solea Racing		2:02:14.686	-58.420		3		89.342
10	#21	ORS	Orson					Team Vincent			2:02:15.215	-58.949		3		89.482
11	#30	WIS	Josh Wise				BONGATAR				2:02:21.736	-65.469		3		89.734
12	#94	NES	At'ipi Nesbeksë			Team Diigikwk Racers	2:02:25.634	-69.368		3		89.335
13	#98	MOT	Gorga Motxev			Dotruga Formula Racing	2:02:30.226	-73.959		3		89.570
14	#69	SAN	Marisa Sanchez			Cows Go Moo Racing		2:02:33.714	-77.448		3		89.620
15	#11	XIA	Tembio Xiahelvi			Dotruga Formula Racing	2:02:38.254	-81.988		3		89.708
16	#13	SWE	Vernika Swerq			Cows Go Moo Racing		2:02:38.932	-82.666		3		89.623
17	#53	TÀC	Ešuro Tàcràɰë			Team Diigikwk Racers	2:02:39.913	-83.646		3		89.599
18	#74	KON	Bařàsiz Konoca			Team Diigikwk Racers	2:02:43.869	-87.602		3		89.656
19	#14	HÚC	Daseno Húctu			Team Vikasani			2:02:47.313	-91.047		3		89.803
20	#35	AKA	Asaúni Akaleta			Team Vikasani			2:02:49.416	-93.149		3		90.111
21	# 2	MOL	Paul Molthus			BONGATAR				2:02:53.966	-97.699		3		90.033
22	#82	NUK	NUKKI					Team V.V. Imperial		2:02:59.809	-103.542	3		90.607
23	#26	ILI	Rikvisi Iliria			Team Vikasani			2:04:07.180	-170.914	3		91.410
24	# 3	BOB	Bob						BONGATAR				RETIRED		DNF			0		91.185

-- RACE INCIDENT REPORT --
Bob crashed out while attempting an overtake on lap 2.
Vernika Swerq made a mistake while attempting an overtake on lap 3.
Daseno Húctu made a mistake while attempting an overtake on lap 7.
At'ipi Nesbeksë made a mistake while attempting an overtake on lap 11.
Marisa Sanchez made a mistake while attempting an overtake on lap 19.
Tembio Xiahelvi made a mistake while attempting an overtake on lap 25.
Josh Wise made a mistake while attempting an overtake on lap 35.
Gorga Motxev made a mistake on lap 45.
Rikvisi Iliria made a mistake while attempting an overtake on lap 51.
Ešuro Tàcràɰë made a mistake while attempting an overtake on lap 56.
