-- LAP TIMES --
Lap 1	29 85.428     	31 85.774     	14 85.694     	98 86.085     	47 85.495     	19 85.614     	80 85.882     	42 85.866     	30 86.007     	22 86.270     	69 85.706     	21 86.237     	35 85.993     	81 85.927     	11 86.248     	20 86.490     	41 86.011     	26 86.148     	 3 86.519     	82 86.682     	53 86.545     	 2 86.779     	94 86.680     	74 86.776     	
Lap 2	29 85.561     	98 85.187     	31 85.494     	19 85.803     	80 85.775     	42 85.697     	47 86.053     	35 85.630     	22 85.884     	69 86.043     	30 86.172     	14 86.650     	11 86.083     	81 86.273     	41 86.013     	20 86.241     	21 86.728     	26 86.501     	82 86.268     	 3 86.477     	53 86.462     	74 86.486     	94 86.646     	 2 87.015     	
Lap 3	31 85.389     	29 85.800     	98 85.742     	19 85.425     	80 85.745     	42 85.997     	47 85.842     	69 85.627     	30 85.979     	14 85.916     	22 86.296     	35 86.406     	41 85.828     	11 86.144     	81 86.403     	20 86.268     	21 86.372     	26 86.162     	 3 86.352     	53 86.878     	94 86.482     	82 87.287     	74 86.727     	 2 87.202     	
Lap 4	31 85.648     	98 85.575     	19 85.463     	29 86.092     	42 85.443     	80 85.915     	47 85.801     	69 85.730     	22 85.854     	30 86.011     	35 86.006     	11 86.103     	41 86.353     	14 86.653     	81 85.961     	20 86.464     	21 86.653     	 3 86.205     	26 86.903     	53 86.546     	82 86.527     	74 86.655     	94 86.975     	 2 86.726     	
Lap 5	98 85.327     	31 85.722     	19 85.953     	29 86.267     	80 85.981     	42 86.214     	47 85.924     	30 85.864     	69 86.532     	22 86.279     	35 86.215     	41 85.835     	81 86.038     	14 86.236     	11 86.502     	 3 86.175     	26 86.259     	20 87.021     	21 86.767     	74 86.448     	53 86.808     	82 86.768     	94 87.044     	 2 86.711     	
Lap 6	98 85.796     	31 85.600     	19 86.280     	47 85.414     	29 86.121     	80 85.714     	42 86.121     	30 86.207     	69 86.547     	22 86.284     	35 86.442     	41 86.635     	11 86.007     	81 86.388     	14 86.358     	26 86.466     	 3 86.887     	20 86.806     	21 86.965     	53 86.551     	74 86.819     	82 87.355     	94 86.781     	 2 87.367     	
Lap 7	98 85.830     	31 86.343     	19 85.767     	47 85.878     	42 85.668     	80 86.199     	29 86.295     	30 85.712     	22 86.164     	69 86.351     	41 85.924     	11 85.971     	81 85.991     	35 86.594     	14 86.351     	20 86.397     	26 87.102     	 3 87.010     	94 85.187     	21 87.161     	53 86.714     	74 87.018     	82 87.399     	 2 87.423     	
Lap 8	98 85.509     	31 86.018     	47 85.947     	29 85.703     	42 85.918     	19 86.518     	80 86.281     	30 86.412     	81 85.658     	69 86.128     	41 86.434     	22 86.933     	35 86.692     	14 87.043     	11 88.037     	20 86.456     	 3 86.321     	26 86.784     	21 86.353     	94 86.621     	53 87.151     	74 86.671     	82 85.798     	 2 87.332     	
Lap 9	98 85.417     	31 86.185     	47 86.041     	29 85.763     	42 86.086     	19 86.337     	80 86.477     	30 85.963     	81 86.147     	69 86.726     	41 86.573     	22 86.710     	35 86.517     	14 86.588     	11 86.292     	20 86.902     	26 86.590     	 3 86.909     	21 86.510     	94 86.715     	53 86.659     	74 86.951     	82 88.407     	 2 87.127     	
Lap 10	98 84.818     	31 85.779     	29 85.649     	47 85.993     	42 85.633     	19 86.391     	30 85.793     	80 86.511     	81 86.376     	69 86.264     	41 85.966     	35 86.114     	22 86.513     	14 86.212     	11 86.187     	20 86.383     	 3 86.754     	94 86.537     	21 86.845     	26 87.414     	53 86.414     	74 86.422     	82 85.995     	 2 87.176     	
Lap 11	98 85.499     	31 86.112     	29 85.575     	42 85.365     	47 86.153     	19 86.070     	30 86.193     	80 86.639     	69 85.864     	81 86.416     	41 86.531     	35 86.085     	22 86.636     	11 86.096     	14 86.311     	20 86.823     	94 86.322     	 3 86.985     	26 86.872     	21 87.339     	53 86.606     	74 86.395     	82 85.803     	 2 87.707     	
Lap 12	98 84.717     	29 85.705     	31 86.199     	42 86.352     	47 86.280     	19 86.167     	30 86.251     	80 86.462     	69 86.599     	81 86.701     	41 86.510     	22 86.209     	35 86.921     	11 86.544     	14 86.743     	20 86.943     	94 86.792     	53 86.363     	26 86.818     	21 87.129     	74 87.199     	82 88.099     	 2 87.750     	 3 99.694 PIT	
Lap 13	98 85.492     	29 85.994     	42 85.818     	31 86.294     	47 85.885     	19 86.599     	30 86.268     	80 86.596     	81 86.395     	69 86.775     	41 86.664     	35 86.429     	11 86.381     	22 87.124     	14 86.902     	20 86.595     	94 86.392     	53 86.746     	26 87.166     	21 87.242     	74 87.064     	82 86.388     	 2 87.049     	 3 86.690     	
Lap 14	98 84.908     	29 86.361     	42 86.126     	47 85.501     	31 86.264     	19 86.182     	30 86.323     	80 86.493     	81 86.703     	41 86.240     	69 86.884     	35 86.187     	11 86.509     	22 86.537     	14 87.471     	94 87.112     	20 87.362     	53 87.149     	26 86.847     	21 87.050     	74 86.953     	82 88.420     	 2 86.214     	 3 86.702     	
Lap 15	98 85.802     	29 86.128     	31 85.765     	42 86.234     	47 86.383     	19 86.174     	30 86.651     	80 85.753     	41 86.185     	81 86.945     	69 86.624     	35 86.995     	11 86.356     	22 86.881     	14 85.779     	94 86.661     	20 86.760     	53 86.986     	21 86.657     	26 87.464     	74 87.316     	82 86.693     	 2 86.591     	 3 86.279     	
Lap 16	98 85.465     	31 86.007     	29 86.630     	47 86.211     	42 86.494     	19 86.683     	30 87.048     	80 86.526     	81 86.300     	41 86.892     	69 86.649     	35 86.590     	11 86.683     	22 86.686     	14 86.956     	94 86.650     	20 86.890     	53 86.820     	26 87.193     	74 86.507     	21 87.490     	82 86.970     	 2 86.680     	 3 86.853     	
Lap 17	98 85.760     	42 85.262     	31 86.068     	29 86.072     	47 85.870     	19 86.092     	80 86.460     	30 87.021     	41 86.506     	81 86.704     	69 86.339     	35 86.401     	11 87.030     	22 87.049     	14 87.376     	94 87.367     	53 85.815     	20 87.217     	26 86.951     	74 86.956     	21 87.391     	82 86.972     	 2 86.423     	 3 86.924     	
Lap 18	98 85.207     	31 85.859     	42 86.626     	47 86.672     	29 86.837     	19 85.736     	30 86.271     	80 86.990     	41 86.884     	81 87.154     	69 87.140     	35 86.833     	11 86.519     	22 86.870     	14 86.043     	20 86.828     	53 87.427     	94 87.581     	74 87.130     	26 87.236     	21 87.350     	82 86.739     	 2 87.049     	 3 86.167     	
Lap 19	98 85.634     	31 86.111     	29 85.079     	42 86.563     	47 86.667     	19 85.961     	80 86.973     	30 87.268     	41 86.845     	81 87.059     	69 87.214     	35 87.407     	11 87.175     	22 86.572     	14 87.369     	53 87.177     	94 87.177     	20 87.577     	26 87.322     	74 87.614     	21 87.159     	 2 86.544     	82 88.730     	 3 86.644     	
Lap 20	98 85.858     	29 86.078     	31 86.415     	42 86.700     	47 86.623     	19 85.659     	30 86.730     	80 86.960     	41 86.589     	81 86.856     	69 87.224     	35 86.748     	11 86.473     	22 87.298     	14 86.651     	20 87.243     	94 87.516     	53 87.764     	26 87.038     	74 87.644     	21 87.333     	 2 88.429     	82 89.255     	 3 86.778     	
Lap 21	98 85.948     	31 86.866     	29 86.900     	42 86.854     	19 86.137     	47 86.589     	80 86.583     	30 86.977     	41 86.515     	81 86.897     	69 86.495     	35 87.105     	11 87.284     	14 87.023     	22 87.595     	20 86.988     	94 86.941     	53 87.842     	26 88.069     	74 87.418     	21 87.430     	 2 86.884     	82 87.108     	 3 86.757     	
Lap 22	98 86.031     	29 86.161     	31 86.732     	42 86.575     	19 86.907     	47 86.753     	30 86.808     	80 87.448     	41 86.450     	81 86.961     	69 86.918     	11 86.966     	35 87.454     	14 86.773     	22 87.333     	94 87.445     	20 87.955     	53 86.625     	74 87.325     	21 87.239     	26 87.780     	 2 87.687     	82 86.785     	 3 86.856     	
Lap 23	98 85.620     	29 86.491     	31 86.929     	47 86.185     	42 87.129     	19 86.976     	80 86.785     	30 87.515     	41 87.592     	69 86.443     	81 87.091     	11 86.712     	35 87.303     	14 87.018     	22 87.259     	20 87.182     	94 87.684     	53 88.571     	21 87.533     	74 87.829     	26 87.940     	 2 88.516     	82 88.541     	 3 86.695     	
Lap 24	98 86.005     	29 87.112     	31 87.822     	47 87.239     	42 86.994     	19 87.071     	30 86.708     	80 87.382     	41 87.399     	69 87.324     	81 86.861     	11 86.719     	35 86.988     	22 86.807     	14 88.069     	94 87.288     	20 87.659     	53 86.355     	21 88.119     	26 87.649     	74 88.101     	 2 88.128     	82 87.749     	 3 87.241     	
Lap 25	98 86.587     	29 85.755     	31 86.513     	42 87.441     	19 87.622     	41 86.884     	69 86.898     	35 86.957     	22 87.745     	47 104.077 PIT	20 87.511     	94 88.284     	53 89.523     	30 104.207 PIT	 3 86.350     	80 105.296 PIT	81 104.317 PIT	82 87.807     	11 103.961 PIT	 2 88.528     	14 104.853 PIT	74 104.206 PIT	21 104.615 PIT	26 104.657 PIT	
Lap 26	29 85.994     	31 85.811     	42 87.177     	98 103.231 PIT	19 87.586     	41 87.917     	69 87.908     	47 85.278     	94 87.576     	30 85.228     	80 85.312     	 3 87.205     	81 86.180     	11 86.604     	35 103.337 PIT	14 85.311     	 2 89.247     	22 103.436 PIT	20 104.724 PIT	53 103.829 PIT	74 86.519     	21 86.741     	26 86.901     	82 105.213 PIT	
Lap 27	29 86.136     	31 86.238     	98 85.550     	42 87.379     	69 87.596     	47 84.988     	19 104.431 PIT	30 85.624     	80 85.400     	81 85.500     	11 85.628     	 3 87.193     	35 86.889     	41 105.031 PIT	14 86.568     	22 86.672     	20 86.340     	94 104.440 PIT	74 86.188     	53 87.237     	21 86.696     	26 86.781     	82 87.164     	 2 105.482 PIT	
Lap 28	29 86.800     	98 85.266     	47 84.862     	31 102.840 PIT	19 85.297     	42 104.554 PIT	30 85.514     	80 85.034     	81 85.535     	11 85.490     	35 85.905     	 3 87.707     	41 86.295     	69 103.760 PIT	14 86.289     	22 86.063     	20 85.911     	94 86.321     	74 86.229     	53 86.470     	21 87.037     	26 86.533     	82 85.554     	 2 87.590     	
Lap 29	98 84.702     	47 85.023     	29 103.289 PIT	31 85.439     	19 84.784     	30 85.796     	42 86.342     	80 85.719     	81 86.475     	11 86.419     	35 85.647     	41 86.410     	14 86.012     	69 86.586     	22 85.577     	 3 87.484     	20 85.741     	94 86.691     	74 86.709     	53 87.580     	21 86.387     	26 86.447     	82 85.689     	 2 87.128     	
Lap 30	98 84.802     	47 85.220     	29 86.186     	31 85.674     	19 85.182     	30 85.785     	80 85.612     	42 86.230     	81 85.862     	11 86.364     	35 85.332     	41 86.338     	14 85.862     	69 86.169     	22 86.571     	 3 87.794     	20 85.860     	94 86.289     	74 86.356     	53 86.097     	21 86.376     	26 87.002     	82 85.915     	 2 88.552     	
Lap 31	98 84.985     	47 84.965     	29 85.913     	31 86.519     	19 85.259     	30 86.438     	80 86.116     	42 86.238     	81 85.616     	11 85.810     	35 86.968     	41 86.156     	69 85.916     	14 86.749     	22 85.829     	 3 86.153     	20 86.222     	74 86.275     	94 86.936     	21 86.165     	53 86.566     	26 87.405     	82 86.391     	 2 87.329     	
Lap 32	98 85.155     	47 85.197     	29 86.116     	31 86.634     	19 84.750     	80 85.811     	42 85.867     	30 86.496     	81 85.641     	11 85.635     	35 84.995     	41 85.800     	69 86.129     	22 86.241     	14 86.664     	 3 86.709     	20 86.200     	94 86.122     	74 86.629     	21 86.944     	26 85.726     	53 87.905     	82 86.433     	 2 87.082     	
Lap 33	98 85.379     	47 84.762     	29 85.076     	31 85.839     	19 85.795     	30 85.540     	42 85.847     	80 86.348     	81 85.009     	11 84.839     	35 85.674     	41 85.659     	69 86.299     	22 86.669     	14 86.961     	 3 86.801     	20 85.510     	94 86.537     	74 86.682     	21 86.540     	26 86.940     	53 87.981     	82 85.625     	 2 87.459     	
Lap 34	98 85.142     	47 84.933     	29 85.435     	19 85.811     	31 86.046     	42 85.504     	80 85.874     	30 86.432     	81 85.520     	11 85.814     	35 85.711     	41 85.723     	69 86.394     	22 86.869     	14 86.368     	 3 86.700     	20 86.112     	74 85.944     	21 85.692     	94 87.819     	26 86.274     	53 86.367     	82 87.919     	 2 87.490     	
Lap 35	98 84.678     	47 84.755     	29 84.638     	19 85.574     	31 85.907     	42 85.732     	30 85.441     	80 86.044     	81 85.344     	11 84.993     	35 85.456     	41 85.868     	69 85.108     	22 86.867     	14 86.983     	 3 86.729     	20 85.620     	74 85.825     	94 86.306     	21 87.324     	26 86.388     	53 85.490     	82 85.909     	 2 87.645     	
Lap 36	98 84.749     	47 85.310     	29 85.288     	19 85.970     	31 86.259     	42 86.300     	30 86.591     	80 86.204     	81 86.265     	11 85.723     	35 85.893     	41 85.743     	69 85.317     	22 86.430     	14 86.492     	 3 86.486     	20 85.489     	74 86.179     	94 86.533     	21 86.442     	26 86.480     	53 87.850     	82 86.064     	 2 87.667     	
Lap 37	98 85.307     	47 84.836     	29 84.669     	19 86.079     	31 86.808     	42 85.860     	80 85.877     	30 86.600     	81 86.097     	11 86.484     	35 86.095     	41 86.206     	69 86.705     	22 86.354     	14 86.469     	20 86.292     	 3 87.639     	74 86.478     	94 86.810     	21 86.616     	26 86.791     	53 86.534     	82 88.379     	 2 87.294     	
Lap 38	98 85.638     	47 85.753     	29 85.429     	19 85.136     	31 85.423     	42 86.927     	80 86.470     	81 86.297     	30 86.464     	11 85.549     	35 85.903     	41 85.860     	69 85.924     	22 86.850     	20 85.810     	14 88.965     	 3 87.259     	74 86.011     	94 86.597     	21 86.605     	26 87.097     	53 85.805     	82 85.963     	 2 87.345     	
Lap 39	98 84.986     	47 85.105     	29 84.708     	19 85.280     	31 85.584     	42 86.571     	80 86.306     	30 86.164     	81 86.661     	11 86.740     	35 85.571     	41 85.897     	69 85.069     	22 87.189     	20 87.052     	14 85.778     	 3 87.628     	74 85.848     	21 86.640     	94 87.226     	26 87.217     	53 88.104     	82 86.283     	 2 87.042     	
Lap 40	98 84.938     	47 85.360     	29 85.001     	19 85.135     	31 85.569     	42 85.899     	30 86.243     	80 86.783     	81 86.743     	11 86.796     	35 85.535     	41 86.149     	69 86.409     	22 86.580     	20 87.158     	14 87.140     	74 86.147     	94 86.562     	21 87.545     	26 86.174     	53 87.244     	82 88.467     	 3 105.179 PIT	 2 88.013     	
Lap 41	98 85.100     	47 85.636     	29 84.889     	19 85.865     	31 85.590     	42 85.481     	80 86.506     	30 86.611     	11 86.381     	81 86.947     	35 87.995     	41 86.544     	69 86.771     	22 85.834     	20 86.559     	14 87.726     	74 86.253     	94 87.422     	21 87.295     	26 87.019     	53 86.052     	82 86.260     	 3 86.274     	 2 87.882     	
Lap 42	98 85.327     	47 85.084     	29 84.941     	19 85.047     	31 84.959     	42 85.617     	30 86.571     	80 86.947     	11 86.449     	81 86.980     	35 86.272     	41 86.136     	69 85.249     	22 86.158     	20 86.050     	14 85.729     	74 86.317     	94 86.707     	21 87.614     	26 87.377     	53 86.391     	82 86.226     	 3 85.932     	 2 88.089     	
Lap 43	98 85.321     	47 85.807     	29 85.226     	19 85.319     	31 85.289     	42 85.471     	30 86.270     	80 87.034     	11 86.373     	81 86.349     	35 87.001     	69 86.587     	41 86.800     	22 86.415     	20 86.459     	14 86.339     	74 86.067     	94 86.225     	21 87.191     	26 87.467     	82 86.084     	53 88.115     	 3 85.644     	 2 87.752     	
Lap 44	98 85.096     	47 85.460     	29 85.115     	19 86.037     	31 85.519     	42 84.998     	30 85.955     	80 86.600     	11 87.020     	81 87.013     	35 85.783     	69 86.531     	41 86.795     	22 85.718     	20 86.258     	14 86.212     	74 86.696     	94 86.412     	21 87.043     	26 87.471     	53 87.025     	82 87.965     	 3 85.652     	 2 87.917     	
Lap 45	98 85.358     	47 85.285     	29 84.992     	19 85.491     	31 85.003     	42 86.036     	30 86.305     	80 86.751     	11 86.816     	81 87.263     	35 87.826     	69 87.115     	41 86.932     	22 85.710     	20 86.462     	14 86.378     	74 86.262     	94 86.473     	21 87.217     	26 87.249     	53 87.200     	82 88.364     	 3 85.239     	 2 87.969     	
Lap 46	98 85.947     	47 85.515     	29 85.018     	19 86.092     	31 85.738     	42 85.996     	30 86.129     	80 87.379     	11 87.426     	81 87.249     	35 87.246     	69 86.816     	41 87.093     	22 86.526     	20 86.840     	14 86.146     	74 86.439     	94 86.875     	21 87.109     	26 87.794     	53 87.941     	 3 86.449     	82 87.180     	 2 87.784     	
Lap 47	98 85.285     	47 86.036     	29 85.865     	19 86.798     	31 87.132     	42 85.606     	30 85.888     	80 86.988     	11 87.226     	81 87.301     	69 86.483     	35 87.972     	41 86.826     	22 85.973     	20 87.821     	14 87.809     	74 86.967     	94 86.445     	21 86.741     	26 87.279     	 3 86.723     	53 87.678     	82 87.989     	 2 88.069     	
Lap 48	98 86.302     	47 85.846     	29 85.931     	19 85.838     	31 85.562     	42 85.998     	30 86.085     	80 86.742     	81 85.833     	11 87.043     	69 86.802     	35 87.629     	41 87.458     	22 86.632     	20 88.010     	14 87.885     	74 87.251     	94 86.188     	21 86.665     	26 87.517     	 3 86.775     	53 87.967     	82 87.041     	 2 87.840     	
Lap 49	98 85.828     	47 85.903     	29 85.699     	19 86.540     	31 86.614     	42 85.874     	30 86.050     	80 87.206     	81 86.828     	11 87.632     	69 87.032     	35 86.949     	41 86.756     	22 86.540     	20 87.168     	14 87.840     	74 86.395     	94 86.838     	21 87.147     	 3 87.141     	26 88.328     	53 87.802     	82 89.186     	 2 87.825     	
Lap 50	98 85.969     	29 85.105     	19 87.256     	31 86.994     	47 104.641 PIT	42 85.624     	80 86.784     	11 86.037     	81 87.361     	69 86.650     	35 87.160     	41 87.120     	22 87.000     	30 103.168 PIT	20 87.585     	14 87.549     	74 87.823     	94 86.814     	21 86.703     	 3 86.188     	53 88.889     	82 87.484     	26 104.765 PIT	 2 88.248     	
Lap 51	29 85.622     	98 103.772 PIT	19 86.825     	31 87.285     	47 85.337     	42 86.275     	80 87.088     	81 87.077     	11 88.227     	69 86.158     	41 86.855     	35 87.813     	30 85.383     	94 86.576     	22 103.966 PIT	 3 85.911     	20 104.474 PIT	14 105.043 PIT	74 105.274 PIT	53 88.007     	82 89.035     	21 104.017 PIT	26 86.467     	 2 88.741     	
Lap 52	29 85.600     	98 85.030     	19 86.177     	31 86.074     	47 84.558     	42 86.341     	80 86.445     	81 87.431     	69 87.119     	35 88.287     	30 85.604     	11 104.970 PIT	94 86.745     	41 104.291 PIT	22 85.856     	 3 86.091     	20 86.151     	14 86.510     	74 87.033     	53 88.666     	21 85.793     	26 85.269     	82 103.517 PIT	 2 88.703     	
Lap 53	29 86.319     	98 85.171     	19 86.966     	47 85.053     	31 87.644     	42 104.251 PIT	69 87.466     	30 85.817     	35 87.394     	80 104.249 PIT	11 86.307     	81 105.660 PIT	41 85.976     	94 87.910     	22 86.453     	 3 85.697     	20 85.135     	14 85.455     	74 85.391     	53 87.374     	21 85.842     	26 86.086     	82 86.062     	 2 105.716 PIT	
Lap 54	98 84.971     	47 85.287     	29 103.536 PIT	31 86.325     	19 105.382 PIT	42 86.289     	69 87.141     	30 85.634     	80 84.977     	11 86.106     	81 86.195     	41 86.506     	22 86.090     	94 88.294     	35 105.077 PIT	 3 86.488     	20 85.619     	14 85.883     	74 85.491     	21 85.647     	26 86.066     	82 85.819     	53 104.842 PIT	 2 86.966     	
Lap 55	98 85.000     	47 84.766     	29 86.477     	31 87.516     	19 85.421     	42 85.325     	69 86.387     	30 85.279     	80 85.575     	11 85.480     	81 85.854     	41 85.718     	22 86.574     	35 85.967     	 3 87.559     	20 85.258     	14 85.885     	74 85.890     	21 86.219     	94 104.524 PIT	26 85.763     	82 86.103     	53 85.821     	 2 87.232     	
Lap 56	98 85.401     	47 84.976     	29 84.793     	31 86.824     	19 84.693     	42 85.276     	30 86.080     	80 85.408     	11 84.946     	81 85.682     	41 85.492     	22 85.115     	69 105.533 PIT	35 85.176     	20 85.263     	 3 87.073     	14 85.575     	74 85.700     	21 85.469     	94 85.630     	26 86.194     	82 85.616     	53 85.473     	 2 87.302     	
Lap 57	98 85.190     	47 84.823     	29 84.992     	31 86.651     	19 85.140     	42 85.387     	30 85.384     	80 84.861     	11 84.993     	81 86.213     	41 85.923     	22 85.853     	69 85.078     	35 85.711     	20 85.966     	 3 86.332     	14 85.437     	74 86.132     	21 86.292     	94 85.737     	26 85.622     	82 85.682     	53 85.515     	 2 87.597     	
Lap 58	98 84.866     	47 84.579     	29 85.032     	19 85.506     	42 84.837     	31 104.239 PIT	30 85.044     	80 85.303     	11 85.399     	81 85.567     	41 85.869     	22 85.769     	69 84.920     	35 84.923     	20 85.360     	14 85.130     	 3 86.513     	74 85.415     	21 87.198     	94 86.414     	26 85.666     	82 86.418     	53 85.234     	 2 87.528     	
Lap 59	98 85.357     	47 85.216     	29 85.095     	19 84.643     	42 84.929     	31 85.813     	30 85.580     	80 85.406     	11 85.132     	81 86.048     	41 86.372     	69 85.932     	22 86.884     	35 85.263     	20 85.669     	14 86.776     	 3 87.066     	74 86.078     	21 86.604     	94 86.482     	26 86.112     	82 85.890     	53 85.197     	 2 87.588     	
Lap 60	98 85.099     	47 85.231     	29 84.872     	19 84.694     	42 85.191     	31 85.743     	30 85.793     	80 85.754     	11 84.949     	81 85.927     	41 85.847     	69 85.977     	22 86.389     	35 87.413     	20 85.639     	14 86.562     	 3 87.122     	74 86.128     	94 86.250     	21 86.563     	26 86.001     	82 85.834     	53 85.424     	 2 87.335     	
Lap 61	98 85.318     	47 84.863     	29 84.989     	19 84.719     	42 85.582     	31 85.889     	30 86.049     	80 85.027     	11 85.101     	81 85.792     	41 85.575     	69 86.269     	22 86.333     	35 85.338     	20 85.948     	74 85.039     	14 86.256     	 3 87.134     	21 86.079     	94 86.373     	26 86.614     	82 86.007     	53 85.919     	 2 87.081     	
Lap 62	98 85.186     	47 85.264     	29 85.197     	19 84.690     	42 84.868     	31 85.250     	30 86.158     	80 85.647     	11 85.735     	81 85.992     	41 86.385     	69 86.268     	22 87.016     	35 86.797     	20 85.552     	74 86.888     	14 87.319     	 3 86.525     	94 86.424     	21 87.064     	26 85.938     	82 86.210     	53 85.348     	 2 87.074     	
Lap 63	98 85.644     	47 84.828     	29 84.928     	19 85.057     	42 85.204     	31 84.797     	30 85.858     	80 85.878     	11 85.653     	81 86.484     	41 86.490     	69 85.064     	22 86.174     	20 86.115     	35 87.346     	74 87.152     	 3 87.103     	14 89.298     	94 87.051     	21 86.736     	26 86.653     	53 87.148     	82 87.319     	 2 87.097     	
Lap 64	98 85.137     	47 85.630     	29 85.548     	19 85.281     	42 85.451     	31 84.596     	30 85.153     	80 85.663     	11 85.034     	81 86.244     	41 86.239     	69 85.835     	22 85.901     	20 87.156     	35 87.584     	74 86.560     	 3 87.054     	14 86.257     	94 86.282     	21 86.709     	26 86.723     	53 87.135     	82 88.285     	 2 87.775     	
Lap 65	98 85.550     	47 85.369     	29 85.143     	19 85.364     	42 85.034     	31 85.047     	30 85.950     	80 85.863     	11 85.324     	81 86.736     	41 86.281     	69 86.554     	22 85.968     	20 87.123     	35 88.978     	74 86.480     	 3 104.065 PIT	14 85.900     	94 87.117     	21 86.948     	26 86.546     	53 85.460     	82 86.443     	
Lap 66	98 85.327     	47 85.324     	29 84.775     	19 85.526     	42 85.793     	31 85.162     	30 86.007     	80 85.254     	11 85.361     	81 86.240     	69 85.899     	41 86.592     	22 85.628     	20 86.215     	35 85.870     	74 86.097     	14 85.473     	94 86.534     	21 87.472     	26 86.982     	53 85.970     	82 86.022     	 2 87.277     	
Lap 67	98 85.593     	47 85.855     	29 85.729     	19 85.171     	42 85.184     	31 84.598     	30 86.079     	80 85.761     	11 85.966     	81 86.412     	69 86.186     	41 86.856     	22 85.570     	20 85.945     	35 86.147     	74 86.345     	14 86.179     	94 85.603     	21 87.028     	26 87.574     	53 85.934     	82 86.308     	 2 87.884     	
Lap 68	98 85.573     	47 86.015     	29 85.026     	19 85.425     	42 84.932     	31 84.815     	30 85.993     	80 85.508     	11 85.789     	81 86.241     	69 86.330     	22 86.370     	41 87.070     	20 86.154     	35 85.492     	74 85.951     	14 86.031     	94 86.260     	21 87.599     	26 87.339     	53 86.426     	82 86.536     	 2 87.396     	
Lap 69	98 85.501     	47 85.613     	29 85.206     	19 85.076     	42 85.034     	31 85.286     	30 85.532     	80 85.781     	11 85.265     	69 85.855     	81 86.422     	41 86.408     	22 87.178     	20 86.568     	35 85.838     	74 86.060     	14 86.180     	94 85.877     	21 86.904     	26 87.320     	53 85.700     	82 86.398     	 2 88.086     	
Lap 70	98 85.672     	47 85.312     	29 85.728     	19 86.011     	42 85.174     	31 85.537     	30 85.624     	80 86.187     	11 86.119     	69 86.446     	81 86.735     	41 86.704     	22 87.095     	20 87.775     	35 87.726     	74 86.185     	14 86.634     	94 86.175     	21 87.215     	26 87.091     	53 87.931     	82 86.589     	 2 88.201     	
Lap 71	98 85.290     	47 86.128     	29 85.084     	19 85.492     	42 85.115     	31 85.097     	30 85.926     	80 86.211     	11 86.020     	69 87.037     	81 86.499     	41 86.438     	22 86.476     	20 87.801     	35 87.822     	74 86.069     	14 85.988     	94 86.591     	21 87.185     	53 86.059     	26 87.619     	82 87.127     	 2 87.417     	
Lap 72	98 85.788     	47 85.487     	29 85.142     	19 85.190     	42 85.925     	31 85.502     	30 85.730     	80 86.332     	11 87.057     	69 86.209     	81 86.356     	41 87.276     	22 87.361     	20 87.138     	74 86.353     	35 88.445     	14 86.209     	94 85.936     	21 86.898     	53 87.356     	26 87.504     	82 87.268     	 2 88.030     	
Lap 73	98 85.393     	29 85.561     	47 87.242     	19 85.482     	42 86.208     	31 87.635     	30 85.753     	80 86.167     	11 86.433     	69 86.349     	81 87.176     	41 86.571     	22 87.215     	20 86.435     	35 86.512     	74 87.774     	14 87.846     	94 86.393     	21 86.364     	53 86.897     	26 87.437     	82 86.449     	 2 88.274     	
Lap 74	98 86.099     	29 86.244     	47 87.215     	19 85.913     	42 85.461     	31 85.050     	30 86.639     	80 85.585     	11 86.336     	69 86.756     	81 87.301     	41 85.938     	22 86.076     	20 87.047     	35 87.054     	74 87.522     	14 86.474     	94 86.286     	21 87.016     	53 87.524     	26 87.706     	82 86.459     	 2 88.057     	
Lap 75	98 86.369     	29 86.006     	47 86.096     	19 85.409     	42 85.558     	31 85.517     	80 86.437     	11 86.533     	30 102.712 PIT	69 86.264     	81 86.884     	41 86.888     	22 86.423     	20 87.042     	35 86.998     	74 87.298     	14 88.198     	94 86.049     	21 86.544     	53 86.930     	26 88.129     	82 88.592     	 2 88.599     	

-- OFFICIAL RESULTS --
Pos	#No	Driver						Team					Time		Diff		Pits	Best
01	#98	MOT	Gorga Motxev			Dotruga Formula Racing	1:47:23.156	-0.000		2		84.678
02	#29	ALU	Sago Aludetsei			Dotruga Formula Racing	1:47:37.659	-14.503		2		84.638
03	#47	PAV	ketila léqa pavúteka	Team Solea Racing		1:47:39.701	-16.546		2		84.558
04	#19	ZAI	khélok atep zailunaɰ	Team Solea Racing		1:47:53.693	-30.538		2		84.643
05	#42	OOS	Frank Oosterhout		Cows Go Moo Racing		1:47:59.328	-36.172		2		84.837
06	#31	ŠAŊ	xap'ít celentir šaŋév	Team Solea Racing		1:48:02.890	-39.734		2		84.596
07	#80	AYA	Ifloenne é Aya			Team V.V. Imperial		1:48:20.343	-57.187		2		84.861
08	#11	KEG	Tuto Keget				Dotruga Formula Racing	1:48:23.004	-59.848		2		84.839
09	#30	WIS	Josh Wise				BONGATAR				1:48:28.804	-65.648		3		85.044
10	#69	SAN	Marisa Sanchez			Cows Go Moo Racing		1:48:36.101	-72.945		2		84.920
11	#81	KÆR	Lyǽs Kæræsekæræn		Team V.V. Imperial		1:48:38.261	-75.105		2		85.009
12	#41	CAN	Olga Candy				Cows Go Moo Racing		1:48:39.230	-76.074		2		85.492
13	#22	PHI	Philipe					Team Vincent			1:48:40.324	-77.169		2		85.115
14	#20	MAC	Mac						Team Vincent			1:48:47.164	-84.008		2		85.135
15	#35	AKA	Asaúni Akaleta			Team Vikasani			1:48:49.325	-86.169		2		84.923
16	#74	KON	Bařàsiz Konoca			Team Diigikwk Racers	1:48:50.525	-87.369		2		85.039
17	#14	HÚC	Daseno Húctu			Team Vikasani			1:48:51.958	-88.802		2		85.130
18	#94	NES	At'ipi Nesbeksë			Team Diigikwk Racers	1:48:58.660	-95.504		2		85.187
19	#21	ORS	Orson					Team Vincent			1:49:07.750	-104.595	2		85.469
20	#53	TÀC	Ešuro Tàcràɰë			Team Diigikwk Racers	1:49:10.903	-107.747	2		85.197
21	#26	ILI	Rikvisi Iliria			Team Vikasani			1:49:12.974	-109.818	2		85.269
22	#82	SAN	Nukki Savra Sanda		Team V.V. Imperial		1:49:14.079	-110.923	2		85.554
23	# 2	HID	Body Hide				BONGATAR				1:50:04.244	-161.088	2		86.214
24	# 3	BOB	Bob						BONGATAR				RETIRED		DNF			3		85.239

-- RACE INCIDENT REPORT --
Tuto Keget made a mistake while attempting an overtake on lap 8.
Bob made a pit stop to repair damage caused by a large incident while attempting an overtake on lap 12.
Body Hide made a mistake while attempting an overtake on lap 30.
At'ipi Nesbeksë made a mistake while attempting an overtake on lap 34.
Frank Oosterhout made a mistake while attempting an overtake on lap 38.
Daseno Húctu made a mistake while attempting an overtake on lap 38.
Tuto Keget made a mistake while attempting an overtake on lap 51.
Daseno Húctu made a mistake while attempting an overtake on lap 63.
Asaúni Akaleta made a mistake while attempting an overtake on lap 65.
Bob crashed out while attempting an overtake on lap 65.
xap'ít celentir šaŋév made a mistake on lap 73.
