-- LAP TIMES --
Lap 1	98 87.802     	94 87.986     	42 87.935     	47 88.201     	31 88.139     	29 88.101     	80 87.813     	19 88.353     	74 88.548     	69 88.425     	53 88.743     	11 88.646     	14 88.490     	81 88.694     	35 88.508     	30 88.439     	21 88.444     	22 88.881     	20 88.702     	41 89.039     	 3 88.892     	26 89.209     	82 89.330     	 2 89.757     	
Lap 2	47 87.515     	98 87.956     	31 88.043     	94 88.312     	29 87.838     	19 87.690     	42 88.349     	80 88.067     	74 88.200     	11 88.122     	69 88.528     	14 88.359     	53 88.798     	20 88.285     	30 88.681     	81 88.740     	21 88.794     	35 89.008     	41 88.682     	22 89.179     	 3 89.464     	82 89.064     	26 89.117     	 2 89.733     	
Lap 3	98 87.965     	31 87.678     	47 88.367     	19 88.251     	94 88.452     	29 88.555     	80 88.605     	42 88.717     	74 88.336     	11 88.502     	14 88.378     	69 88.862     	30 88.344     	53 88.651     	81 88.488     	22 88.263     	35 88.543     	21 88.771     	20 89.301     	41 89.074     	26 88.482     	 3 89.313     	82 89.797     	 2 89.766     	
Lap 4	98 87.766     	47 87.694     	94 88.032     	19 88.228     	29 88.096     	42 87.925     	31 89.431     	74 88.072     	11 88.449     	14 88.345     	80 89.606     	30 88.443     	53 88.492     	81 88.390     	69 88.855     	35 88.423     	22 88.683     	21 89.046     	41 88.835     	20 89.319     	26 88.530     	 3 89.421     	82 89.119     	 2 89.111     	
Lap 5	47 87.584     	98 88.594     	19 87.645     	94 87.862     	29 88.183     	31 88.359     	42 88.715     	74 88.921     	11 88.536     	53 88.117     	80 88.436     	14 89.302     	30 88.770     	81 89.029     	22 88.800     	21 88.510     	35 89.215     	69 89.393     	20 88.750     	41 88.997     	26 89.237     	 3 88.762     	82 89.295     	 2 89.519     	
Lap 6	47 88.163     	94 88.054     	19 88.145     	98 88.621     	29 88.535     	31 88.179     	42 88.396     	74 88.766     	11 88.662     	80 88.406     	30 88.198     	14 88.466     	81 88.154     	22 88.629     	35 88.716     	21 89.063     	69 88.978     	26 88.629     	20 89.253     	41 89.269     	 3 89.209     	82 89.096     	 2 89.757     	53 98.857 PIT	
Lap 7	47 87.717     	94 88.158     	19 88.419     	98 88.767     	29 88.197     	31 88.150     	42 88.801     	11 88.267     	74 88.776     	30 88.252     	80 88.792     	14 88.487     	81 88.652     	22 89.037     	35 88.969     	69 88.703     	21 89.012     	26 88.639     	20 88.801     	41 90.056     	 3 89.233     	82 89.838     	 2 88.558     	53 88.401     	
Lap 8	47 87.338     	94 87.955     	19 88.717     	98 88.369     	29 88.725     	31 88.644     	42 88.438     	11 88.206     	30 88.716     	74 88.870     	80 88.615     	14 89.278     	81 89.102     	22 88.887     	35 89.460     	69 89.515     	26 89.048     	21 90.179     	20 89.643     	41 88.739     	 3 89.247     	 2 88.761     	82 89.550     	53 88.642     	
Lap 9	47 87.072     	94 87.574     	98 88.262     	19 88.498     	29 87.969     	31 88.029     	11 88.698     	42 88.957     	80 88.308     	74 88.696     	30 89.002     	81 89.075     	14 89.380     	22 88.800     	69 89.145     	35 89.326     	21 88.550     	26 89.580     	20 88.833     	41 89.607     	 3 88.358     	 2 89.612     	82 90.394     	53 88.900     	
Lap 10	47 86.995     	94 87.589     	98 88.098     	19 88.301     	29 88.518     	31 88.629     	11 88.585     	42 88.603     	80 88.546     	30 88.400     	74 88.736     	81 88.933     	14 88.962     	22 89.161     	21 88.912     	35 89.290     	26 88.704     	69 89.583     	20 88.929     	41 89.440     	 3 89.843     	 2 89.682     	53 88.651     	82 90.573     	
Lap 11	47 87.226     	94 87.846     	98 88.055     	19 88.848     	29 88.477     	31 89.239     	42 88.238     	11 88.610     	80 88.570     	30 88.621     	74 88.770     	81 89.243     	14 88.977     	22 89.175     	35 89.130     	26 89.298     	69 89.139     	21 89.534     	20 89.424     	41 89.232     	 3 90.227     	 2 88.683     	53 88.753     	82 90.128     	
Lap 12	47 86.972     	94 87.626     	98 88.141     	19 88.031     	29 88.522     	31 88.119     	42 88.493     	11 88.662     	30 88.478     	80 88.837     	74 89.291     	81 88.589     	14 89.141     	22 88.699     	35 88.791     	69 89.053     	20 88.993     	26 89.485     	21 89.509     	41 88.199     	 3 88.723     	53 87.408     	 2 89.221     	82 90.106     	
Lap 13	47 87.861     	94 87.495     	98 87.444     	19 88.536     	29 88.676     	31 89.406     	42 88.907     	11 88.927     	80 88.231     	30 89.054     	74 88.406     	81 88.739     	14 89.003     	22 88.774     	35 88.792     	69 89.327     	20 89.171     	21 89.479     	26 89.649     	41 89.452     	53 88.557     	 3 90.091     	 2 89.485     	82 89.984     	
Lap 14	47 87.203     	94 87.349     	98 87.439     	19 88.536     	29 88.285     	31 88.510     	42 88.827     	80 88.418     	11 89.179     	30 88.622     	74 89.165     	81 88.772     	22 89.317     	14 89.587     	35 88.131     	21 88.881     	69 89.580     	26 88.989     	20 89.762     	41 89.832     	53 88.431     	 3 89.973     	 2 89.618     	82 89.483     	
Lap 15	47 87.542     	94 88.338     	98 87.427     	19 88.397     	29 88.099     	31 88.674     	42 89.004     	11 88.871     	80 89.286     	30 88.857     	74 89.116     	81 87.821     	22 88.809     	14 89.802     	35 90.018     	69 89.128     	21 89.781     	26 89.774     	20 90.033     	41 89.826     	53 90.042     	 2 88.958     	 3 90.035     	82 90.142     	
Lap 16	47 87.320     	94 87.884     	98 88.223     	29 88.282     	19 88.571     	31 87.891     	42 89.267     	30 88.530     	80 89.370     	11 89.404     	74 88.992     	81 89.245     	22 88.886     	14 89.072     	35 90.003     	69 89.121     	21 89.076     	26 89.234     	20 89.902     	41 89.135     	53 89.477     	 2 90.241     	 3 89.980     	82 89.854     	
Lap 17	47 87.888     	94 87.580     	98 87.523     	29 88.527     	19 89.328     	31 87.849     	42 89.404     	80 88.573     	30 89.010     	11 89.496     	74 88.805     	81 89.705     	22 88.032     	14 88.924     	35 89.264     	69 89.998     	21 89.506     	26 89.913     	20 89.378     	53 88.433     	41 90.293     	 2 89.807     	 3 90.735     	82 90.126     	
Lap 18	47 87.984     	94 87.700     	98 88.125     	29 89.071     	19 89.151     	31 89.109     	42 88.986     	80 89.340     	30 89.247     	11 89.174     	74 88.679     	22 88.702     	81 89.277     	14 88.290     	35 88.412     	69 89.208     	21 89.267     	53 88.628     	26 89.749     	20 89.847     	41 90.090     	 2 89.223     	 3 88.665     	82 90.453     	
Lap 19	47 87.458     	94 87.897     	98 87.637     	29 89.242     	19 88.843     	31 89.226     	42 88.706     	80 88.644     	30 88.934     	74 88.741     	11 89.566     	81 89.314     	22 89.550     	14 89.175     	35 88.773     	21 89.086     	69 89.733     	53 89.113     	26 90.101     	20 89.927     	41 89.435     	 2 90.281     	 3 90.663     	82 90.261     	
Lap 20	47 87.526     	94 88.607     	98 87.832     	29 89.100     	19 88.780     	31 89.578     	42 88.840     	80 89.089     	30 89.598     	74 89.106     	11 89.402     	81 89.190     	22 89.119     	14 88.763     	35 88.376     	21 89.219     	69 89.971     	53 90.112     	26 90.167     	20 89.711     	41 90.537     	 2 90.466     	 3 91.157     	82 90.521     	
Lap 21	47 87.680     	94 87.888     	98 88.590     	29 88.686     	19 89.251     	31 88.626     	42 89.274     	80 89.638     	74 89.318     	30 89.971     	11 89.962     	22 89.296     	81 89.964     	35 88.842     	14 89.974     	21 88.488     	69 89.704     	53 90.399     	26 89.849     	20 90.359     	41 89.115     	 2 89.218     	 3 89.548     	82 90.514     	
Lap 22	47 88.044     	94 88.865     	98 88.186     	29 89.216     	19 89.079     	31 89.904     	42 89.583     	80 89.401     	74 89.555     	30 89.665     	11 88.976     	81 89.589     	22 90.290     	14 89.471     	35 90.091     	21 88.966     	69 88.873     	53 88.707     	26 90.031     	20 89.429     	41 90.923     	 2 89.743     	 3 89.273     	82 90.182     	
Lap 23	47 87.928     	94 88.849     	98 88.055     	29 89.205     	19 89.094     	31 87.937     	42 89.418     	80 89.331     	74 89.733     	30 89.398     	11 90.534     	81 89.605     	22 89.465     	14 90.295     	35 90.080     	21 88.615     	69 89.407     	53 88.656     	26 89.637     	41 88.879     	20 90.739     	 2 90.248     	 3 89.265     	82 90.594     	
Lap 24	47 88.502     	94 88.953     	19 88.955     	29 89.897     	31 89.950     	98 105.693 PIT	30 89.737     	11 89.267     	22 89.962     	81 90.201     	14 90.088     	35 90.577     	53 90.495     	26 89.362     	41 90.155     	42 106.919 PIT	80 106.413 PIT	74 106.900 PIT	21 106.222 PIT	82 90.274     	69 107.299 PIT	20 107.143 PIT	 2 107.945 PIT	 3 108.516 PIT	
Lap 25	47 105.342 PIT	19 89.511     	98 88.025     	94 105.919 PIT	30 88.870     	11 89.150     	22 89.895     	14 90.697     	35 90.968     	53 88.199     	29 106.678 PIT	31 106.629 PIT	26 89.335     	80 88.408     	42 88.896     	74 88.011     	21 88.023     	81 106.802 PIT	69 88.142     	20 88.626     	41 106.643 PIT	 2 89.225     	 3 89.960     	82 107.572 PIT	
Lap 26	47 87.410     	19 89.176     	94 87.859     	98 88.458     	30 89.161     	53 88.690     	29 88.450     	31 88.596     	74 87.275     	80 88.648     	42 88.607     	11 106.478 PIT	21 88.492     	81 88.648     	22 105.813 PIT	69 87.714     	14 106.626 PIT	35 107.430 PIT	20 88.204     	26 106.788 PIT	41 88.772     	 2 88.590     	 3 88.009     	82 89.129     	
Lap 27	47 87.149     	94 87.858     	98 88.831     	29 87.964     	53 89.204     	31 87.484     	19 105.551 PIT	80 88.060     	74 88.380     	42 88.439     	11 87.531     	30 106.760 PIT	81 87.997     	21 88.549     	22 88.319     	14 88.903     	69 89.056     	35 88.389     	20 89.170     	41 87.827     	26 89.779     	 2 88.169     	 3 88.335     	82 89.785     	
Lap 28	47 87.236     	94 87.144     	98 87.015     	29 88.295     	31 88.488     	19 88.345     	53 89.562     	80 87.946     	74 88.839     	42 88.606     	11 88.305     	30 88.393     	81 88.898     	21 88.667     	22 89.066     	69 89.095     	14 89.145     	35 87.989     	20 88.518     	41 89.037     	26 88.865     	 2 88.428     	 3 88.262     	82 89.780     	
Lap 29	47 86.971     	94 87.056     	98 86.882     	29 87.747     	31 87.652     	19 88.295     	80 87.366     	53 90.789     	42 88.775     	74 89.002     	11 88.180     	30 87.781     	81 88.334     	21 88.446     	22 89.118     	14 88.730     	69 89.078     	35 88.922     	20 88.710     	26 88.390     	41 89.142     	 2 88.507     	 3 88.549     	82 89.456     	
Lap 30	47 86.983     	94 87.780     	98 87.070     	29 88.278     	31 87.819     	19 88.402     	80 88.554     	53 90.228     	74 88.257     	42 88.800     	30 87.891     	11 88.598     	81 88.391     	21 88.241     	22 88.000     	14 88.487     	35 89.015     	69 89.370     	20 88.229     	26 89.218     	41 90.807     	 2 88.513     	 3 88.871     	82 89.900     	
Lap 31	47 87.028     	94 87.999     	98 88.831     	29 88.451     	19 87.386     	31 88.948     	80 87.093     	74 88.354     	42 88.266     	30 88.914     	11 89.028     	21 88.462     	81 88.742     	22 88.937     	14 88.673     	35 88.988     	69 89.024     	20 88.235     	26 88.491     	53 106.568 PIT	41 89.183     	 2 89.962     	 3 88.779     	82 89.901     	
Lap 32	47 86.933     	94 87.096     	98 87.952     	29 87.851     	19 88.067     	31 88.679     	80 87.172     	74 88.734     	42 88.755     	30 88.251     	11 88.814     	81 88.447     	21 88.930     	22 88.004     	14 87.929     	35 88.743     	69 88.740     	20 88.319     	26 88.997     	53 90.194     	41 88.736     	 2 89.517     	 3 90.322     	82 89.312     	
Lap 33	47 87.204     	94 87.278     	98 87.726     	19 87.938     	29 88.718     	31 88.027     	80 88.345     	74 88.660     	42 88.547     	30 87.856     	11 87.274     	81 88.239     	21 89.366     	22 89.215     	14 89.583     	35 88.713     	69 88.652     	20 87.774     	26 88.563     	53 88.438     	41 88.927     	 2 89.349     	 3 88.136     	82 89.222     	
Lap 34	47 87.662     	94 87.273     	98 87.127     	19 88.594     	29 88.733     	31 88.533     	80 87.746     	74 88.848     	42 89.275     	30 88.959     	11 89.301     	81 87.609     	21 89.280     	22 89.106     	14 88.374     	35 88.875     	69 89.422     	20 88.646     	26 87.803     	53 88.099     	41 89.324     	 3 89.650     	 2 90.296     	82 89.754     	
Lap 35	47 87.830     	94 87.230     	98 87.988     	19 87.971     	29 88.117     	80 87.663     	31 88.282     	74 88.931     	42 88.446     	30 88.777     	11 89.186     	81 88.255     	21 88.687     	22 88.930     	14 87.976     	35 88.870     	69 88.724     	20 89.248     	26 87.850     	53 88.116     	41 88.129     	 3 89.883     	 2 89.418     	82 89.559     	
Lap 36	47 87.901     	94 88.004     	98 87.269     	19 87.894     	29 88.423     	80 88.742     	31 88.972     	74 89.286     	42 89.272     	30 88.361     	11 88.915     	81 89.244     	22 88.583     	21 88.973     	14 87.743     	35 89.436     	20 87.876     	69 89.201     	26 87.890     	53 87.733     	41 88.232     	 2 89.079     	 3 89.436     	82 89.391     	
Lap 37	47 87.230     	94 87.736     	98 87.947     	19 88.160     	29 88.057     	80 88.719     	31 89.220     	30 88.510     	74 89.115     	42 88.985     	11 88.805     	81 89.256     	21 88.607     	22 88.902     	14 88.045     	20 88.884     	35 89.118     	69 89.484     	26 88.829     	53 88.056     	41 88.205     	 2 90.139     	 3 90.622     	82 89.423     	
Lap 38	47 87.177     	94 87.511     	98 87.883     	19 87.996     	29 88.090     	80 87.429     	31 87.741     	30 89.043     	42 88.832     	74 89.431     	11 87.851     	81 88.420     	21 89.576     	22 89.342     	14 89.246     	20 88.874     	35 88.850     	53 87.270     	69 89.424     	26 89.459     	41 88.932     	 2 89.711     	 3 90.247     	82 89.970     	
Lap 39	47 87.128     	94 87.817     	98 87.470     	19 88.845     	29 88.698     	80 88.617     	31 87.686     	30 88.950     	42 88.954     	74 88.954     	11 89.477     	81 88.590     	22 88.932     	21 89.079     	14 88.895     	35 89.284     	53 88.449     	20 89.561     	69 89.083     	26 88.979     	41 88.244     	 2 89.103     	 3 88.816     	82 89.509     	
Lap 40	47 87.623     	94 88.276     	98 88.066     	19 88.533     	29 88.528     	80 88.592     	31 89.386     	11 87.517     	42 89.207     	74 88.861     	30 89.461     	81 88.637     	22 89.483     	21 89.380     	14 89.378     	53 88.617     	20 89.002     	35 89.233     	26 89.102     	69 89.666     	41 89.111     	 2 90.586     	 3 89.903     	82 89.711     	
Lap 41	47 87.346     	94 87.751     	98 87.742     	19 88.567     	29 88.419     	80 88.338     	31 87.826     	11 88.704     	42 88.739     	30 88.530     	74 89.158     	81 88.152     	22 89.314     	14 89.110     	21 89.689     	53 88.540     	20 89.348     	35 90.280     	26 89.370     	69 89.871     	41 88.917     	 3 90.250     	 2 90.659     	82 90.038     	
Lap 42	47 87.926     	94 87.575     	98 87.787     	19 88.764     	29 88.761     	80 89.245     	31 89.346     	11 88.726     	30 88.770     	42 89.113     	74 89.029     	81 89.565     	22 88.988     	21 89.137     	14 89.304     	53 87.918     	20 89.920     	35 89.384     	26 89.708     	69 89.654     	41 88.360     	 2 89.132     	 3 89.456     	82 90.307     	
Lap 43	47 87.387     	94 88.514     	98 88.104     	29 88.359     	19 89.108     	80 88.946     	31 88.730     	30 88.891     	11 89.337     	42 88.796     	74 89.011     	81 88.441     	22 89.572     	14 89.727     	21 90.006     	53 88.111     	20 89.935     	35 89.637     	26 89.098     	69 89.303     	41 89.513     	 2 90.299     	 3 90.321     	82 90.005     	
Lap 44	47 88.384     	94 88.197     	98 87.843     	29 88.978     	19 88.973     	80 88.710     	31 89.010     	11 89.037     	42 89.313     	30 89.681     	74 89.681     	81 89.527     	22 89.707     	14 89.425     	53 88.457     	21 89.689     	20 89.547     	35 89.990     	26 89.977     	69 89.376     	41 90.216     	 2 90.324     	 3 91.087     	82 90.609     	
Lap 45	47 87.754     	94 87.970     	98 88.342     	19 88.713     	80 87.944     	29 89.559     	31 88.192     	11 88.857     	42 89.155     	30 89.517     	74 89.263     	81 90.054     	53 89.011     	22 89.973     	21 89.312     	14 90.068     	35 89.151     	20 90.120     	26 89.630     	69 89.795     	41 88.617     	 2 90.337     	 3 90.285     	82 90.640     	
Lap 46	47 88.314     	94 87.966     	98 88.204     	19 89.291     	29 88.931     	80 89.541     	31 88.682     	11 89.506     	42 89.754     	30 89.429     	74 89.068     	81 88.393     	53 89.192     	22 89.595     	14 89.696     	21 90.193     	35 90.121     	20 90.146     	26 89.810     	41 89.925     	69 90.803     	 2 90.827     	 3 90.996     	82 90.177     	
Lap 47	47 88.639     	94 87.962     	98 88.398     	19 89.317     	29 89.128     	80 89.791     	31 89.829     	11 89.629     	30 89.202     	74 89.199     	42 89.976     	81 89.595     	53 89.165     	22 89.723     	14 90.013     	21 90.034     	35 89.596     	20 89.873     	26 89.937     	41 89.933     	69 90.256     	 2 89.437     	 3 89.839     	82 90.425     	
Lap 48	47 88.012     	94 88.522     	98 88.926     	19 88.573     	29 89.644     	31 89.607     	11 89.563     	74 89.373     	30 89.704     	81 89.948     	80 107.061 PIT	53 88.505     	22 88.562     	14 89.532     	35 90.019     	26 90.094     	42 107.418 PIT	41 89.759     	69 89.813     	21 106.913 PIT	20 106.893 PIT	 2 90.371     	82 90.240     	 3 107.156 PIT	
Lap 49	47 88.842     	94 106.585 PIT	98 105.449 PIT	19 88.722     	31 88.035     	30 89.075     	11 90.001     	80 87.186     	29 105.697 PIT	53 87.970     	22 88.559     	14 89.486     	74 106.219 PIT	42 88.859     	35 90.417     	26 90.195     	81 106.562 PIT	41 90.075     	21 88.250     	20 88.752     	 2 91.197     	69 107.459 PIT	 3 89.631     	82 106.027 PIT	
Lap 50	47 105.254 PIT	94 87.906     	98 87.698     	19 88.770     	30 89.841     	29 88.168     	80 88.303     	31 105.394 PIT	53 88.285     	74 89.137     	42 88.736     	11 107.085 PIT	81 88.421     	26 89.947     	41 90.077     	22 106.044 PIT	21 87.901     	14 106.417 PIT	20 87.802     	35 107.939 PIT	69 89.735     	 2 91.005     	 3 88.056     	82 89.782     	
Lap 51	47 86.894     	94 87.709     	98 87.076     	19 88.998     	29 87.655     	80 87.978     	31 88.920     	53 88.767     	42 88.220     	74 88.828     	11 88.697     	81 88.757     	30 107.039 PIT	41 90.625     	22 87.800     	21 87.528     	14 88.470     	20 87.923     	35 88.375     	69 88.863     	26 108.137 PIT	 3 88.158     	 2 108.180 PIT	82 89.084     	
Lap 52	47 87.511     	94 87.052     	98 86.914     	19 88.926     	29 88.044     	80 88.451     	31 87.374     	53 88.115     	42 88.256     	74 88.218     	11 88.193     	30 87.421     	81 88.686     	22 88.453     	21 88.182     	14 88.163     	20 87.841     	35 87.759     	69 89.818     	26 89.180     	41 106.566 PIT	 3 88.185     	 2 88.729     	82 88.913     	
Lap 53	47 87.050     	94 87.067     	98 87.203     	29 88.054     	80 88.442     	31 88.185     	19 106.306 PIT	53 89.065     	42 88.318     	74 88.517     	11 88.826     	30 88.780     	81 88.888     	22 88.523     	21 88.748     	14 87.639     	20 87.950     	35 87.487     	26 88.556     	69 89.249     	41 89.968     	 3 88.178     	 2 88.351     	82 88.887     	
Lap 54	47 86.984     	94 87.065     	98 87.456     	29 87.444     	80 88.328     	31 88.628     	19 87.700     	53 88.960     	42 88.197     	74 88.407     	11 88.527     	30 88.997     	81 88.582     	22 88.707     	21 88.019     	14 88.032     	20 87.942     	35 87.735     	26 88.672     	69 88.979     	41 88.126     	 3 88.567     	 2 88.500     	82 89.462     	
Lap 55	47 86.721     	94 87.733     	98 87.103     	29 87.112     	80 88.641     	31 88.429     	19 88.487     	53 89.159     	74 88.209     	42 88.890     	11 88.800     	30 89.051     	81 89.283     	21 88.979     	22 89.204     	14 88.304     	20 87.650     	35 87.571     	26 88.573     	69 88.907     	41 89.251     	 3 87.980     	 2 88.742     	82 89.048     	
Lap 56	47 87.286     	94 87.162     	98 87.699     	29 86.983     	80 88.163     	19 87.567     	31 88.056     	74 88.632     	42 88.664     	11 88.262     	30 88.509     	81 88.930     	53 106.612 PIT	21 88.718     	14 87.738     	22 89.032     	20 87.989     	35 88.243     	26 88.227     	69 89.158     	41 89.371     	 3 88.086     	 2 88.684     	82 89.209     	
Lap 57	47 87.199     	94 87.803     	98 87.781     	29 87.888     	19 87.770     	80 88.314     	31 88.548     	11 87.495     	74 89.126     	42 89.038     	30 87.279     	81 87.476     	53 89.196     	14 88.782     	21 89.455     	22 89.037     	20 88.218     	35 88.105     	26 88.202     	69 88.253     	41 88.153     	 3 88.609     	 2 89.151     	82 89.710     	
Lap 58	47 87.459     	94 87.521     	98 87.262     	29 87.406     	19 87.646     	80 88.463     	31 88.908     	11 88.090     	74 88.178     	42 88.194     	30 88.338     	81 87.996     	14 88.533     	53 88.888     	21 88.789     	22 89.117     	20 88.560     	35 88.588     	26 88.567     	69 89.425     	41 88.746     	 3 88.285     	 2 88.469     	82 89.832     	
Lap 59	47 87.743     	94 87.924     	98 87.151     	29 87.503     	19 87.747     	80 87.404     	31 87.291     	11 88.527     	74 88.459     	42 88.723     	30 88.182     	81 88.140     	14 89.054     	53 88.966     	22 88.610     	21 89.519     	20 87.939     	35 88.444     	26 88.373     	69 89.143     	41 89.168     	 3 88.759     	 2 89.026     	82 89.146     	
Lap 60	47 87.109     	94 88.578     	98 89.248     	29 87.329     	19 87.969     	80 88.033     	31 87.114     	11 88.879     	42 88.649     	74 89.189     	30 89.267     	81 89.708     	53 88.490     	22 88.711     	21 88.350     	14 89.388     	20 88.239     	35 88.027     	26 88.459     	69 89.035     	41 88.990     	 3 88.219     	 2 88.598     	82 89.635     	
Lap 61	47 87.866     	94 87.756     	98 87.540     	29 88.114     	19 88.493     	80 88.833     	31 88.788     	11 88.593     	42 88.643     	30 88.251     	74 88.994     	81 88.110     	53 88.704     	22 88.577     	21 89.203     	14 89.424     	20 89.519     	35 88.410     	26 88.734     	69 88.850     	41 88.965     	 3 88.893     	 2 89.104     	82 89.943     	
Lap 62	47 87.892     	94 88.198     	98 87.733     	29 87.621     	19 86.973     	80 88.447     	31 88.527     	11 88.788     	30 88.783     	42 89.339     	81 87.795     	74 89.149     	53 88.583     	22 88.894     	21 88.942     	14 89.465     	20 89.706     	35 88.020     	26 88.426     	69 89.296     	41 89.436     	 3 88.404     	 2 88.631     	82 89.659     	
Lap 63	47 87.410     	94 88.486     	98 88.688     	29 87.915     	19 87.728     	31 88.683     	80 89.263     	11 88.726     	30 88.671     	81 88.658     	74 88.526     	42 89.056     	53 88.886     	22 89.403     	21 89.593     	14 89.147     	20 88.742     	35 88.369     	26 88.002     	41 88.892     	69 89.707     	 3 88.798     	 2 89.027     	82 89.575     	
Lap 64	47 87.536     	94 88.645     	98 88.742     	29 87.726     	19 87.039     	31 88.802     	80 88.652     	11 88.399     	81 88.705     	30 89.093     	74 89.347     	42 89.311     	53 87.976     	22 88.261     	21 89.189     	14 89.129     	20 89.191     	35 88.421     	26 88.070     	41 89.563     	69 89.456     	 3 89.228     	 2 88.775     	82 90.290     	
Lap 65	47 88.048     	94 89.314     	98 88.896     	29 88.038     	19 87.230     	31 88.596     	80 88.691     	11 88.152     	30 88.965     	74 88.737     	81 89.479     	42 89.448     	53 87.579     	22 87.933     	14 89.364     	21 89.889     	20 89.629     	35 89.799     	26 88.692     	41 89.543     	69 89.638     	 3 89.031     	 2 89.267     	82 89.717     	
Lap 66	47 87.618     	94 88.754     	98 89.416     	29 87.468     	19 88.035     	80 88.118     	31 88.989     	11 88.375     	30 89.553     	42 88.395     	74 89.567     	81 89.514     	53 87.697     	22 88.583     	14 89.358     	21 89.561     	20 89.162     	35 90.599     	26 88.984     	41 89.301     	69 90.031     	 3 88.753     	 2 89.082     	82 90.298     	
Lap 67	47 87.744     	94 88.165     	98 88.434     	29 88.142     	19 87.609     	80 89.269     	31 89.503     	11 88.329     	30 89.185     	74 88.928     	42 89.128     	81 89.248     	53 88.155     	22 88.135     	14 89.693     	21 89.590     	20 89.746     	35 88.912     	26 88.411     	41 88.443     	69 88.882     	 3 89.020     	 2 89.206     	82 90.551     	
Lap 68	47 87.669     	94 88.566     	98 88.606     	29 88.170     	19 88.073     	80 89.315     	31 88.839     	11 88.055     	30 88.785     	74 88.900     	42 89.248     	81 89.471     	53 88.292     	22 89.046     	14 89.313     	21 90.128     	20 90.022     	35 88.977     	26 89.033     	41 89.164     	69 88.511     	 3 88.889     	 2 88.905     	82 90.253     	

-- OFFICIAL RESULTS --
Pos	#No	Driver						Team					Time		Diff		Pits	Best
01	#47	PAV	ketila léqa pavúteka	Team Solea Racing		1:39:50.182	-0.000		2		86.721
02	#94	NES	At'ipi Nesbeksë			Team Diigikwk Racers	1:40:15.135	-24.953		2		87.052
03	#98	MOT	Gorga Motxev			Dotruga Formula Racing	1:40:16.652	-26.470		2		86.882
04	#29	ALU	Sago Aludetsei			Dotruga Formula Racing	1:40:41.734	-51.551		2		86.983
05	#19	ZAI	khélok atep zailunaɰ	Team Solea Racing		1:40:45.805	-55.623		2		86.973
06	#80	AYA	Ifloenne é Aya			Team V.V. Imperial		1:40:56.005	-65.823		2		87.093
07	#31	ŠAŊ	xap'ít celentir šaŋév	Team Solea Racing		1:40:56.368	-66.186		2		87.114
08	#11	KEG	Tuto Keget				Dotruga Formula Racing	1:41:11.573	-81.390		2		87.274
09	#30	WIS	Josh Wise				BONGATAR				1:41:16.592	-86.409		2		87.279
10	#74	KON	Bařàsiz Konoca			Team Diigikwk Racers	1:41:16.786	-86.604		2		87.275
11	#42	OOS	Frank Oosterhout		Cows Go Moo Racing		1:41:17.143	-86.960		2		87.925
12	#81	KÆR	Lyǽs Kæræsekæræn		Team V.V. Imperial		1:41:17.705	-87.522		2		87.476
13	#53	TÀC	Ešuro Tàcràɰë			Team Diigikwk Racers	1:41:19.119	-88.936		3		87.270
14	#22	PHI	Philipe					Team Vincent			1:41:22.603	-92.421		2		87.800
15	#14	HÚC	Daseno Húctu			Team Vikasani			1:41:28.914	-98.732		2		87.639
16	#21	ORS	Orson					Team Vincent			1:41:30.073	-99.891		2		87.528
17	#20	MAC	Mac						Team Vincent			1:41:30.612	-100.429	2		87.650
18	#35	AKA	Asaúni Akaleta			Team Vikasani			1:41:30.735	-100.552	2		87.487
19	#26	ILI	Rikvisi Iliria			Team Vikasani			1:41:34.911	-104.728	2		87.803
20	#41	CAN	Olga Candy				Cows Go Moo Racing		1:41:44.354	-114.172	2		87.827
21	#69	SAN	Marisa Sanchez			Cows Go Moo Racing		1:41:45.169	-114.986	2		87.714
22	# 3	BOB	Bob						BONGATAR				1:41:48.490	-118.307	2		87.980
23	# 2	HID	Body Hide				BONGATAR				1:41:59.104	-128.921	2		88.169
24	#82	SAN	Nukki Savra Sanda		Team V.V. Imperial		1:42:22.511	-152.329	2		88.887

-- RACE INCIDENT REPORT --
xap'ít celentir šaŋév made a mistake while attempting an overtake on lap 4.
Ifloenne é Aya made a mistake while attempting an overtake on lap 4.
Ešuro Tàcràɰë made a pit stop to repair damage caused by a large incident while attempting an overtake on lap 6.
Orson made a mistake while attempting an overtake on lap 8.
Orson made a mistake while attempting an overtake on lap 15.
Olga Candy made a mistake while attempting an overtake on lap 30.
Nukki Savra Sanda made a mistake while attempting an overtake on lap 30.
Daseno Húctu made a mistake on lap 33.
Bařàsiz Konoca made a mistake while attempting an overtake on lap 43.
Marisa Sanchez made a mistake while attempting an overtake on lap 46.
Marisa Sanchez made a mistake while attempting an overtake on lap 52.
