-- LAP TIMES --
Lap 1	31 55.389     	22 55.493     	11 55.295     	29 55.861     	20 55.495     	98 55.934     	80 55.658     	35 55.418     	81 55.386     	42 55.841     	19 55.780     	14 56.109     	30 56.076     	41 55.573     	21 56.297     	47 55.972     	69 56.080     	 3 56.051     	53 55.972     	26 56.241     	82 56.260     	74 55.990     	 2 56.374     	94 56.452     	
Lap 2	31 55.391     	81 55.292     	80 55.448     	35 55.426     	20 55.665     	11 55.989     	98 55.921     	22 56.288     	29 56.078     	47 55.472     	69 55.341     	14 55.870     	42 56.168     	21 55.964     	19 56.189     	41 56.345     	 3 55.884     	53 55.907     	30 56.697     	26 56.432     	94 55.924     	74 56.624     	82 56.676     	 2 57.018     	
Lap 3	31 55.518     	80 55.248     	81 55.345     	98 55.152     	11 55.420     	35 56.199     	29 55.749     	14 55.583     	19 55.334     	47 55.877     	20 56.429     	22 56.225     	69 56.135     	21 56.048     	42 56.104     	41 55.964     	26 55.739     	94 55.777     	 3 56.440     	30 56.413     	53 56.752     	82 56.300     	74 56.627     	 2 56.276     	
Lap 4	31 55.373     	80 55.534     	81 55.576     	98 55.490     	11 55.713     	14 55.455     	29 55.789     	35 55.875     	20 55.853     	19 56.059     	22 55.795     	47 56.195     	42 55.614     	21 55.850     	69 56.174     	41 55.920     	30 55.780     	26 56.206     	 3 56.391     	94 56.533     	53 56.162     	82 55.951     	74 55.744     	 2 56.834     	
Lap 5	31 55.666     	98 55.348     	80 55.905     	81 55.895     	11 55.306     	14 55.523     	29 55.561     	35 55.570     	19 55.389     	20 55.551     	22 55.518     	47 55.331     	42 55.942     	69 55.679     	41 55.610     	21 55.978     	74 55.275     	30 56.380     	94 56.056     	26 56.442     	 3 56.303     	53 56.642     	82 56.609     	 2 56.890     	
Lap 6	31 55.407     	11 55.354     	98 55.787     	80 55.983     	81 55.990     	14 55.520     	29 55.431     	35 55.819     	47 55.470     	19 55.780     	22 55.991     	20 56.279     	42 55.680     	69 55.993     	41 55.959     	21 56.128     	74 56.070     	94 55.768     	30 56.072     	26 56.113     	 3 56.148     	53 56.030     	82 57.175     	 2 56.900     	
Lap 7	31 55.828     	11 55.327     	80 55.333     	98 55.876     	81 55.722     	29 55.663     	14 56.063     	19 55.737     	47 55.980     	35 56.344     	22 56.004     	42 56.090     	20 56.258     	69 56.179     	21 56.056     	41 56.294     	94 55.850     	74 56.059     	26 56.041     	30 56.448     	 3 56.457     	53 56.478     	82 56.238     	 2 56.833     	
Lap 8	31 55.376     	80 55.397     	11 56.216     	98 55.883     	29 55.314     	81 55.787     	14 55.483     	47 55.600     	19 56.167     	42 55.360     	20 55.872     	22 56.412     	69 55.966     	21 56.239     	41 56.368     	94 56.632     	74 56.800     	30 56.400     	26 56.663     	 3 56.662     	53 56.410     	82 55.397     	 2 57.151     	35 66.998 PIT	
Lap 9	31 55.539     	80 55.634     	11 55.608     	98 55.889     	29 56.011     	81 55.914     	14 56.110     	19 55.363     	47 56.136     	42 55.736     	22 55.520     	69 55.748     	20 56.481     	21 55.624     	41 55.754     	94 55.914     	30 56.300     	74 56.582     	26 56.371     	 3 56.416     	53 56.504     	82 56.469     	 2 56.561     	35 56.339     	
Lap 10	31 56.064     	80 55.595     	11 55.691     	98 55.652     	29 55.756     	14 55.470     	81 56.109     	19 55.796     	47 55.578     	42 55.686     	22 56.157     	69 55.870     	20 55.770     	21 56.032     	41 56.149     	94 56.628     	30 56.105     	26 55.937     	74 56.527     	 3 56.817     	53 56.856     	82 57.063     	 2 56.554     	35 55.363     	
Lap 11	31 55.742     	80 55.648     	98 55.593     	29 55.346     	11 56.332     	81 55.863     	47 55.520     	14 56.453     	19 56.104     	42 55.957     	22 55.539     	69 55.727     	20 56.414     	41 55.740     	21 56.639     	30 55.647     	94 56.477     	26 56.568     	74 56.478     	 3 56.503     	53 56.801     	82 56.579     	 2 56.477     	35 56.049     	
Lap 12	31 55.746     	80 56.197     	11 55.448     	98 56.024     	29 56.065     	81 55.500     	14 55.536     	47 56.092     	19 55.987     	42 56.297     	22 55.972     	69 55.840     	20 55.678     	41 56.213     	21 56.251     	30 56.120     	94 56.020     	26 55.837     	74 56.241     	 3 56.092     	53 55.933     	82 57.405     	 2 56.099     	35 55.741     	
Lap 13	31 55.593     	80 56.144     	81 55.443     	11 56.346     	29 55.980     	98 56.098     	14 56.421     	47 56.157     	19 56.109     	42 55.572     	22 55.775     	69 56.302     	20 55.939     	21 55.424     	41 56.258     	30 56.285     	94 56.516     	26 56.624     	74 56.234     	 3 56.612     	53 56.344     	82 55.776     	 2 57.090     	35 56.332     	
Lap 14	31 54.900     	80 55.902     	81 55.480     	11 55.508     	29 56.032     	98 56.510     	14 55.938     	47 55.800     	42 55.764     	19 56.025     	22 56.236     	69 55.547     	20 56.426     	21 56.259     	41 56.102     	30 55.778     	26 56.119     	74 55.961     	94 56.675     	 3 56.717     	53 56.759     	82 57.021     	35 55.735     	 2 56.803     	
Lap 15	31 55.150     	80 55.506     	81 55.894     	11 56.208     	98 55.500     	29 56.151     	47 56.156     	19 55.696     	14 56.380     	42 56.371     	22 56.290     	69 56.147     	20 56.198     	41 56.111     	21 56.311     	30 55.963     	94 55.737     	74 55.959     	26 56.442     	 3 56.269     	53 56.878     	82 56.201     	35 55.497     	 2 56.996     	
Lap 16	31 54.927     	80 55.604     	11 55.691     	81 56.147     	98 55.478     	29 55.395     	47 55.643     	19 55.646     	42 55.682     	14 56.484     	69 56.268     	22 56.419     	20 55.980     	41 55.848     	30 55.776     	21 57.985     	94 56.662     	26 56.357     	74 56.892     	 3 56.467     	53 56.656     	35 54.851     	82 57.197     	 2 56.801     	
Lap 17	31 55.477     	80 56.021     	29 55.419     	81 55.563     	98 55.954     	11 56.205     	47 55.493     	19 55.957     	42 56.223     	14 56.044     	22 55.906     	69 56.032     	20 55.703     	41 56.890     	30 56.162     	21 56.168     	94 56.264     	74 56.068     	26 56.600     	35 55.920     	53 56.023     	 3 57.016     	82 56.988     	 2 56.932     	
Lap 18	31 55.248     	80 55.593     	29 55.853     	98 55.708     	11 55.838     	81 56.456     	47 56.392     	19 56.030     	42 55.910     	14 56.758     	22 56.084     	69 56.545     	20 56.572     	41 56.237     	30 56.061     	21 55.820     	94 55.977     	26 56.265     	74 56.574     	35 55.782     	53 56.708     	 3 57.151     	82 55.622     	 2 57.294     	
Lap 19	31 55.317     	80 56.388     	29 56.345     	98 56.289     	11 56.161     	81 56.161     	47 56.419     	19 56.380     	42 56.491     	14 56.221     	22 56.529     	69 56.415     	20 56.074     	41 56.535     	30 56.516     	21 56.787     	94 56.159     	74 56.712     	26 56.796     	35 55.487     	53 56.848     	 3 56.778     	82 56.433     	 2 57.263     	
Lap 20	31 55.617     	80 55.548     	29 55.710     	98 55.729     	11 55.800     	81 55.818     	47 56.180     	19 56.310     	42 56.321     	14 55.726     	22 56.218     	69 56.314     	20 56.021     	41 55.869     	30 56.196     	94 55.524     	21 56.790     	26 56.078     	74 56.555     	35 56.185     	 3 56.203     	53 56.991     	82 56.552     	 2 56.853     	
Lap 21	31 55.392     	80 55.689     	29 55.891     	98 55.723     	81 55.546     	11 55.889     	47 56.422     	19 56.460     	42 55.933     	14 55.911     	22 56.314     	69 56.167     	20 56.631     	30 55.748     	41 56.702     	94 56.414     	21 56.293     	26 56.552     	74 56.900     	35 57.057     	 3 56.739     	53 56.392     	82 57.126     	 2 57.336     	
Lap 22	31 55.917     	80 55.508     	98 55.507     	81 55.584     	29 56.195     	11 55.954     	47 55.710     	19 55.704     	42 56.231     	14 56.371     	22 55.700     	69 56.401     	20 56.786     	41 56.034     	30 56.696     	21 56.091     	94 56.903     	26 56.199     	74 56.406     	35 56.783     	53 56.439     	 3 56.744     	82 57.470     	 2 56.981     	
Lap 23	31 55.323     	80 55.107     	98 55.481     	81 55.597     	29 55.570     	11 56.101     	47 56.428     	19 56.223     	42 55.637     	14 56.614     	22 56.430     	69 55.926     	20 56.124     	30 55.968     	41 56.708     	21 56.626     	94 56.671     	26 56.176     	74 56.298     	35 56.445     	53 56.480     	 3 56.932     	82 56.352     	 2 57.427     	
Lap 24	31 56.022     	80 55.412     	98 55.497     	81 55.817     	29 56.035     	11 56.666     	19 56.146     	47 56.391     	42 56.405     	14 56.444     	22 56.463     	69 56.594     	20 55.693     	30 56.290     	41 56.340     	21 56.119     	94 56.068     	26 56.864     	74 56.008     	35 55.543     	53 56.309     	 3 57.005     	82 56.330     	 2 57.365     	
Lap 25	31 55.121     	80 55.523     	98 55.737     	81 55.721     	29 55.770     	11 55.920     	47 56.097     	19 56.668     	14 56.011     	22 56.289     	69 56.313     	20 56.420     	30 56.639     	41 56.683     	21 55.978     	94 56.094     	26 57.042     	74 56.986     	35 56.325     	42 68.110 PIT	53 56.048     	 3 56.565     	82 56.471     	 2 57.556     	
Lap 26	31 55.471     	80 55.256     	98 55.638     	29 55.219     	81 56.110     	11 55.310     	19 55.635     	47 56.243     	14 56.687     	22 56.154     	69 56.214     	20 56.266     	41 55.925     	30 56.917     	21 56.220     	94 56.006     	26 56.702     	74 57.067     	35 57.289     	42 56.011     	53 57.254     	 3 56.403     	82 56.623     	 2 57.654     	
Lap 27	31 55.594     	80 56.046     	98 56.172     	29 55.648     	81 56.683     	11 55.885     	19 56.002     	47 56.475     	14 56.578     	22 56.422     	69 56.467     	20 56.518     	41 56.436     	30 56.791     	21 56.554     	94 56.352     	26 56.520     	42 55.572     	35 56.357     	74 57.035     	53 55.877     	 3 57.303     	82 57.189     	 2 59.013     	
Lap 28	31 56.086     	80 55.836     	98 55.696     	29 56.198     	11 55.904     	81 56.680     	19 56.272     	47 55.620     	22 56.208     	14 56.816     	69 56.439     	20 56.308     	30 56.151     	21 56.073     	94 56.361     	42 56.117     	35 56.441     	26 57.091     	74 56.409     	41 63.041 PIT	53 55.981     	82 56.485     	 3 57.241     	 2 57.506     	
Lap 29	31 55.513     	80 55.256     	98 56.379     	29 55.637     	81 55.925     	11 56.348     	47 55.623     	19 56.449     	22 56.101     	14 56.271     	20 56.099     	69 56.799     	21 56.422     	30 56.894     	94 56.374     	42 55.240     	26 56.306     	35 56.400     	41 55.792     	74 56.709     	53 57.632     	 3 56.191     	82 56.959     	 2 57.653     	
Lap 30	31 55.302     	80 55.301     	98 56.096     	29 56.366     	81 55.987     	11 55.989     	47 56.398     	19 55.937     	22 56.149     	14 56.235     	20 56.580     	69 56.908     	21 56.338     	30 56.706     	94 56.443     	42 55.107     	35 56.214     	41 56.164     	26 56.872     	74 56.181     	53 56.374     	82 56.567     	 3 57.026     	 2 57.301     	
Lap 31	31 55.584     	80 55.678     	98 56.341     	29 56.495     	11 56.122     	81 56.376     	47 56.137     	19 56.221     	22 56.692     	14 57.008     	20 56.126     	69 56.814     	21 56.158     	42 54.781     	30 56.434     	94 56.769     	35 55.711     	41 55.862     	26 56.380     	74 57.041     	53 56.504     	82 56.527     	 3 56.818     	 2 57.352     	
Lap 32	31 55.349     	80 55.791     	98 56.372     	29 56.220     	11 56.380     	81 56.711     	47 55.911     	19 56.257     	22 56.079     	20 56.320     	14 56.913     	69 55.951     	42 56.012     	21 56.967     	30 56.606     	94 57.065     	41 55.994     	35 56.511     	26 56.432     	74 56.428     	53 55.923     	82 56.792     	 3 57.074     	 2 57.048     	
Lap 33	31 56.032     	80 55.400     	29 55.786     	98 56.188     	81 55.946     	11 56.382     	47 56.673     	19 56.145     	22 56.130     	20 56.503     	14 56.528     	69 56.338     	42 56.198     	21 56.329     	30 57.126     	94 57.204     	41 56.096     	35 56.569     	26 57.150     	74 56.904     	53 56.364     	82 56.609     	 3 56.529     	 2 59.264     	
Lap 34	31 55.571     	80 55.526     	29 56.346     	98 57.003     	11 56.040     	81 56.645     	47 56.215     	19 56.144     	22 56.011     	20 56.193     	14 56.578     	69 56.964     	42 56.296     	21 56.189     	30 56.865     	41 55.573     	94 56.642     	35 56.672     	26 57.377     	74 56.925     	53 57.881     	82 57.312     	 3 57.158     	
Lap 35	31 55.665     	80 55.642     	29 56.636     	98 57.169     	11 56.361     	81 56.435     	19 55.603     	47 56.950     	22 55.669     	20 57.209     	14 56.626     	69 56.599     	42 55.400     	21 56.620     	41 56.145     	30 57.011     	94 56.463     	26 56.635     	74 56.865     	53 56.880     	82 56.565     	 3 56.572     	 2 57.023     	
Lap 36	31 55.751     	80 56.018     	29 55.669     	11 56.245     	98 56.877     	81 56.472     	19 56.397     	47 55.590     	22 55.858     	42 55.354     	14 56.682     	20 57.034     	69 56.767     	21 56.642     	41 56.167     	30 56.418     	94 57.033     	74 56.946     	26 57.335     	53 56.297     	82 57.291     	 3 57.215     	 2 57.768     	
Lap 37	31 55.797     	80 55.995     	29 56.242     	11 56.818     	81 56.597     	22 56.330     	42 55.986     	69 56.616     	41 55.705     	30 57.071     	94 57.351     	98 73.939 PIT	19 73.771 PIT	47 73.885 PIT	53 57.884     	 3 56.449     	82 56.892     	14 74.195 PIT	20 74.425 PIT	21 74.261 PIT	74 73.969 PIT	26 74.733 PIT	 2 58.095     	
Lap 38	31 55.997     	80 73.499 PIT	42 55.045     	41 55.209     	29 73.205 PIT	98 55.804     	11 73.629 PIT	81 73.515 PIT	19 56.135     	47 55.697     	22 74.153 PIT	53 56.608     	82 57.397     	14 56.136     	69 73.136 PIT	20 56.408     	21 56.091     	30 73.151 PIT	94 74.065 PIT	74 56.548     	26 56.026     	 3 73.699 PIT	 2 74.606 PIT	
Lap 39	31 55.964     	80 55.250     	42 55.508     	41 55.428     	29 55.353     	98 55.271     	11 56.315     	81 56.013     	47 55.289     	19 56.213     	22 55.895     	53 58.095     	20 55.458     	14 56.259     	69 56.332     	21 55.088     	30 55.188     	94 55.435     	74 56.627     	26 56.270     	 3 55.753     	82 74.926 PIT	 2 56.945     	
Lap 40	31 73.973 PIT	80 55.595     	42 55.692     	41 55.300     	29 54.844     	98 54.868     	11 55.553     	81 55.730     	47 55.390     	19 55.342     	22 55.116     	53 56.486     	14 55.594     	20 55.855     	69 56.008     	21 55.731     	30 55.032     	94 55.640     	74 55.966     	26 56.465     	 3 55.876     	82 55.575     	 2 56.639     	
Lap 41	31 55.750     	80 54.841     	42 55.651     	29 55.146     	41 56.443     	98 55.249     	11 55.630     	81 56.145     	19 54.882     	47 55.768     	22 55.156     	53 56.500     	14 55.590     	20 55.702     	69 56.015     	21 55.740     	30 55.778     	94 55.179     	74 56.270     	26 56.613     	 3 56.053     	82 55.594     	
Lap 42	31 55.401     	80 55.179     	42 55.291     	29 55.706     	41 55.789     	98 54.783     	11 55.401     	81 55.918     	19 55.970     	47 56.008     	22 55.595     	14 55.987     	20 55.712     	69 55.680     	21 56.241     	30 55.053     	94 56.092     	74 56.175     	26 56.425     	 3 55.527     	53 74.456 PIT	82 56.478     	
Lap 43	31 55.060     	80 55.348     	42 55.196     	29 55.173     	98 54.660     	41 56.488     	11 55.526     	81 55.998     	19 55.589     	47 55.538     	22 55.759     	14 55.430     	20 56.186     	69 55.175     	30 55.525     	21 56.249     	94 56.071     	74 55.992     	26 55.349     	 3 56.322     	53 55.975     	82 56.618     	
Lap 44	31 55.138     	80 55.034     	42 55.015     	29 55.077     	98 55.137     	41 56.371     	11 54.894     	81 55.522     	19 55.776     	47 55.831     	22 55.833     	14 56.045     	20 55.875     	69 56.325     	30 56.025     	21 55.911     	94 55.526     	74 55.925     	26 56.044     	 3 55.666     	53 55.250     	82 56.603     	
Lap 45	31 54.889     	80 55.178     	42 55.662     	29 54.940     	98 54.976     	41 55.579     	11 54.887     	81 55.513     	19 56.127     	47 56.117     	22 55.415     	14 56.345     	20 55.912     	69 56.402     	21 55.934     	30 56.532     	94 55.837     	74 56.052     	26 56.113     	 3 56.024     	53 55.259     	82 56.696     	
Lap 46	31 55.687     	80 54.735     	42 55.654     	29 55.061     	98 54.673     	41 55.747     	11 55.178     	81 55.595     	47 55.623     	19 55.950     	22 55.217     	14 56.110     	20 56.064     	69 56.562     	21 55.913     	30 55.995     	94 55.776     	74 55.868     	26 56.545     	53 55.888     	 3 56.847     	82 55.845     	
Lap 47	31 54.766     	80 55.397     	42 55.252     	29 55.280     	98 54.921     	41 55.869     	11 56.094     	81 55.278     	19 54.940     	47 55.459     	22 55.435     	14 55.498     	20 56.382     	69 55.457     	21 56.473     	30 56.383     	94 55.340     	74 56.138     	26 55.976     	53 56.351     	 3 57.117     	82 56.424     	
Lap 48	31 55.321     	80 55.592     	42 55.257     	29 55.687     	98 55.658     	41 56.119     	11 55.790     	81 55.658     	19 55.374     	47 55.367     	22 55.284     	14 55.520     	20 55.814     	69 56.623     	21 56.286     	30 56.145     	94 55.234     	74 56.121     	26 56.095     	53 56.050     	 3 56.256     	82 56.705     	
Lap 49	31 55.622     	80 55.132     	42 55.688     	29 55.471     	98 55.908     	41 55.776     	11 55.872     	81 56.016     	19 56.185     	47 55.943     	22 54.968     	14 55.907     	20 55.259     	69 55.839     	30 56.418     	21 56.649     	94 56.509     	74 56.290     	26 55.301     	53 55.356     	 3 55.981     	82 56.382     	
Lap 50	31 55.062     	80 55.039     	42 55.335     	29 55.500     	98 54.718     	41 55.938     	11 56.262     	81 54.992     	47 55.637     	22 55.477     	19 56.333     	14 55.882     	20 56.252     	69 55.102     	21 56.280     	94 55.765     	30 56.561     	26 56.014     	74 56.453     	53 55.583     	 3 55.759     	82 56.296     	
Lap 51	31 55.542     	80 55.718     	42 55.183     	29 55.691     	98 55.963     	41 56.179     	11 55.013     	81 55.571     	47 55.701     	22 56.105     	19 55.747     	14 55.011     	20 55.840     	69 56.583     	30 55.500     	94 55.821     	21 56.467     	74 56.075     	26 56.807     	53 55.795     	 3 55.599     	82 56.500     	
Lap 52	31 55.210     	80 54.866     	42 55.314     	29 55.690     	98 56.242     	11 56.361     	41 56.523     	81 55.721     	47 55.955     	19 56.082     	22 56.479     	14 55.328     	20 56.041     	69 55.530     	94 56.138     	30 56.233     	21 55.970     	74 56.689     	26 56.879     	53 55.826     	 3 55.956     	82 56.543     	
Lap 53	31 55.695     	80 55.786     	42 55.981     	29 55.705     	98 55.533     	11 55.834     	41 56.143     	81 55.284     	47 56.068     	19 56.321     	22 56.093     	14 55.923     	20 55.874     	69 56.766     	21 55.756     	30 56.427     	94 56.748     	74 56.937     	26 56.508     	53 56.640     	 3 56.082     	82 56.774     	
Lap 54	31 55.111     	80 55.621     	42 55.690     	29 54.963     	98 55.250     	11 55.499     	41 55.922     	81 56.239     	47 55.698     	22 55.966     	19 56.100     	14 55.740     	20 55.970     	69 55.913     	21 56.039     	30 55.838     	94 56.442     	74 56.051     	26 56.773     	53 56.708     	 3 55.920     	82 56.963     	
Lap 55	31 55.045     	80 55.795     	42 55.950     	29 55.399     	98 55.269     	11 55.658     	41 56.273     	81 56.027     	47 55.607     	22 55.774     	19 56.414     	14 56.025     	20 55.504     	69 55.971     	30 55.874     	21 56.215     	94 56.806     	74 56.731     	26 56.558     	53 56.767     	 3 56.933     	82 56.957     	
Lap 56	31 55.749     	80 55.630     	42 55.269     	29 55.011     	98 55.657     	11 55.048     	81 55.864     	41 56.742     	47 55.750     	22 56.090     	19 55.797     	14 55.135     	20 55.698     	69 55.639     	30 56.184     	21 56.613     	94 55.604     	26 56.097     	74 57.004     	53 56.763     	 3 57.324     	82 56.029     	
Lap 57	31 55.895     	80 55.596     	42 55.458     	29 55.044     	98 54.883     	11 55.770     	81 55.820     	41 55.838     	47 55.215     	22 56.210     	19 56.152     	14 55.708     	20 56.054     	69 55.073     	30 56.473     	94 56.044     	21 56.812     	26 56.003     	74 56.331     	53 55.633     	 3 56.157     	82 56.208     	
Lap 58	31 54.965     	80 55.638     	42 55.422     	29 55.404     	98 54.969     	11 55.015     	81 56.427     	47 55.807     	41 56.803     	22 55.878     	19 55.649     	14 55.730     	20 55.948     	69 55.423     	30 56.529     	94 56.131     	21 56.423     	74 56.164     	26 56.809     	53 57.536     	 3 56.215     	82 56.725     	
Lap 59	31 55.247     	80 55.719     	42 55.826     	29 55.577     	98 55.395     	11 55.119     	81 55.568     	47 55.794     	41 56.203     	22 55.792     	19 56.057     	14 55.151     	20 56.177     	69 56.827     	30 56.809     	94 56.823     	21 56.403     	74 56.744     	26 56.810     	53 56.580     	 3 56.893     	82 56.335     	
Lap 60	31 55.832     	80 55.402     	42 56.337     	29 55.477     	98 55.554     	11 55.890     	81 57.118     	47 56.465     	41 56.213     	22 56.154     	19 55.985     	14 55.966     	20 56.144     	69 55.404     	30 56.094     	94 56.040     	21 56.432     	74 56.159     	26 56.504     	53 57.011     	 3 56.877     	82 56.406     	
Lap 61	31 55.918     	80 55.282     	42 56.303     	29 54.988     	98 55.726     	11 55.764     	81 56.012     	41 55.828     	47 56.217     	22 56.026     	19 56.256     	14 55.929     	20 55.920     	69 56.259     	30 56.277     	94 56.164     	21 55.893     	74 56.885     	26 56.611     	53 56.856     	 3 56.626     	82 56.680     	
Lap 62	31 55.826     	80 55.734     	29 55.396     	42 56.412     	98 54.979     	11 56.016     	47 55.949     	81 56.591     	41 56.403     	22 56.276     	19 56.426     	14 55.570     	20 56.037     	69 56.062     	94 56.384     	30 56.673     	21 56.252     	74 56.622     	26 56.936     	53 56.420     	 3 57.118     	82 56.878     	
Lap 63	31 55.988     	80 55.192     	29 56.471     	42 56.984     	98 56.529     	11 56.055     	81 55.792     	47 56.252     	41 56.655     	19 55.797     	22 56.546     	14 55.860     	20 55.464     	69 56.032     	30 55.944     	21 56.330     	94 56.803     	74 57.077     	26 57.001     	53 56.166     	 3 56.399     	82 56.349     	
Lap 64	31 55.944     	80 55.379     	29 55.416     	98 56.095     	11 55.978     	81 55.761     	47 56.213     	41 55.734     	42 73.794 PIT	22 55.915     	19 56.562     	14 55.530     	20 56.250     	69 55.990     	21 56.263     	30 56.937     	94 56.774     	26 56.465     	74 57.004     	53 55.861     	 3 56.666     	82 57.114     	
Lap 65	31 55.601     	80 55.566     	29 55.257     	98 55.096     	11 55.524     	81 56.353     	47 56.288     	41 56.360     	42 55.457     	22 56.574     	19 56.407     	14 56.265     	20 55.663     	69 56.034     	30 56.206     	21 56.978     	94 57.022     	26 56.475     	74 56.918     	53 57.282     	 3 56.314     	82 56.749     	
Lap 66	31 55.608     	80 55.569     	29 55.976     	98 55.310     	11 55.643     	81 56.113     	47 56.329     	42 54.882     	41 56.638     	22 56.301     	19 56.633     	14 55.523     	20 56.417     	69 56.155     	30 56.704     	21 56.717     	94 56.132     	26 57.203     	74 57.159     	53 57.601     	 3 56.712     	82 56.855     	
Lap 67	31 55.572     	80 55.227     	29 55.459     	98 55.529     	11 56.115     	81 56.687     	42 55.750     	47 56.644     	41 57.148     	22 56.857     	19 56.724     	14 56.553     	20 56.027     	69 56.293     	30 57.271     	21 56.741     	94 56.456     	26 56.311     	74 56.681     	53 56.766     	 3 57.207     	82 56.972     	
Lap 68	31 55.899     	80 56.038     	29 55.253     	98 55.794     	11 56.107     	81 56.091     	42 56.174     	47 55.914     	22 56.016     	19 56.599     	14 57.205     	20 55.609     	69 55.477     	41 73.259 PIT	21 56.480     	94 56.465     	30 56.557     	26 57.003     	74 57.147     	53 56.542     	 3 57.307     	82 56.422     	
Lap 69	31 55.410     	80 55.326     	29 55.805     	98 55.365     	11 55.456     	42 55.760     	81 56.136     	47 55.665     	22 56.164     	19 56.304     	14 55.709     	20 55.692     	69 56.254     	41 56.042     	30 55.950     	21 56.623     	94 56.916     	26 56.731     	74 56.551     	53 57.414     	 3 56.557     	82 56.516     	
Lap 70	31 56.533     	80 55.788     	29 55.866     	98 55.824     	11 55.495     	42 55.287     	47 56.151     	81 56.607     	22 55.575     	19 56.183     	14 56.730     	20 55.889     	69 56.011     	41 55.770     	30 57.049     	21 56.549     	94 56.745     	26 56.906     	74 56.507     	53 56.413     	 3 57.303     	82 56.592     	
Lap 71	31 56.255     	80 56.284     	29 56.092     	98 56.043     	11 56.096     	42 54.745     	81 55.742     	47 56.678     	22 56.278     	19 55.686     	14 55.530     	20 55.907     	69 56.429     	41 55.319     	21 56.464     	94 56.334     	30 57.111     	26 56.815     	74 56.960     	53 56.280     	 3 58.217     	82 57.418     	
Lap 72	31 56.611     	80 56.517     	29 55.852     	98 56.248     	11 56.017     	42 55.142     	47 55.913     	81 56.814     	22 55.725     	19 56.251     	14 56.370     	20 56.263     	69 55.603     	41 54.891     	21 56.363     	30 56.208     	94 57.302     	26 56.698     	74 57.462     	53 57.318     	 3 56.355     	82 56.650     	
Lap 73	31 56.051     	80 56.498     	29 55.911     	98 56.165     	11 56.361     	42 54.963     	81 55.984     	47 56.866     	22 56.271     	19 55.905     	14 55.640     	20 56.096     	69 56.324     	41 55.599     	21 57.054     	30 56.846     	94 57.078     	26 56.876     	74 57.026     	53 58.013     	 3 56.087     	82 57.190     	
Lap 74	31 56.937     	80 56.467     	29 55.420     	11 56.388     	42 55.413     	98 72.155 PIT	81 56.251     	47 56.384     	22 55.847     	69 56.454     	41 55.030     	19 72.697 PIT	14 72.358 PIT	30 56.912     	20 72.842 PIT	94 56.676     	26 56.509     	74 56.515     	21 74.229 PIT	53 56.618     	 3 57.052     	82 56.574     	
Lap 75	31 56.365     	80 73.340 PIT	42 55.356     	29 73.243 PIT	98 54.765     	22 56.642     	11 73.646 PIT	69 55.993     	41 55.677     	47 73.321 PIT	81 74.278 PIT	19 55.928     	14 55.989     	20 56.130     	30 56.519     	26 56.406     	21 55.813     	94 73.549 PIT	53 57.324     	 3 56.730     	82 56.611     	74 73.376 PIT	
Lap 76	31 55.693     	80 55.623     	42 55.265     	29 55.692     	98 56.189     	22 56.095     	11 55.326     	69 56.586     	41 55.624     	47 56.196     	81 57.698     	19 55.956     	14 55.970     	20 55.685     	30 57.169     	21 55.853     	94 56.603     	53 56.637     	82 56.618     	26 73.814 PIT	74 56.477     	 3 74.502 PIT	
Lap 77	31 56.426     	80 55.223     	42 55.230     	29 56.060     	98 56.243     	22 56.627     	11 55.456     	41 55.504     	47 54.706     	81 55.362     	19 55.494     	14 56.256     	20 55.422     	69 73.371 PIT	21 55.906     	30 73.072 PIT	94 55.992     	53 57.243     	26 55.728     	74 55.726     	 3 56.340     	82 73.602 PIT	
Lap 78	31 55.895     	80 55.176     	42 55.784     	29 55.164     	98 55.076     	22 56.159     	11 54.796     	41 55.022     	47 55.556     	81 55.647     	19 55.782     	14 55.298     	20 55.407     	69 55.102     	21 55.032     	30 55.913     	94 56.336     	53 56.184     	26 56.091     	74 56.025     	 3 55.542     	82 56.331     	
Lap 79	80 55.446     	31 73.265 PIT	42 55.736     	29 55.501     	98 55.607     	22 56.069     	11 55.558     	41 55.109     	47 55.613     	81 55.628     	19 55.893     	14 55.630     	20 55.897     	69 55.145     	21 55.361     	30 56.122     	94 56.654     	26 56.551     	74 56.066     	 3 56.187     	53 74.250 PIT	82 56.255     	
Lap 80	80 55.587     	31 54.874     	42 55.589     	29 55.594     	98 55.511     	11 55.019     	41 55.942     	47 54.678     	81 55.155     	19 55.921     	14 56.382     	22 73.826 PIT	20 55.073     	69 55.184     	21 55.539     	30 55.180     	94 55.667     	26 56.502     	74 56.597     	 3 55.364     	53 56.355     	82 55.977     	
Lap 81	80 54.814     	31 55.595     	42 55.878     	29 55.904     	98 55.603     	11 54.865     	41 55.916     	47 55.459     	81 54.749     	19 54.907     	14 55.856     	22 55.645     	20 55.024     	69 55.806     	21 55.153     	30 55.589     	94 55.426     	26 56.166     	74 56.223     	 3 55.907     	53 55.248     	82 55.818     	
Lap 82	80 55.352     	31 54.939     	42 55.256     	29 55.243     	98 55.893     	11 55.409     	41 55.614     	47 54.938     	81 55.318     	19 55.213     	14 56.304     	22 56.057     	20 56.011     	69 55.394     	21 55.804     	30 55.720     	94 55.850     	26 56.493     	74 56.294     	 3 55.990     	53 55.839     	82 55.814     	
Lap 83	80 55.338     	31 55.508     	42 55.307     	29 54.843     	98 54.846     	11 55.510     	41 55.759     	47 55.270     	81 54.738     	19 54.916     	14 55.613     	22 55.657     	20 56.041     	69 55.205     	21 56.001     	30 55.528     	94 55.810     	26 56.133     	74 56.292     	 3 56.352     	53 55.787     	82 56.819     	
Lap 84	80 55.541     	31 55.346     	42 55.087     	29 54.681     	98 55.457     	11 55.281     	41 55.558     	47 55.630     	81 55.726     	19 54.910     	14 56.195     	22 56.179     	20 55.613     	69 55.218     	21 55.273     	30 55.521     	94 55.713     	26 56.248     	74 55.881     	 3 56.764     	53 56.225     	82 56.445     	
Lap 85	80 55.415     	31 55.326     	42 55.290     	29 55.456     	98 54.809     	11 55.388     	41 55.563     	47 54.911     	81 54.971     	19 55.014     	14 55.629     	22 55.701     	20 55.737     	69 55.058     	21 55.294     	30 55.239     	94 56.162     	74 56.154     	26 56.635     	53 56.268     	 3 56.775     	82 56.412     	
Lap 86	80 55.481     	31 54.749     	42 55.743     	29 55.226     	98 55.096     	11 55.227     	41 55.670     	47 55.505     	81 54.981     	19 55.722     	14 55.535     	22 56.010     	20 56.361     	69 55.005     	21 55.432     	30 56.007     	94 55.798     	74 56.422     	26 56.497     	 3 56.249     	53 56.673     	82 56.713     	
Lap 87	80 55.289     	31 55.434     	29 55.205     	42 56.265     	98 55.555     	11 55.490     	41 55.672     	47 54.980     	81 55.464     	19 55.091     	14 55.537     	22 55.706     	20 56.232     	69 55.829     	21 55.696     	30 55.169     	94 56.193     	74 56.217     	26 56.272     	 3 56.174     	53 56.327     	82 56.387     	
Lap 88	80 55.745     	31 55.645     	29 56.186     	98 55.031     	42 56.538     	11 55.813     	47 55.220     	41 56.228     	81 54.822     	19 55.349     	14 55.678     	22 55.522     	69 55.836     	20 56.132     	21 55.993     	30 55.688     	94 55.811     	74 55.948     	26 56.113     	 3 56.271     	53 56.015     	82 56.497     	
Lap 89	80 55.466     	31 55.575     	29 55.921     	98 55.975     	42 56.779     	11 54.984     	47 55.550     	41 55.662     	81 55.388     	19 55.637     	14 55.228     	22 55.592     	69 55.975     	20 56.083     	21 55.783     	30 55.469     	94 55.554     	26 56.028     	74 56.825     	53 56.266     	 3 56.827     	82 56.215     	
Lap 90	80 55.616     	31 55.397     	29 55.527     	98 55.511     	42 56.080     	11 54.974     	47 56.034     	41 56.016     	81 55.827     	19 55.314     	14 55.347     	22 55.743     	69 55.676     	20 55.933     	21 55.232     	30 55.161     	94 56.176     	26 56.173     	74 56.762     	53 55.907     	 3 56.808     	82 56.414     	
Lap 91	80 55.237     	31 55.278     	29 56.046     	98 56.612     	42 55.447     	11 55.287     	47 55.936     	41 56.445     	81 55.477     	19 55.272     	14 55.398     	22 55.351     	69 56.202     	20 56.109     	21 55.579     	30 55.748     	94 55.794     	26 56.715     	74 56.684     	53 56.032     	 3 55.938     	82 56.343     	
Lap 92	80 55.197     	31 55.497     	29 55.267     	98 56.169     	42 56.650     	11 55.094     	47 55.563     	81 56.368     	41 56.475     	19 55.881     	14 55.506     	22 55.654     	69 55.648     	20 56.430     	21 56.024     	30 55.325     	94 56.186     	26 56.537     	74 56.323     	53 55.839     	 3 55.999     	82 56.776     	
Lap 93	80 54.930     	31 55.122     	29 54.900     	98 55.852     	42 56.661     	11 55.028     	47 55.853     	81 55.687     	41 55.644     	19 55.536     	14 55.686     	22 55.216     	69 55.173     	20 55.719     	21 55.394     	30 55.348     	94 55.901     	74 56.030     	26 56.839     	53 55.854     	 3 56.522     	82 56.982     	
Lap 94	80 55.076     	31 55.510     	29 55.118     	98 55.814     	42 55.280     	11 55.182     	47 55.493     	81 55.780     	41 56.049     	19 56.117     	14 55.341     	22 55.429     	69 55.200     	20 55.487     	21 55.366     	30 55.543     	94 55.453     	74 56.105     	26 56.963     	53 56.148     	 3 56.414     	82 56.545     	
Lap 95	80 55.352     	31 55.266     	29 55.436     	98 55.072     	42 56.140     	11 55.768     	47 55.902     	81 56.110     	41 56.259     	19 55.838     	14 56.000     	22 55.786     	69 55.575     	20 55.470     	21 55.907     	30 55.230     	94 55.752     	74 55.559     	26 56.878     	53 57.103     	 3 56.043     	82 56.386     	
Lap 96	80 55.069     	31 54.913     	29 55.413     	98 55.794     	42 56.192     	11 55.166     	47 55.728     	81 55.699     	41 56.324     	19 55.854     	14 55.705     	22 55.187     	69 55.221     	20 55.800     	21 55.951     	30 55.320     	94 55.466     	74 56.351     	26 55.731     	53 55.946     	 3 56.131     	82 56.989     	
Lap 97	80 55.833     	31 55.460     	29 55.136     	98 55.437     	42 56.220     	11 55.887     	47 55.484     	81 55.901     	19 55.837     	41 56.309     	14 55.842     	22 55.915     	69 55.315     	20 55.346     	21 56.114     	30 56.192     	94 56.148     	74 56.224     	26 56.319     	53 55.584     	 3 56.613     	82 56.219     	
Lap 98	80 55.408     	31 54.966     	29 55.699     	98 55.702     	42 55.482     	11 55.265     	47 55.166     	81 55.393     	19 55.814     	41 56.138     	14 56.283     	22 55.961     	69 55.488     	20 55.931     	21 55.795     	30 55.900     	94 55.948     	74 55.715     	53 57.459     	 3 55.958     	26 63.649 PIT	82 56.127     	
Lap 99	80 55.323     	31 55.751     	29 55.483     	98 54.987     	42 55.958     	11 55.097     	47 55.730     	81 55.459     	19 56.209     	41 56.893     	14 56.124     	22 55.996     	69 55.427     	20 55.883     	21 56.202     	30 55.878     	94 55.836     	74 55.921     	53 55.646     	 3 56.432     	26 55.742     	82 56.643     	
Lap 100	80 55.846     	31 54.993     	29 55.702     	98 55.402     	42 55.916     	11 55.739     	47 55.885     	81 56.021     	19 55.414     	41 55.821     	22 55.895     	14 56.767     	69 55.997     	20 56.045     	30 55.975     	21 56.853     	94 55.755     	74 55.851     	53 56.470     	 3 55.898     	26 55.946     	82 56.697     	
Lap 101	80 56.521     	31 56.042     	29 55.158     	98 55.053     	42 56.013     	11 55.229     	47 55.183     	81 55.513     	19 55.299     	41 55.841     	22 56.284     	14 56.166     	69 56.682     	20 55.724     	21 56.145     	30 56.296     	94 56.025     	74 56.539     	53 56.409     	 3 56.238     	26 55.443     	82 56.745     	
Lap 102	80 56.596     	31 56.751     	29 55.321     	98 55.338     	11 55.977     	47 55.284     	81 55.577     	42 74.147 PIT	19 56.126     	41 55.601     	22 56.049     	14 56.409     	69 56.110     	20 56.053     	21 56.176     	30 56.776     	94 55.591     	74 55.845     	53 56.050     	 3 56.435     	26 55.718     	82 56.613     	
Lap 103	80 55.825     	31 56.805     	29 55.366     	98 55.442     	11 55.718     	47 55.273     	42 56.043     	81 56.598     	19 55.995     	41 56.390     	22 56.255     	14 56.411     	69 56.424     	20 55.684     	21 56.115     	30 56.586     	94 55.699     	74 56.603     	53 56.204     	 3 56.335     	26 55.158     	82 56.457     	
Lap 104	80 55.991     	31 55.993     	29 55.503     	98 55.253     	11 55.398     	47 55.711     	42 55.635     	81 56.255     	19 55.946     	41 56.127     	22 56.010     	14 56.284     	69 56.649     	20 56.361     	21 55.793     	30 55.500     	94 55.721     	74 56.515     	53 55.753     	 3 56.084     	26 55.168     	82 56.699     	
Lap 105	80 55.210     	31 55.459     	29 55.408     	98 55.717     	11 55.476     	47 55.965     	42 55.429     	81 56.091     	19 55.963     	22 55.493     	14 56.561     	69 56.015     	20 55.847     	41 72.742 PIT	21 56.783     	30 56.638     	94 56.271     	74 55.990     	53 56.483     	26 55.422     	 3 56.628     	82 56.455     	
Lap 106	80 56.156     	31 55.438     	29 55.472     	98 55.719     	11 55.350     	47 55.725     	42 54.925     	81 55.304     	19 55.741     	22 56.103     	14 56.778     	69 56.530     	20 55.876     	41 55.808     	30 56.016     	21 57.041     	94 56.108     	74 55.948     	53 56.159     	26 55.958     	 3 57.794     	82 57.177     	
Lap 107	80 55.685     	31 55.183     	29 55.731     	98 55.913     	11 56.263     	47 56.233     	42 55.092     	81 55.913     	19 56.262     	22 55.466     	14 56.049     	69 56.685     	20 56.751     	41 54.899     	30 56.444     	21 57.122     	94 56.376     	74 55.938     	53 55.787     	26 55.403     	 3 55.938     	82 56.465     	
Lap 108	80 56.411     	31 56.478     	29 55.685     	98 56.183     	11 55.796     	47 55.587     	42 55.178     	81 56.126     	19 55.636     	22 55.598     	14 56.676     	69 56.727     	20 56.956     	41 55.206     	30 56.359     	21 56.863     	94 56.575     	74 56.551     	53 57.160     	26 56.594     	 3 56.340     	82 56.846     	
Lap 109	80 56.491     	31 56.901     	29 55.851     	98 55.364     	11 56.264     	47 56.044     	42 55.678     	81 55.498     	19 56.102     	22 56.021     	14 56.673     	69 56.121     	20 56.229     	41 55.384     	30 56.460     	21 56.144     	94 55.964     	74 56.009     	26 56.580     	53 56.893     	 3 56.791     	82 57.076     	
Lap 110	80 55.480     	31 56.581     	29 56.212     	98 55.958     	11 56.176     	47 55.577     	42 55.194     	81 55.804     	19 55.568     	22 55.954     	14 57.108     	69 56.916     	20 56.704     	41 55.339     	30 56.135     	21 56.657     	94 56.641     	74 56.360     	26 55.844     	53 57.591     	 3 56.074     	82 56.875     	

-- OFFICIAL RESULTS --
Pos	#No	Driver						Team					Time		Diff		Pits	Best
01	#80	AYA	Ifloenne é Aya			Team V.V. Imperial		1:42:30.114	-0.000		2		54.735
02	#31	ŠAŊ	xap'ít celentir šaŋév	Team Solea Racing		1:42:32.347	-2.233		2		54.749
03	#29	ALU	Sago Aludetsei			Dotruga Formula Racing	1:42:32.349	-2.235		2		54.681
04	#98	MOT	Gorga Motxev			Dotruga Formula Racing	1:42:35.776	-5.662		2		54.660
05	#11	KEG	Tuto Keget				Dotruga Formula Racing	1:42:43.425	-13.311		2		54.796
06	#47	PAV	ketila léqa pavúteka	Team Solea Racing		1:42:56.917	-26.803		2		54.678
07	#42	OOS	Frank Oosterhout		Cows Go Moo Racing		1:42:57.804	-27.690		3		54.745
08	#81	KÆR	Lyǽs Kæræsekæræn		Team V.V. Imperial		1:43:01.664	-31.550		2		54.738
09	#19	ZAI	khélok atep zailunaɰ	Team Solea Racing		1:43:03.372	-33.258		2		54.882
10	#22	PHI	Philipe					Team Vincent			1:43:10.546	-40.432		2		54.968
11	#14	HÚC	Daseno Húctu			Team Vikasani			1:43:16.822	-46.708		2		55.011
12	#69	SAN	Marisa Sanchez			Cows Go Moo Racing		1:43:16.927	-46.813		2		55.005
13	#20	MAC	Mac						Team Vincent			1:43:17.683	-47.569		2		55.024
14	#41	CAN	Olga Candy				Cows Go Moo Racing		1:43:19.808	-49.694		3		54.891
15	#30	WIS	Josh Wise				BONGATAR				1:43:32.934	-62.820		2		55.032
16	#21	ORS	Orson					Team Vincent			1:43:34.572	-64.458		2		55.032
17	#94	NES	At'ipi Nesbeksë			Team Diigikwk Racers	1:43:37.678	-67.564		2		55.179
18	#74	KON	Bařàsiz Konoca			Team Diigikwk Racers	1:44:00.315	-90.201		2		55.275
19	#26	ILI	Rikvisi Iliria			Team Vikasani			1:44:05.018	-94.904		3		55.158
20	#53	TÀC	Ešuro Tàcràɰë			Team Diigikwk Racers	1:44:06.951	-96.837		2		55.248
21	# 3	BOB	Bob						BONGATAR				1:44:08.383	-98.269		2		55.364
22	#82	SAN	Nukki Savra Sanda		Team V.V. Imperial		1:44:20.252	-110.138	2		55.397
23	#35	AKA	Asaúni Akaleta			Team Vikasani			RETIRED		DNF			1		54.851
24	# 2	HID	Body Hide				BONGATAR				RETIRED		DNF			1		56.099

-- RACE INCIDENT REPORT --
Josh Wise made a mistake while attempting an overtake on lap 2.
Asaúni Akaleta made a pit stop to repair damage caused by a large incident while attempting an overtake on lap 8.
Orson made a mistake while attempting an overtake on lap 16.
Frank Oosterhout made a pit stop to repair damage caused by a large incident while attempting an overtake on lap 25.
Body Hide made a mistake while attempting an overtake on lap 27.
Olga Candy made a pit stop to repair damage caused by a large incident on lap 28.
Body Hide made a mistake while attempting an overtake on lap 33.
Asaúni Akaleta crashed out while attempting an overtake on lap 34.
Body Hide crashed out while attempting an overtake on lap 41.
Lyǽs Kæræsekæræn made a mistake while attempting an overtake on lap 60.
Josh Wise made a mistake while attempting an overtake on lap 67.
Bob made a mistake on lap 71.
Lyǽs Kæræsekæræn made a mistake while attempting an overtake on lap 76.
Olga Candy made a mistake while attempting an overtake on lap 92.
Rikvisi Iliria made a pit stop to repair damage caused by a large incident while attempting an overtake on lap 98.
