-- LAP TIMES --
Lap 0	47 0.000     	31 0.000     	29 0.100     	98 0.100     	19 0.200     	53 0.200     	74 0.300     	94 0.300     	11 0.400     	42 0.400     	41 0.500     	69 0.500     	80 0.600     	20 0.600     	81 0.700     	22 0.700     	26 0.800     	21 0.800     	35 0.900     	14 0.900     	30 1.000     	 3 1.000     	 2 1.100     	82 1.100     	
Lap 1	31 84.800     	29 84.932     	19 84.882     	47 85.379     	53 85.271     	98 85.615     	11 85.388     	69 85.406     	42 85.572     	74 85.700     	94 85.757     	80 85.504     	41 85.716     	22 85.956     	35 85.770     	21 85.904     	20 86.317     	81 86.319     	14 86.331     	30 86.339     	26 86.832     	82 86.780     	 3 87.323     	 2 87.598     	
Lap 2	31 85.009     	29 85.338     	19 85.390     	53 85.140     	98 85.166     	47 85.518     	11 85.116     	94 85.339     	69 85.529     	41 85.440     	42 85.790     	74 85.893     	80 85.969     	22 85.654     	81 85.441     	20 85.823     	35 86.121     	14 86.013     	21 86.791     	30 86.782     	82 86.425     	26 86.721     	 3 86.473     	 2 87.644     	
Lap 3	31 85.053     	98 84.748     	19 85.359     	29 85.591     	53 85.692     	94 85.151     	47 85.786     	11 85.887     	41 85.346     	69 85.918     	42 85.745     	74 85.623     	80 85.483     	22 85.816     	81 86.225     	20 86.281     	14 85.975     	35 86.693     	21 86.735     	82 86.310     	30 86.601     	26 86.818     	 3 87.940     	 2 87.963     	
Lap 4	31 85.117     	98 84.919     	19 85.298     	29 85.585     	47 84.955     	94 85.577     	53 85.830     	11 85.694     	74 85.493     	41 86.165     	69 85.824     	42 85.909     	80 86.193     	22 85.816     	81 86.062     	20 86.116     	14 85.957     	35 86.760     	21 86.080     	30 86.702     	82 86.938     	26 86.909     	 3 85.772     	 2 87.746     	
Lap 5	31 85.115     	98 84.803     	19 85.604     	29 85.310     	94 85.140     	47 85.680     	53 85.643     	11 85.824     	42 85.369     	69 85.655     	74 86.009     	41 86.069     	22 86.250     	80 86.448     	81 86.426     	14 86.381     	20 86.519     	21 85.825     	35 85.986     	30 86.557     	82 86.678     	26 86.448     	 3 87.902     	 2 87.637     	
Lap 6	31 85.354     	98 85.528     	19 85.179     	29 85.344     	47 85.006     	94 85.562     	53 85.783     	11 85.592     	69 85.246     	42 85.527     	74 85.804     	41 86.122     	22 85.711     	80 85.888     	14 86.078     	81 86.481     	20 86.581     	35 86.743     	21 86.949     	26 85.375     	30 86.861     	82 87.214     	 3 86.262     	 2 87.317     	
Lap 7	98 85.184     	31 85.859     	29 85.020     	19 85.653     	94 85.893     	47 86.852     	53 86.059     	11 85.724     	69 86.032     	42 85.995     	74 85.811     	41 85.743     	80 85.257     	22 86.720     	81 86.223     	14 86.278     	20 86.583     	35 86.635     	21 86.772     	26 86.277     	30 86.961     	 3 85.951     	82 87.739     	 2 87.549     	
Lap 8	98 85.820     	31 85.909     	29 85.309     	19 85.865     	94 85.299     	47 85.102     	11 85.502     	42 85.100     	53 85.832     	69 85.664     	74 85.617     	41 85.662     	80 85.863     	22 85.106     	81 86.624     	14 86.842     	20 86.366     	35 86.918     	21 86.915     	26 87.144     	30 86.801     	 3 87.417     	82 87.456     	 2 88.171     	
Lap 9	98 85.869     	31 85.572     	29 85.735     	19 85.206     	47 85.566     	94 86.187     	11 85.731     	53 85.617     	42 85.869     	69 86.145     	74 85.875     	41 85.816     	80 86.213     	22 86.237     	81 86.691     	20 86.285     	14 87.044     	35 86.599     	21 86.701     	30 85.829     	26 87.112     	 3 86.861     	82 86.534     	 2 87.914     	
Lap 10	31 85.129     	29 85.034     	98 85.850     	19 85.677     	94 85.421     	47 85.923     	11 85.725     	53 85.745     	42 86.078     	69 85.446     	41 85.464     	74 85.999     	80 86.131     	22 85.863     	81 86.234     	20 86.629     	14 86.627     	21 86.308     	30 86.456     	35 88.352     	26 87.176     	 3 86.900     	82 87.303     	 2 88.075     	
Lap 11	31 85.248     	29 85.467     	98 85.324     	19 85.781     	47 85.541     	94 85.793     	11 85.493     	42 85.231     	53 86.256     	69 86.406     	74 85.939     	41 86.335     	80 86.768     	22 86.512     	81 85.898     	20 87.072     	14 86.812     	21 86.080     	30 86.906     	35 86.819     	26 87.028     	 3 87.567     	82 87.109     	 2 87.822     	
Lap 12	31 85.447     	29 85.712     	19 85.003     	98 86.540     	47 86.071     	11 85.358     	94 86.296     	42 85.426     	69 85.731     	74 85.834     	41 85.994     	22 86.404     	80 86.536     	81 85.521     	14 86.586     	21 86.118     	20 87.019     	30 87.004     	35 87.127     	26 87.250     	 3 87.452     	82 87.358     	53 105.749 PIT	 2 88.167     	
Lap 13	31 85.621     	29 85.131     	19 85.386     	98 86.185     	11 85.423     	47 85.861     	42 85.523     	94 86.444     	69 85.586     	74 86.445     	41 86.155     	80 86.308     	22 86.511     	81 85.778     	20 86.528     	21 87.123     	14 87.399     	30 86.709     	35 86.367     	26 86.352     	 3 87.419     	82 87.352     	53 84.697     	 2 88.025     	
Lap 14	31 85.643     	29 86.104     	19 85.640     	98 84.960     	11 85.769     	47 85.535     	42 85.823     	94 86.339     	69 85.729     	74 86.287     	41 86.399     	80 86.056     	22 86.589     	81 85.593     	21 87.212     	20 86.999     	30 87.202     	35 86.796     	14 86.835     	82 87.043     	 3 87.533     	26 86.466     	53 84.225     	
Lap 15	31 85.597     	29 85.550     	19 86.084     	98 86.679     	11 85.745     	47 85.667     	42 85.484     	94 85.846     	69 86.355     	74 85.934     	41 86.381     	80 86.575     	81 86.125     	20 87.252     	14 87.006     	21 86.896     	35 86.570     	30 86.637     	26 87.016     	53 84.669     	 3 86.742     	82 87.456     	 2 88.136     	
Lap 16	29 85.852     	98 84.498     	19 86.594     	31 88.888     	42 84.880     	47 85.436     	11 86.334     	94 86.320     	69 86.215     	74 85.848     	41 86.489     	81 86.315     	80 86.871     	20 87.052     	21 86.905     	14 87.361     	35 87.044     	30 87.115     	26 87.324     	53 87.139     	82 87.549     	 3 87.871     	 2 87.720     	
Lap 17	29 86.008     	98 86.582     	19 86.396     	31 85.959     	42 85.834     	47 86.292     	11 85.583     	94 86.385     	74 85.138     	69 86.692     	41 85.082     	80 85.754     	81 86.889     	21 86.721     	20 87.048     	14 87.228     	35 87.024     	30 87.141     	26 87.086     	53 86.748     	 3 86.790     	82 87.419     	 2 88.409     	
Lap 18	29 84.710     	98 86.255     	31 85.829     	19 86.007     	42 85.705     	47 85.876     	11 85.926     	74 85.819     	94 86.705     	69 86.134     	41 85.965     	80 86.197     	81 86.288     	20 86.725     	21 86.959     	14 87.601     	35 86.874     	30 87.478     	53 86.815     	26 87.173     	 3 87.150     	82 87.854     	 2 87.850     	
Lap 19	29 84.798     	98 85.507     	42 85.975     	31 86.270     	19 86.621     	11 85.816     	47 86.324     	74 86.647     	94 86.583     	69 86.357     	41 86.356     	80 85.569     	81 85.866     	20 86.962     	21 87.042     	14 86.970     	53 85.564     	35 87.097     	26 87.076     	30 87.415     	 3 86.777     	82 86.239     	 2 88.716     	
Lap 20	29 85.474     	98 85.204     	42 86.430     	31 86.482     	47 85.624     	19 86.474     	11 86.730     	69 86.027     	94 86.374     	74 86.787     	41 86.654     	80 86.254     	81 85.672     	20 87.403     	21 87.466     	53 86.034     	14 86.774     	35 87.796     	30 86.674     	26 87.398     	 3 88.094     	82 88.131     	 2 88.315     	
Lap 21	29 86.517     	98 85.655     	47 85.779     	42 86.672     	31 86.524     	19 86.780     	11 86.990     	74 85.907     	94 86.026     	41 85.470     	69 86.774     	80 86.532     	81 86.668     	53 85.694     	20 86.789     	21 87.000     	14 87.620     	35 86.978     	30 87.008     	26 88.001     	 3 87.734     	82 88.052     	 2 88.909     	
Lap 22	29 85.168     	98 85.069     	47 86.269     	31 86.082     	42 86.758     	19 86.228     	11 87.039     	74 86.509     	94 86.978     	41 86.546     	69 87.031     	80 86.211     	81 86.321     	53 85.792     	20 87.133     	21 87.427     	14 86.950     	30 86.733     	35 87.474     	26 86.765     	 3 87.085     	82 86.516     	 2 88.575     	
Lap 23	29 85.034     	98 85.111     	47 86.122     	31 85.878     	42 86.611     	19 86.612     	11 85.858     	74 86.626     	41 86.355     	69 86.253     	94 86.982     	80 86.294     	81 85.750     	53 84.745     	20 86.964     	21 87.768     	14 87.230     	30 87.264     	26 86.765     	35 88.218     	 3 87.549     	82 87.677     	 2 89.157     	
Lap 24	98 85.144     	29 87.841     	31 85.389     	47 86.197     	42 86.573     	19 86.864     	11 87.534     	94 85.873     	74 87.072     	41 86.733     	69 86.445     	80 87.297     	81 86.890     	53 85.165     	20 86.956     	21 87.218     	14 87.761     	30 87.296     	26 87.557     	35 88.115     	 3 88.029     	82 87.565     	 2 88.606     	
Lap 25	29 85.940     	31 87.011     	42 86.502     	11 86.117     	94 87.146     	98 104.701 PIT	53 85.240     	47 104.228 PIT	19 105.871 PIT	20 87.112     	41 105.445 PIT	69 105.556 PIT	21 87.408     	74 106.438 PIT	14 87.651     	80 104.401 PIT	81 105.607 PIT	30 105.177 PIT	26 105.510 PIT	35 106.022 PIT	82 105.152 PIT	 3 107.194 PIT	 2 89.236     	
Lap 26	42 85.869     	94 86.200     	98 85.013     	29 103.545 PIT	53 84.813     	47 85.211     	31 104.879 PIT	19 85.040     	11 104.555 PIT	20 86.570     	41 86.289     	69 86.399     	74 86.346     	80 86.135     	81 85.383     	30 85.580     	21 106.290 PIT	26 85.788     	14 106.000 PIT	35 86.009     	82 86.337     	 3 86.705     	 2 107.242 PIT	
Lap 27	94 86.655     	29 84.915     	98 85.559     	53 84.794     	47 84.004     	31 84.171     	19 84.761     	42 104.374 PIT	11 85.180     	41 85.398     	20 86.675     	74 84.989     	69 86.046     	81 85.592     	80 86.343     	30 85.368     	21 86.636     	14 86.421     	26 86.609     	35 85.620     	82 85.575     	 3 85.716     	 2 87.405     	
Lap 28	94 86.050     	29 84.958     	98 85.895     	53 85.822     	47 85.099     	31 84.694     	19 85.318     	11 84.394     	42 85.579     	41 85.871     	74 85.960     	69 86.243     	80 84.764     	81 86.215     	30 86.148     	20 107.654 PIT	21 85.997     	26 85.976     	14 86.558     	35 87.160     	82 86.141     	 3 85.960     	 2 87.905     	
Lap 29	29 84.579     	98 84.878     	47 85.084     	31 84.126     	53 85.892     	19 85.915     	11 85.549     	42 85.792     	41 85.274     	74 85.620     	69 85.627     	80 84.844     	94 105.599 PIT	81 84.836     	30 85.906     	21 86.419     	26 86.097     	20 86.946     	14 86.324     	35 85.238     	82 85.692     	 3 86.184     	 2 87.501     	
Lap 30	29 84.497     	98 84.857     	47 84.925     	31 85.126     	53 87.005     	11 85.307     	19 85.689     	42 84.996     	41 85.284     	74 85.465     	69 86.075     	80 85.969     	94 85.341     	81 85.868     	30 85.901     	21 86.010     	26 86.210     	20 86.501     	14 86.004     	35 86.515     	82 85.692     	 3 85.724     	 2 87.426     	
Lap 31	29 84.769     	98 84.787     	47 84.968     	31 85.000     	53 85.527     	19 85.429     	42 85.535     	11 85.886     	41 84.742     	74 84.497     	69 85.797     	80 85.676     	94 85.853     	81 85.703     	30 86.109     	21 86.065     	26 86.718     	14 86.264     	20 86.477     	35 86.265     	82 86.068     	 3 86.522     	 2 87.404     	
Lap 32	29 84.840     	98 84.287     	47 85.118     	31 84.895     	53 85.028     	42 85.212     	19 85.496     	11 85.539     	41 85.385     	74 85.331     	94 85.064     	69 85.929     	80 86.351     	81 86.195     	30 85.798     	21 85.316     	14 86.204     	26 86.321     	20 86.543     	35 87.639     	82 85.591     	 3 85.808     	 2 87.964     	
Lap 33	29 84.910     	98 84.382     	31 84.442     	47 85.478     	53 85.997     	42 85.265     	19 85.135     	11 86.369     	74 84.889     	41 86.308     	94 85.591     	69 85.698     	80 85.773     	81 85.493     	30 85.744     	21 85.634     	14 86.860     	26 86.787     	20 86.554     	35 85.994     	82 85.932     	 3 85.776     	 2 87.941     	
Lap 34	29 84.960     	98 84.360     	31 85.231     	47 85.104     	53 85.193     	42 85.077     	19 85.972     	11 84.579     	74 85.582     	41 85.611     	94 85.678     	69 85.958     	80 86.032     	81 86.339     	30 85.741     	21 86.023     	14 86.752     	35 85.483     	26 87.033     	20 86.924     	82 86.123     	 3 86.202     	 2 88.243     	
Lap 35	29 85.684     	98 85.677     	47 85.271     	31 85.627     	53 86.013     	42 85.852     	19 85.984     	11 85.954     	74 85.648     	41 86.283     	94 85.674     	69 85.441     	80 86.009     	81 85.057     	30 85.991     	21 85.510     	14 86.622     	35 86.930     	20 87.113     	26 87.160     	82 86.564     	 3 85.899     	 2 87.879     	
Lap 36	29 85.724     	98 86.547     	31 85.248     	47 85.615     	53 85.399     	42 84.879     	19 85.568     	11 86.546     	74 85.184     	41 85.006     	94 85.402     	69 86.372     	80 86.008     	81 86.022     	30 85.914     	21 85.785     	14 86.732     	20 86.096     	35 86.755     	26 87.014     	82 86.317     	 3 86.778     	 2 87.642     	
Lap 37	29 84.748     	98 84.520     	47 85.233     	31 85.585     	42 84.615     	19 84.829     	11 84.870     	74 85.807     	41 86.602     	94 85.123     	69 85.493     	81 86.165     	80 86.812     	53 104.610 PIT	30 86.160     	21 85.498     	20 86.354     	14 86.658     	35 86.211     	26 86.894     	82 88.203     	 3 86.413     	 2 88.293     	
Lap 38	29 85.035     	98 84.992     	31 85.249     	47 85.714     	42 84.539     	19 84.627     	11 84.735     	74 84.836     	41 85.541     	94 86.776     	69 84.989     	80 85.250     	81 86.168     	53 85.312     	30 85.573     	21 85.398     	20 87.085     	35 87.046     	14 87.202     	26 86.346     	82 86.819     	 3 85.972     	 2 88.257     	
Lap 39	29 85.153     	98 84.379     	31 85.286     	47 85.264     	42 84.524     	19 85.003     	11 85.497     	74 85.661     	41 85.348     	94 85.312     	69 85.831     	81 86.572     	53 84.259     	80 88.302     	30 85.774     	21 85.502     	20 86.370     	35 86.365     	14 86.636     	26 86.688     	82 87.391     	 3 87.316     	 2 87.629     	
Lap 40	29 85.413     	98 85.948     	47 85.313     	31 85.653     	42 85.354     	19 85.300     	11 85.349     	74 84.884     	41 85.049     	94 85.576     	69 85.853     	81 86.498     	53 85.810     	80 85.986     	30 87.295     	21 87.208     	14 86.495     	20 87.014     	35 87.072     	26 86.830     	82 87.075     	 3 87.338     	 2 87.777     	
Lap 41	29 85.793     	98 86.272     	47 86.130     	31 86.287     	42 84.856     	19 84.757     	11 85.425     	74 85.215     	41 85.822     	94 85.973     	69 85.928     	53 85.633     	81 86.545     	80 85.920     	30 87.544     	21 86.820     	35 86.524     	20 86.849     	14 87.267     	26 86.918     	 3 86.666     	82 87.591     	 2 88.183     	
Lap 42	29 85.103     	98 85.255     	31 85.034     	47 85.629     	42 84.624     	19 85.385     	11 84.869     	74 85.618     	41 85.484     	94 85.843     	69 86.521     	53 85.564     	80 85.858     	81 86.182     	21 86.646     	30 87.221     	20 86.818     	35 87.074     	14 87.039     	26 86.817     	 3 87.732     	82 87.559     	 2 88.620     	
Lap 43	29 84.730     	98 84.831     	31 85.796     	47 85.706     	42 84.633     	19 84.905     	11 85.738     	74 85.139     	41 85.864     	94 84.784     	69 85.270     	53 84.925     	81 86.491     	80 87.093     	21 86.944     	30 87.053     	20 86.841     	35 87.127     	14 87.010     	26 86.915     	82 87.036     	 3 87.515     	 2 87.828     	
Lap 44	29 84.912     	98 85.563     	31 86.126     	47 86.000     	42 85.628     	19 85.783     	11 84.937     	74 85.843     	41 85.979     	94 84.999     	69 85.859     	53 84.761     	80 86.056     	81 86.725     	21 87.469     	30 86.833     	20 86.572     	35 87.412     	26 86.789     	14 87.527     	 3 87.392     	82 87.895     	 2 88.457     	
Lap 45	29 85.476     	98 85.350     	42 85.011     	31 85.969     	47 86.469     	19 85.336     	11 85.883     	74 85.796     	41 85.441     	94 85.584     	69 85.198     	53 85.319     	80 86.561     	81 86.513     	21 86.944     	30 87.109     	20 86.456     	26 86.795     	35 86.962     	14 87.463     	 3 87.599     	82 88.130     	 2 88.690     	
Lap 46	29 84.930     	98 85.097     	42 86.090     	31 86.074     	47 85.647     	19 85.499     	11 85.911     	74 85.589     	41 86.169     	94 85.282     	69 86.143     	53 85.207     	81 86.990     	80 87.345     	21 87.019     	30 87.434     	20 86.103     	26 87.328     	14 86.159     	35 87.953     	 3 87.895     	82 87.849     	 2 88.686     	
Lap 47	29 85.519     	98 85.480     	42 85.803     	31 86.107     	47 86.035     	19 85.622     	11 85.812     	74 86.033     	41 86.479     	94 85.653     	69 86.387     	53 86.329     	80 85.874     	81 86.581     	21 87.043     	30 87.026     	20 86.575     	14 87.333     	26 87.453     	35 88.038     	82 87.329     	 3 88.408     	 2 88.680     	
Lap 48	29 84.980     	98 85.390     	42 86.043     	47 85.805     	31 86.566     	19 85.179     	11 85.891     	74 86.277     	94 85.486     	41 86.456     	69 86.783     	53 86.317     	80 87.080     	81 86.963     	21 87.796     	30 87.448     	20 86.029     	14 87.527     	35 86.289     	26 87.654     	 3 87.221     	82 88.037     	 2 88.160     	
Lap 49	29 85.472     	98 85.665     	42 86.193     	31 85.425     	47 86.063     	19 86.180     	11 86.012     	74 85.869     	94 86.555     	41 87.239     	69 86.532     	53 86.916     	80 87.005     	81 87.315     	21 87.047     	30 87.599     	20 86.652     	14 87.180     	35 87.419     	26 87.607     	82 87.612     	 3 88.235     	 2 88.792     	
Lap 50	29 85.137     	98 85.741     	31 86.085     	42 86.360     	11 85.560     	74 86.365     	94 85.587     	47 104.872 PIT	19 104.649 PIT	69 87.104     	53 88.732     	80 87.359     	81 86.976     	41 104.878 PIT	21 87.520     	30 86.933     	20 86.489     	14 87.382     	26 87.411     	82 88.320     	35 105.731 PIT	 3 106.593 PIT	 2 88.931     	
Lap 51	98 86.021     	42 86.709     	31 86.797     	29 104.070 PIT	74 86.582     	94 85.380     	47 84.487     	19 85.534     	69 87.065     	53 84.812     	11 104.990 PIT	81 87.007     	80 87.903     	41 84.995     	21 87.466     	20 86.127     	14 87.384     	30 106.672 PIT	82 87.373     	35 85.606     	26 105.817 PIT	 3 85.856     	 2 88.886     	
Lap 52	98 85.869     	42 86.732     	29 84.473     	31 86.676     	94 85.695     	47 84.856     	19 84.596     	53 87.251     	11 84.965     	74 105.078 PIT	41 84.483     	81 87.075     	69 105.663 PIT	80 103.634 PIT	21 86.626     	20 87.109     	30 86.677     	82 89.776     	35 85.293     	26 85.795     	14 105.055 PIT	 3 85.793     	 2 88.858     	
Lap 53	29 85.647     	98 104.343 PIT	94 85.964     	47 84.099     	19 84.705     	31 106.184 PIT	42 106.416 PIT	11 85.477     	53 85.876     	74 85.333     	41 85.991     	69 85.026     	80 85.691     	81 105.524 PIT	21 87.065     	20 86.419     	30 85.909     	35 85.544     	26 85.900     	14 86.825     	 3 86.380     	82 105.715 PIT	 2 108.061 PIT	
Lap 54	29 84.641     	98 84.872     	47 84.623     	19 84.165     	31 85.040     	42 85.900     	11 85.287     	53 87.225     	74 84.838     	94 103.991 PIT	41 84.766     	69 84.640     	80 85.544     	81 85.056     	30 85.752     	21 105.089 PIT	20 106.498 PIT	35 85.518     	26 85.351     	14 85.199     	 3 85.720     	82 86.447     	 2 87.449     	
Lap 55	29 84.763     	98 84.814     	47 84.581     	19 84.194     	31 83.862     	42 85.762     	11 86.228     	53 85.645     	74 85.171     	94 85.988     	41 85.944     	69 84.811     	80 85.564     	81 85.200     	30 85.602     	21 85.993     	20 85.879     	35 85.273     	26 86.183     	14 86.441     	 3 85.717     	82 86.205     	 2 87.315     	
Lap 56	29 84.145     	98 84.284     	47 84.830     	19 84.246     	31 84.028     	42 85.838     	11 85.644     	53 85.336     	74 84.673     	94 85.711     	41 85.904     	69 85.193     	80 84.896     	81 85.226     	30 85.471     	21 85.701     	20 86.213     	35 87.519     	26 86.023     	14 85.329     	 3 86.121     	82 85.858     	 2 87.516     	
Lap 57	29 84.459     	98 84.192     	47 84.991     	19 85.000     	31 83.946     	42 85.140     	11 85.528     	53 85.227     	74 84.666     	94 85.285     	41 85.339     	69 84.467     	80 85.109     	81 85.278     	30 85.486     	21 85.419     	20 85.179     	35 85.235     	14 86.498     	26 86.963     	 3 86.495     	82 85.638     	 2 87.337     	
Lap 58	29 84.800     	98 84.658     	47 84.300     	19 84.806     	31 84.513     	42 85.907     	11 85.826     	53 85.845     	74 84.430     	94 85.261     	41 85.358     	69 84.398     	80 85.332     	81 85.049     	30 85.379     	21 85.237     	20 85.490     	35 86.030     	14 86.020     	26 86.992     	 3 86.195     	82 86.286     	 2 87.983     	
Lap 59	29 84.420     	98 84.378     	47 85.136     	19 84.762     	31 84.559     	42 85.889     	11 86.223     	53 86.081     	74 85.668     	94 85.781     	41 85.757     	69 85.004     	80 85.609     	81 84.882     	30 85.904     	21 85.216     	20 85.199     	35 86.004     	14 86.928     	26 86.268     	 3 86.272     	82 85.714     	 2 87.983     	
Lap 60	29 84.434     	98 84.593     	47 84.635     	19 85.075     	31 84.781     	42 84.657     	11 84.596     	74 85.850     	53 86.310     	94 85.393     	41 85.456     	69 85.187     	80 85.404     	81 85.512     	30 86.501     	21 85.970     	20 85.703     	35 86.030     	14 86.584     	26 86.661     	 3 86.222     	82 86.029     	 2 87.553     	
Lap 61	29 84.754     	98 84.430     	47 84.534     	19 84.637     	31 85.065     	42 85.583     	11 86.177     	74 85.634     	53 87.819     	94 85.936     	41 85.759     	69 85.070     	80 85.300     	81 85.412     	21 86.295     	30 86.860     	20 85.550     	35 85.982     	26 86.545     	14 87.096     	 3 86.572     	82 86.266     	 2 87.483     	
Lap 62	29 84.931     	98 84.843     	47 85.182     	19 85.027     	31 84.432     	42 84.984     	11 84.507     	74 84.759     	94 85.918     	41 86.146     	69 84.912     	53 104.240 PIT	80 85.028     	81 85.225     	21 86.490     	30 86.416     	20 85.625     	35 85.503     	14 86.724     	26 87.153     	 3 86.286     	82 86.147     	 2 87.739     	
Lap 63	29 84.678     	98 84.959     	47 84.498     	19 85.211     	31 84.275     	42 84.719     	11 85.135     	74 85.332     	94 85.717     	41 85.861     	69 85.299     	53 86.021     	80 86.000     	81 85.765     	21 86.253     	30 86.442     	20 85.865     	35 86.050     	14 86.608     	26 87.244     	 3 86.064     	82 86.639     	 2 88.296     	
Lap 64	29 84.785     	98 84.944     	47 84.475     	19 84.713     	31 84.443     	42 84.508     	11 85.120     	74 84.931     	94 85.494     	41 85.786     	69 86.464     	53 85.801     	80 86.183     	81 85.206     	21 86.564     	30 86.672     	20 86.070     	35 85.705     	14 86.920     	26 86.883     	 3 86.191     	82 86.034     	 2 88.120     	
Lap 65	29 85.135     	98 84.286     	47 84.723     	19 85.329     	31 85.234     	42 85.143     	11 84.667     	74 85.092     	94 86.201     	41 86.424     	69 85.293     	53 85.402     	80 86.121     	81 86.178     	21 86.182     	30 86.832     	20 87.359     	35 85.629     	14 86.852     	26 86.706     	 3 86.394     	82 86.786     	 2 87.494     	
Lap 66	29 85.086     	98 85.073     	47 84.808     	19 85.590     	31 84.879     	42 85.053     	11 85.481     	74 84.811     	94 84.645     	41 86.422     	69 86.037     	53 85.031     	80 86.380     	81 86.540     	21 86.114     	30 86.187     	20 85.636     	35 86.412     	14 86.939     	26 86.874     	 3 86.186     	82 86.184     	 2 88.424     	
Lap 67	29 85.393     	98 84.872     	47 84.777     	19 86.039     	31 86.136     	42 85.027     	11 85.614     	74 85.173     	94 84.852     	41 86.639     	69 86.599     	53 84.593     	80 86.131     	81 85.967     	21 86.119     	30 87.155     	20 87.287     	35 85.634     	14 86.491     	26 86.544     	 3 86.404     	82 86.135     	 2 87.753     	
Lap 68	29 84.643     	98 84.671     	47 84.991     	19 86.132     	31 86.647     	42 84.890     	11 84.864     	74 84.830     	94 84.730     	69 86.262     	41 86.329     	53 84.880     	80 86.449     	81 86.200     	21 86.389     	30 87.342     	35 85.727     	20 87.529     	14 87.057     	26 87.243     	 3 86.436     	82 85.989     	 2 87.909     	
Lap 69	29 84.585     	98 84.544     	47 85.340     	19 85.364     	31 85.273     	42 84.845     	11 85.596     	74 84.863     	94 85.330     	69 86.081     	41 86.617     	53 84.898     	80 86.533     	81 86.794     	21 86.503     	30 86.967     	35 87.005     	20 86.442     	14 87.301     	26 87.619     	 3 87.247     	82 86.478     	 2 87.822     	
Lap 70	29 85.363     	98 84.660     	47 85.151     	19 85.387     	31 85.145     	42 84.692     	11 86.600     	74 86.050     	94 85.002     	69 86.676     	41 86.455     	53 84.869     	80 86.724     	81 86.841     	21 85.955     	30 87.391     	35 87.461     	20 87.269     	14 85.898     	26 85.869     	 3 86.744     	82 86.941     	 2 87.860     	
Lap 71	29 85.079     	98 85.309     	47 85.621     	19 86.796     	31 86.424     	42 84.955     	74 86.253     	11 86.779     	94 85.077     	69 86.323     	41 86.481     	53 85.141     	80 86.855     	81 86.837     	21 85.637     	20 87.055     	35 87.210     	30 87.796     	14 86.715     	26 86.355     	 3 86.492     	82 87.008     	 2 87.873     	
Lap 72	29 85.273     	98 85.607     	47 85.913     	19 86.818     	31 86.882     	42 85.300     	74 86.050     	11 86.534     	94 85.262     	41 86.159     	69 86.935     	53 85.120     	80 86.730     	81 87.091     	21 86.486     	30 86.277     	20 86.679     	35 87.776     	14 86.906     	26 87.395     	 3 87.241     	82 86.539     	 2 88.170     	
Lap 73	29 85.642     	98 84.983     	47 85.580     	19 86.406     	31 86.434     	42 85.191     	74 86.517     	11 87.091     	94 85.764     	69 86.654     	41 87.024     	53 84.593     	80 86.373     	81 86.283     	21 86.498     	20 87.266     	30 87.851     	35 86.662     	14 86.155     	26 86.374     	 3 87.537     	82 86.528     	 2 88.903     	
Lap 74	29 85.423     	98 85.493     	47 85.128     	19 86.228     	31 86.678     	42 85.150     	74 85.567     	11 85.676     	94 85.553     	41 86.420     	69 87.086     	53 87.003     	80 86.299     	81 86.049     	21 86.103     	20 86.913     	30 87.962     	35 88.347     	14 86.231     	26 86.346     	 3 87.482     	82 86.710     	 2 88.722     	
Lap 75	29 85.930     	98 85.010     	19 85.555     	31 86.658     	42 86.499     	47 103.790 PIT	74 85.766     	11 85.331     	94 86.003     	41 86.493     	69 86.432     	53 86.626     	80 86.633     	81 87.348     	21 86.341     	20 86.298     	30 87.526     	14 86.976     	26 86.992     	82 86.504     	35 106.970 PIT	 3 105.768 PIT	 2 88.353     	

-- OFFICIAL RESULTS --
Pos	#No	Driver						Team					Time		Diff		Pits	Best
01	#29	ALU	Sago Aludetsei			Dotruga Formula Racing	1:47:06.934	-0.000		2		84.145
02	#98	MOT	Gorga Motxev			Dotruga Formula Racing	1:47:09.450	-2.516		2		84.192
03	#19	ZAI	khélok atep zailunaɰ	Team Solea Racing		1:47:32.326	-25.392		2		84.165
04	#31	ŠAŊ	xap'ít celentir šaŋév	Team Solea Racing		1:47:34.459	-27.525		2		83.862
05	#42	OOS	Frank Oosterhout		Cows Go Moo Racing		1:47:34.974	-28.040		2		84.508
06	#47	PAV	ketila léqa pavúteka	Team Solea Racing		1:47:39.394	-32.460		3		84.004
07	#74	KON	Bařàsiz Konoca			Team Diigikwk Racers	1:47:43.714	-36.780		2		84.430
08	#11	KEG	Tuto Keget				Dotruga Formula Racing	1:47:44.585	-37.650		2		84.394
09	#94	NES	At'ipi Nesbeksë			Team Diigikwk Racers	1:47:49.289	-42.354		2		84.645
10	#41	CAN	Olga Candy				Cows Go Moo Racing		1:48:03.210	-56.276		2		84.483
11	#69	SAN	Marisa Sanchez			Cows Go Moo Racing		1:48:03.713	-56.779		2		84.398
12	#53	TÀC	Ešuro Tàcràɰë			Team Diigikwk Racers	1:48:04.164	-57.230		3		84.225
13	#80	AYA	Ifloenne é Aya			Team V.V. Imperial		1:48:18.001	-71.067		2		84.764
14	#81	KÆR	Lyǽs Kæræsekæræn		Team V.V. Imperial		1:48:19.535	-72.601		2		84.836
15	#21	ORS	Orson					Team Vincent			1:48:45.376	-98.442		2		85.216
16	#20	MAC	Mac						Team Vincent			1:48:54.031	-107.097	2		85.179
17	#30	WIS	Josh Wise				BONGATAR				1:48:56.879	-109.945	2		85.368
18	#14	HÚC	Daseno Húctu			Team Vikasani			1:49:04.964	-118.030	2		85.199
19	#26	ILI	Rikvisi Iliria			Team Vikasani			1:49:06.631	-119.697	2		85.351
20	#82	SAN	Nukki Savra Sanda		Team V.V. Imperial		1:49:13.759	-126.825	2		85.575
21	#35	AKA	Asaúni Akaleta			Team Vikasani			1:49:16.759	-129.825	3		85.235
22	# 3	BOB	Bob						BONGATAR				1:49:30.171	-143.237	3		85.716
23	# 2	HID	Body Hide				BONGATAR				1:50:45.944	-219.009	2		87.315
24	#22	PHI	Philipe					Team Vincent			RETIRED		DNF			0		85.106

-- RACE INCIDENT REPORT --
ketila léqa pavúteka made a mistake while attempting an overtake on lap 7.
Asaúni Akaleta made a mistake while attempting an overtake on lap 10.
Ešuro Tàcràɰë made a pit stop to repair damage caused by a large incident while attempting an overtake on lap 12.
Daseno Húctu made a mistake while attempting an overtake on lap 13.
Philipe crashed out while attempting an overtake on lap 14.
xap'ít celentir šaŋév made a mistake while attempting an overtake on lap 16.
Sago Aludetsei made a mistake on lap 21.
Sago Aludetsei made a mistake on lap 24.
At'ipi Nesbeksë made a mistake on lap 38.
Ifloenne é Aya made a mistake while attempting an overtake on lap 39.
xap'ít celentir šaŋév made a mistake while attempting an overtake on lap 41.
Ešuro Tàcràɰë made a mistake while attempting an overtake on lap 50.
Tuto Keget made a mistake while attempting an overtake on lap 55.
