-- LAP TIMES --
Lap 0	47 0.000     	29 0.000     	42 0.100     	30 0.100     	31 0.200     	98 0.200     	80 0.300     	94 0.300     	69 0.400     	81 0.400     	19 0.500     	53 0.500     	11 0.600     	 3 0.600     	41 0.700     	74 0.700     	 2 0.800     	82 0.800     	35 0.900     	14 0.900     	26 1.000     	
Lap 1	47 106.463     	30 106.565     	29 106.972     	31 106.798     	42 107.115     	19 107.080     	94 107.283     	80 107.411     	69 107.446     	98 107.731     	81 107.609     	74 107.398     	53 107.692     	11 107.760     	41 107.862     	 3 108.218     	82 108.432     	 2 108.683     	35 109.643     	14 109.685     	26 109.817     	
Lap 2	47 106.629     	31 106.432     	30 106.931     	29 107.071     	42 107.359     	19 107.016     	80 107.274     	94 107.453     	81 107.372     	53 107.205     	69 107.600     	98 107.781     	74 107.646     	 3 107.412     	11 108.136     	41 107.973     	 2 107.437     	82 109.193     	14 109.658     	35 109.977     	26 109.832     	
Lap 3	47 107.076     	31 106.975     	30 107.436     	29 107.083     	19 106.713     	42 107.002     	80 107.159     	53 107.156     	94 107.843     	98 107.488     	81 107.854     	69 107.817     	74 107.570     	 3 107.468     	11 107.235     	41 107.477     	 2 109.294     	82 108.286     	14 109.507     	35 109.703     	26 110.445     	
Lap 4	47 106.919     	31 107.253     	30 107.097     	29 107.154     	42 106.791     	19 107.090     	53 107.441     	80 107.871     	98 107.026     	81 107.156     	94 107.697     	74 107.770     	69 107.905     	11 107.546     	41 107.413     	 3 108.230     	 2 108.967     	82 110.512     	35 109.754     	14 110.330     	26 110.105     	
Lap 5	47 106.917     	31 106.670     	29 106.482     	19 106.819     	30 107.139     	42 107.434     	80 107.353     	53 107.505     	98 107.282     	81 107.243     	94 107.857     	69 107.830     	74 107.931     	11 107.938     	41 108.302     	 3 108.736     	 2 107.654     	82 108.472     	35 109.496     	14 110.427     	26 110.513     	
Lap 6	47 107.518     	31 107.440     	30 106.784     	29 107.477     	42 106.863     	19 107.599     	80 107.425     	81 107.452     	98 107.757     	53 107.857     	94 107.636     	74 107.370     	69 107.660     	11 108.590     	41 108.081     	 3 108.271     	 2 107.651     	82 108.029     	35 108.772     	14 108.855     	26 109.835     	
Lap 7	47 107.208     	30 106.891     	31 107.588     	29 107.262     	42 107.024     	19 107.750     	80 107.106     	81 107.511     	98 107.828     	53 108.014     	94 107.359     	74 107.732     	69 108.257     	41 108.013     	11 108.350     	 3 107.352     	 2 108.112     	82 107.691     	35 109.065     	14 109.454     	26 110.291     	
Lap 8	47 107.411     	30 107.764     	29 107.344     	31 107.735     	42 107.705     	19 107.488     	80 107.797     	81 107.615     	98 107.237     	94 107.681     	74 108.097     	53 109.415     	69 107.895     	11 107.629     	41 108.068     	 3 109.884     	 2 108.693     	82 108.547     	35 109.033     	14 108.681     	26 110.414     	
Lap 9	29 106.800     	47 107.543     	30 107.438     	31 107.318     	42 107.689     	19 108.029     	80 108.188     	98 107.627     	81 107.890     	94 107.572     	69 107.915     	74 108.560     	53 108.379     	41 107.870     	11 108.100     	 3 107.058     	 2 108.721     	82 109.949     	35 108.956     	14 109.251     	26 109.886     	
Lap 10	47 107.194     	29 107.377     	30 107.210     	42 106.521     	31 107.708     	19 106.803     	80 107.677     	98 107.704     	94 107.075     	81 108.356     	74 108.284     	69 108.393     	53 108.290     	41 108.588     	11 108.752     	 3 107.741     	 2 108.315     	82 108.504     	35 108.824     	14 108.804     	26 110.311     	
Lap 11	29 107.298     	47 107.631     	30 107.746     	42 107.592     	31 107.969     	19 107.987     	98 107.673     	80 107.865     	94 107.929     	81 108.461     	74 108.374     	53 108.064     	69 108.494     	11 107.809     	41 108.549     	 3 108.789     	 2 108.594     	82 107.955     	35 109.156     	14 109.519     	26 110.243     	
Lap 12	47 107.291     	29 107.688     	42 107.446     	30 107.872     	31 107.509     	19 107.928     	80 107.761     	98 107.933     	94 107.845     	81 107.375     	53 107.749     	74 108.509     	69 108.418     	41 108.183     	11 108.803     	 3 108.436     	 2 108.450     	82 108.130     	35 109.321     	14 109.057     	26 110.885     	
Lap 13	47 107.380     	29 107.257     	42 107.390     	30 107.832     	19 107.070     	31 108.453     	94 107.659     	98 107.935     	80 108.357     	81 108.271     	53 108.200     	74 108.100     	69 108.944     	41 108.955     	11 108.896     	 3 109.163     	 2 108.799     	82 108.328     	35 109.198     	14 109.407     	26 110.420     	
Lap 14	29 107.343     	47 107.593     	30 106.658     	42 107.881     	31 107.994     	19 108.300     	98 107.692     	94 108.378     	80 108.178     	81 107.628     	53 108.843     	74 108.581     	69 109.021     	41 108.483     	 3 107.613     	11 109.094     	 2 109.001     	82 108.177     	35 109.669     	14 109.335     	26 110.790     	
Lap 15	29 107.791     	47 107.801     	30 107.442     	42 108.107     	31 107.914     	19 107.986     	98 108.594     	80 108.029     	94 108.627     	81 108.126     	74 107.944     	53 108.905     	69 108.455     	11 107.875     	41 108.596     	 3 109.223     	 2 108.697     	82 108.752     	35 109.522     	14 110.019     	26 110.609     	
Lap 16	30 106.280     	29 107.757     	47 108.188     	42 106.818     	19 108.115     	31 108.345     	98 108.415     	94 108.094     	80 108.862     	81 108.877     	74 108.752     	53 110.225     	69 109.002     	11 108.615     	41 108.742     	 3 107.967     	 2 108.618     	82 108.948     	35 109.324     	14 109.565     	26 110.701     	
Lap 17	30 108.109     	42 106.525     	29 108.009     	47 108.124     	31 108.394     	19 108.577     	98 108.571     	80 108.589     	94 108.999     	81 108.972     	74 108.134     	69 108.464     	11 108.406     	41 108.730     	53 109.149     	 3 109.293     	 2 108.847     	82 109.171     	35 110.107     	14 109.585     	26 111.244     	
Lap 18	42 107.815     	30 108.692     	29 107.887     	47 108.362     	31 107.992     	19 108.692     	98 108.213     	94 108.497     	80 108.799     	81 108.704     	74 107.959     	69 108.752     	11 109.372     	53 108.989     	41 109.328     	 3 109.976     	 2 109.070     	82 109.455     	35 109.544     	14 110.116     	26 111.091     	
Lap 19	42 108.158     	29 108.239     	47 107.277     	30 108.871     	31 108.558     	19 108.835     	98 107.378     	80 108.951     	94 109.298     	81 108.909     	74 108.358     	69 109.204     	53 109.241     	11 109.346     	41 109.110     	 3 108.053     	 2 109.502     	82 109.641     	35 110.113     	14 110.146     	26 111.691     	
Lap 20	42 108.633     	31 107.367     	94 109.449     	81 109.018     	74 108.056     	30 125.806 PIT	47 126.646 PIT	29 127.211 PIT	69 109.695     	53 109.537     	19 126.282 PIT	98 126.765 PIT	82 109.684     	80 127.452 PIT	11 127.999 PIT	41 128.194 PIT	 3 128.777 PIT	 2 128.145 PIT	14 109.909     	35 128.267 PIT	26 111.523     	
Lap 21	42 107.586     	94 109.402     	74 108.782     	30 107.214     	47 106.821     	29 107.632     	53 110.468     	31 126.298 PIT	19 106.263     	98 107.001     	80 106.225     	82 109.640     	81 128.158 PIT	11 107.965     	 3 106.749     	41 108.547     	69 128.203 PIT	 2 109.130     	14 112.001     	35 109.005     	26 111.325     	
Lap 22	47 106.527     	30 106.906     	29 106.192     	42 126.609 PIT	31 107.072     	19 107.140     	98 106.154     	80 106.449     	81 106.683     	94 128.367 PIT	74 127.731 PIT	11 107.305     	 3 107.854     	41 108.136     	69 108.475     	53 128.596 PIT	 2 108.315     	82 128.149 PIT	14 110.459     	35 108.770     	26 112.331     	
Lap 23	47 107.306     	30 107.065     	29 106.918     	42 107.562     	31 107.145     	19 107.704     	98 106.022     	80 106.707     	81 106.699     	74 107.100     	94 107.847     	11 107.877     	 3 108.121     	41 107.544     	69 107.558     	53 106.832     	 2 107.399     	82 109.480     	35 108.114     	14 128.920 PIT	26 130.807 PIT	
Lap 24	47 106.568     	30 106.688     	29 106.957     	42 106.239     	31 106.625     	19 107.461     	98 107.989     	80 106.439     	81 106.952     	74 107.202     	94 106.847     	11 107.824     	 3 107.891     	41 107.486     	69 108.241     	53 106.885     	 2 108.431     	82 107.812     	35 108.216     	14 108.705     	26 110.609     	
Lap 25	30 106.663     	47 107.154     	29 106.891     	42 106.565     	31 106.134     	19 106.884     	80 106.165     	98 108.473     	81 106.410     	74 107.362     	94 107.247     	11 107.104     	41 107.031     	69 106.527     	 3 108.113     	53 106.990     	 2 108.380     	82 108.159     	35 108.945     	14 108.540     	26 110.268     	
Lap 26	30 106.821     	47 106.686     	29 107.150     	42 106.854     	31 105.670     	19 106.813     	80 107.951     	98 108.086     	81 106.168     	94 107.624     	74 108.049     	11 106.609     	41 107.516     	69 107.714     	53 106.787     	 3 108.122     	 2 108.551     	82 108.150     	35 108.811     	14 108.627     	26 110.226     	
Lap 27	30 107.030     	47 106.880     	29 106.992     	42 107.030     	31 106.213     	19 106.393     	80 107.516     	98 108.233     	81 106.805     	74 107.513     	94 107.886     	11 107.220     	41 108.052     	53 107.410     	69 108.304     	 3 109.021     	 2 108.498     	82 108.145     	35 108.831     	14 108.619     	26 110.046     	
Lap 28	47 106.982     	30 107.426     	29 107.094     	31 105.820     	42 107.198     	19 106.902     	80 107.296     	98 108.023     	81 106.662     	74 107.790     	94 107.659     	11 107.469     	53 107.376     	41 108.404     	69 108.213     	 3 107.152     	 2 107.923     	82 108.206     	35 108.481     	14 108.915     	26 110.545     	
Lap 29	30 107.182     	47 107.582     	42 106.406     	29 107.498     	31 107.652     	19 106.404     	80 107.085     	98 107.617     	81 107.803     	94 107.667     	74 107.813     	11 107.443     	53 107.915     	41 108.338     	69 107.658     	 3 108.527     	 2 108.197     	82 107.803     	35 108.693     	14 108.580     	26 110.139     	
Lap 30	42 106.998     	47 107.414     	30 107.950     	29 107.473     	31 108.193     	19 106.767     	80 106.307     	98 108.204     	81 108.232     	74 107.269     	94 107.863     	11 106.644     	53 108.302     	41 107.749     	69 108.319     	 3 107.507     	 2 108.225     	82 107.860     	35 109.321     	14 108.755     	26 110.267     	
Lap 31	42 107.486     	47 107.855     	30 107.399     	29 107.093     	31 106.429     	19 106.642     	80 106.452     	98 107.893     	81 107.839     	74 108.340     	94 107.941     	11 107.581     	53 107.595     	41 108.083     	69 107.882     	 3 108.837     	 2 108.842     	82 107.910     	35 108.759     	14 109.064     	26 110.655     	
Lap 32	47 106.988     	42 107.502     	30 107.443     	29 107.824     	31 108.100     	19 106.527     	80 106.971     	98 108.176     	81 107.895     	94 107.855     	74 108.203     	11 107.576     	53 108.294     	41 108.424     	69 108.305     	 3 107.318     	 2 108.134     	82 108.009     	35 109.589     	14 108.641     	26 110.279     	
Lap 33	42 107.382     	47 107.880     	30 108.189     	31 107.100     	29 107.857     	19 107.759     	80 106.872     	98 107.712     	81 108.962     	94 107.984     	74 108.564     	11 109.406     	53 108.017     	41 108.009     	69 108.269     	 3 109.494     	 2 109.074     	82 108.620     	35 109.454     	14 109.392     	26 110.766     	
Lap 34	42 107.341     	47 107.628     	30 107.780     	29 107.630     	19 106.681     	31 108.003     	80 106.981     	98 106.774     	81 107.377     	94 108.283     	74 108.096     	11 107.139     	53 107.988     	69 108.061     	41 108.812     	 3 107.919     	 2 108.828     	82 108.935     	35 108.911     	14 109.601     	26 110.600     	
Lap 35	42 108.101     	47 107.875     	30 107.990     	29 107.796     	19 108.023     	31 108.583     	80 106.832     	98 107.075     	81 107.260     	94 107.687     	74 108.087     	11 108.885     	53 107.567     	69 108.307     	41 108.532     	 3 108.151     	 2 108.431     	82 108.335     	35 109.967     	14 109.593     	26 110.320     	
Lap 36	42 107.652     	47 107.712     	30 107.658     	29 107.669     	19 108.404     	31 108.903     	80 107.032     	98 106.955     	81 107.019     	94 106.777     	74 107.227     	11 107.859     	53 107.490     	69 108.377     	 3 107.420     	41 108.821     	 2 109.230     	82 108.579     	35 110.115     	14 109.013     	26 111.164     	
Lap 37	42 107.636     	47 107.275     	29 108.353     	30 108.470     	19 107.358     	31 106.697     	80 107.623     	98 106.978     	81 107.049     	94 106.938     	74 107.631     	11 107.406     	53 107.732     	41 107.366     	69 108.331     	 3 109.443     	 2 109.365     	82 109.057     	35 110.043     	14 109.994     	26 110.906     	
Lap 38	47 107.544     	42 108.006     	29 108.550     	19 108.500     	30 108.753     	31 109.033     	80 107.723     	98 107.090     	81 107.694     	94 107.386     	74 107.509     	11 107.550     	53 108.016     	41 109.228     	69 109.340     	 3 108.479     	 2 109.536     	82 108.414     	35 109.914     	14 109.858     	26 111.363     	
Lap 39	42 106.312     	47 108.271     	29 108.407     	30 108.205     	19 108.853     	80 108.147     	31 110.044     	98 107.994     	81 107.380     	94 107.531     	74 107.395     	11 108.028     	53 108.125     	41 109.063     	69 109.336     	 3 110.081     	 2 108.975     	82 109.351     	35 109.617     	14 109.742     	26 110.942     	
Lap 40	42 106.832     	47 107.314     	29 108.158     	31 107.437     	98 107.726     	81 107.927     	94 107.967     	30 127.246 PIT	74 108.359     	80 126.802 PIT	19 128.284 PIT	53 108.233     	69 108.734     	 3 108.349     	11 126.343 PIT	82 109.524     	41 128.697 PIT	 2 128.389 PIT	14 110.115     	35 127.968 PIT	26 110.686     	
Lap 41	42 107.410     	47 108.013     	31 107.299     	98 108.550     	30 105.850     	94 107.591     	29 126.248 PIT	80 108.166     	19 107.988     	74 108.899     	53 108.220     	81 127.330 PIT	11 106.509     	82 108.889     	41 107.022     	69 126.909 PIT	 3 127.375 PIT	 2 108.511     	14 109.632     	35 108.502     	26 111.404     	
Lap 42	42 107.028     	31 108.031     	47 126.023 PIT	30 107.394     	29 106.209     	80 107.308     	19 107.049     	98 126.964 PIT	81 106.957     	94 127.815 PIT	11 106.646     	74 128.160 PIT	53 126.938 PIT	82 109.104     	41 107.853     	69 108.360     	 3 106.824     	 2 107.463     	14 110.201     	35 108.114     	26 111.197     	
Lap 43	42 107.251     	47 105.853     	29 106.431     	30 107.339     	80 107.315     	19 107.628     	31 127.041 PIT	98 106.937     	81 106.442     	94 107.793     	11 108.124     	74 106.699     	53 106.603     	41 107.157     	 3 108.688     	69 108.979     	 2 107.608     	82 128.454 PIT	14 110.846     	35 109.029     	26 129.130 PIT	
Lap 44	42 126.271 PIT	47 106.186     	29 107.327     	30 106.791     	80 106.920     	31 106.376     	19 107.486     	98 106.501     	81 106.992     	94 107.487     	11 108.185     	74 106.676     	53 106.245     	41 107.173     	69 106.545     	 3 108.062     	 2 108.064     	82 108.118     	14 110.429     	35 108.842     	26 110.420     	
Lap 45	47 105.997     	42 107.780     	30 106.431     	29 106.942     	80 107.904     	31 107.250     	19 107.816     	98 106.651     	81 106.820     	94 106.780     	11 107.792     	74 107.330     	53 106.466     	41 106.371     	69 106.612     	 3 107.103     	 2 108.220     	82 108.266     	35 108.256     	14 128.456 PIT	26 110.262     	
Lap 46	47 105.614     	42 106.344     	30 107.301     	29 107.304     	31 106.805     	80 107.563     	19 107.560     	98 105.987     	81 106.642     	94 106.085     	74 107.202     	11 108.367     	53 106.915     	41 106.660     	69 107.175     	 3 107.274     	 2 108.291     	82 108.115     	35 108.631     	14 109.329     	26 110.419     	
Lap 47	47 106.391     	42 106.269     	30 107.085     	29 107.033     	31 106.974     	80 107.338     	19 107.150     	98 105.959     	81 106.977     	94 106.033     	74 107.972     	11 108.762     	53 106.421     	41 106.879     	69 107.254     	 3 106.691     	 2 107.854     	82 107.852     	35 108.464     	14 108.481     	26 110.290     	
Lap 48	47 106.103     	42 106.122     	29 107.060     	30 107.501     	31 107.297     	80 107.916     	98 106.255     	19 107.904     	81 106.396     	94 106.727     	74 107.152     	11 108.490     	53 109.320     	41 106.536     	69 106.499     	 3 107.112     	 2 108.564     	82 108.443     	35 108.668     	14 108.255     	26 109.585     	
Lap 49	47 105.760     	42 106.481     	30 106.836     	29 107.625     	31 106.316     	80 107.791     	19 107.576     	98 107.776     	81 107.005     	94 106.499     	74 107.160     	11 106.581     	53 106.346     	41 107.381     	69 106.986     	 3 107.546     	 2 108.397     	82 107.854     	35 108.919     	14 108.922     	26 109.815     	
Lap 50	47 105.872     	42 106.546     	29 106.851     	30 107.590     	31 106.440     	19 107.446     	80 107.992     	98 108.209     	81 106.397     	94 106.280     	74 106.837     	11 108.357     	53 108.655     	41 106.971     	69 106.880     	 3 106.877     	 2 108.311     	82 107.739     	35 108.895     	14 109.335     	26 110.306     	
Lap 51	47 106.263     	42 106.627     	29 107.243     	30 107.169     	31 105.952     	19 107.348     	80 108.031     	98 107.436     	81 108.067     	94 106.480     	74 106.499     	53 106.437     	11 108.095     	41 107.537     	69 106.760     	 3 107.480     	 2 108.057     	82 108.179     	35 108.761     	14 108.442     	26 110.354     	
Lap 52	47 105.893     	42 106.640     	30 106.992     	29 107.357     	31 105.855     	19 108.281     	80 107.675     	98 108.283     	81 107.324     	94 106.806     	74 107.101     	53 107.554     	11 108.260     	41 106.844     	69 106.889     	 3 107.527     	 2 108.866     	82 108.248     	35 108.767     	14 109.369     	26 110.800     	
Lap 53	47 106.048     	42 106.795     	30 107.263     	29 107.643     	31 108.377     	19 107.749     	80 107.766     	98 107.476     	81 108.759     	94 107.331     	74 107.000     	53 107.334     	11 107.820     	41 107.660     	69 107.457     	 3 107.395     	 2 108.325     	82 107.842     	35 109.152     	14 109.175     	26 110.609     	
Lap 54	47 106.830     	42 106.092     	30 107.690     	29 107.101     	31 108.249     	19 108.055     	98 107.884     	80 108.328     	81 107.484     	94 107.128     	74 107.693     	53 107.037     	11 107.509     	41 107.333     	69 107.292     	 3 107.555     	 2 109.004     	82 108.879     	35 109.695     	14 109.168     	26 130.354 PIT	
Lap 55	47 106.156     	42 106.667     	29 107.495     	30 108.076     	31 106.355     	19 107.981     	80 107.456     	98 108.507     	81 107.355     	94 107.222     	74 107.187     	53 107.683     	11 107.406     	41 107.313     	69 107.779     	 3 107.478     	 2 109.154     	82 108.148     	35 109.754     	14 109.644     	26 110.474     	
Lap 56	47 106.630     	42 106.869     	29 108.001     	30 107.595     	31 109.015     	19 108.306     	80 108.448     	98 107.855     	81 108.447     	94 107.071     	74 107.479     	53 107.282     	11 107.967     	41 107.811     	69 107.208     	 3 107.261     	 2 109.146     	82 108.745     	35 109.863     	14 108.852     	26 109.909     	
Lap 57	47 106.458     	42 106.762     	30 107.393     	29 107.896     	31 106.764     	19 108.628     	98 108.189     	81 109.103     	80 110.679     	94 106.960     	74 107.663     	53 107.144     	11 107.965     	41 107.461     	69 108.042     	 3 107.738     	 2 108.953     	82 108.550     	35 109.258     	14 109.478     	26 110.467     	
Lap 58	47 106.446     	42 106.645     	30 107.798     	29 107.992     	31 108.258     	98 108.825     	19 108.966     	81 108.496     	94 107.661     	80 108.571     	74 107.550     	53 107.809     	11 108.129     	41 107.669     	69 108.316     	 3 107.634     	 2 109.381     	82 108.742     	35 110.021     	14 109.887     	26 110.007     	
Lap 59	47 106.689     	42 107.152     	30 108.331     	29 108.114     	31 107.164     	98 108.429     	19 108.859     	80 108.118     	81 108.601     	94 108.709     	74 107.732     	53 107.630     	11 107.939     	41 108.568     	69 107.757     	 3 107.625     	 2 110.383     	82 111.046     	35 110.334     	14 109.311     	26 109.781     	
Lap 60	47 107.467     	42 106.528     	29 108.416     	30 108.847     	31 109.064     	98 108.807     	94 108.040     	80 108.749     	81 109.480     	74 108.042     	53 107.979     	19 127.879 PIT	69 108.459     	 3 108.395     	11 127.647 PIT	41 127.552 PIT	82 109.049     	 2 127.923 PIT	35 110.162     	14 109.849     	26 110.547     	
Lap 61	47 107.461     	42 107.369     	29 107.950     	31 108.685     	98 107.670     	94 108.531     	80 108.907     	30 127.969 PIT	74 107.867     	53 108.120     	19 106.232     	81 127.441 PIT	 3 108.167     	11 107.271     	41 107.438     	69 127.092 PIT	82 109.166     	 2 108.196     	35 110.661     	14 109.268     	26 110.228     	
Lap 62	47 107.860     	42 106.914     	29 107.768     	31 106.977     	94 109.139     	30 106.642     	19 105.845     	98 126.212 PIT	81 106.803     	80 127.466 PIT	 3 108.626     	74 127.414 PIT	53 126.541 PIT	11 106.352     	41 106.548     	69 107.403     	82 109.399     	 2 107.475     	14 109.759     	35 129.159 PIT	26 110.659     	
Lap 63	42 107.533     	47 125.357 PIT	31 109.082     	30 105.585     	29 127.520 PIT	19 106.523     	98 106.410     	81 106.049     	80 106.146     	94 126.642 PIT	74 106.538     	53 106.977     	11 106.493     	41 106.735     	69 106.754     	 3 127.330 PIT	 2 107.511     	82 128.005 PIT	14 110.384     	35 108.497     	26 110.222     	
Lap 64	47 105.954     	42 126.131 PIT	31 107.915     	30 106.252     	29 105.976     	19 105.906     	98 106.575     	81 106.184     	80 105.832     	94 106.291     	74 106.607     	53 106.362     	11 106.398     	41 106.775     	69 106.517     	 3 107.405     	 2 107.867     	82 108.206     	14 110.089     	35 108.187     	26 110.398     	
Lap 65	47 106.200     	42 106.045     	31 107.419     	30 105.996     	29 105.322     	19 106.393     	98 106.150     	81 106.656     	80 106.210     	94 105.999     	74 106.914     	53 106.255     	11 107.014     	41 106.601     	69 107.233     	 3 106.951     	 2 108.404     	82 108.159     	35 108.602     	14 127.776 PIT	26 110.671     	
Lap 66	47 105.546     	42 106.078     	30 106.041     	29 106.196     	31 126.611 PIT	19 106.698     	98 106.414     	80 106.642     	81 107.998     	94 106.239     	74 106.825     	53 106.925     	11 107.056     	41 107.296     	69 106.735     	 3 106.856     	 2 107.967     	82 107.844     	35 108.353     	14 109.136     	26 110.531     	
Lap 67	47 106.031     	42 105.448     	30 106.402     	29 105.384     	31 105.988     	19 105.987     	98 106.555     	80 106.965     	94 106.375     	81 108.105     	74 106.717     	53 106.361     	11 106.762     	41 106.629     	69 106.850     	 3 106.761     	 2 108.563     	82 108.066     	35 108.499     	14 108.643     	26 110.993     	
Lap 68	47 105.567     	42 106.174     	30 105.712     	29 105.949     	31 105.611     	19 106.176     	98 106.698     	94 107.053     	80 107.990     	81 106.302     	74 107.067     	53 107.160     	11 106.827     	41 106.751     	69 107.252     	 3 107.425     	 2 108.485     	82 107.781     	35 108.628     	14 108.890     	26 110.671     	
Lap 69	47 105.911     	42 106.008     	30 106.035     	29 105.634     	31 106.124     	19 106.460     	98 106.348     	80 107.485     	94 107.683     	81 108.029     	74 107.183     	53 106.422     	11 107.093     	41 106.761     	69 107.323     	 3 107.303     	 2 108.060     	82 107.653     	35 108.995     	14 108.447     	26 111.292     	
Lap 70	47 106.499     	42 105.844     	30 107.306     	29 107.096     	31 105.894     	19 106.258     	98 106.136     	94 107.227     	80 107.459     	81 108.049     	74 107.191     	53 106.954     	11 106.858     	41 107.584     	69 107.039     	 3 107.242     	 2 108.566     	82 108.371     	35 108.930     	14 108.996     	26 111.459     	
Lap 71	47 106.541     	42 106.177     	30 107.498     	29 107.173     	31 105.576     	19 106.239     	98 106.774     	80 107.212     	94 107.448     	81 106.748     	74 107.419     	53 106.886     	11 106.907     	41 107.339     	69 106.728     	 3 106.975     	 2 108.207     	82 107.796     	35 108.862     	14 108.695     	26 110.920     	
Lap 72	47 106.579     	42 106.211     	30 107.278     	29 107.318     	31 106.064     	19 106.724     	98 106.658     	94 107.621     	80 108.288     	81 108.428     	74 107.501     	53 106.903     	11 106.918     	41 107.664     	69 107.243     	 3 107.136     	 2 108.707     	82 107.793     	35 109.161     	14 109.234     	26 111.723     	
Lap 73	47 107.142     	42 106.237     	29 107.107     	30 107.641     	31 105.943     	19 106.986     	98 106.769     	80 106.752     	94 108.182     	81 106.818     	74 106.921     	53 107.115     	11 107.493     	41 107.518     	69 107.055     	 3 107.060     	 2 109.016     	82 108.688     	35 109.474     	14 108.944     	26 111.146     	
Lap 74	47 106.071     	42 106.508     	29 107.018     	30 107.563     	31 105.946     	19 107.277     	98 106.676     	80 107.949     	94 107.682     	81 108.650     	74 107.716     	53 106.818     	11 107.104     	41 107.371     	69 107.455     	 3 106.882     	 2 108.906     	82 108.652     	35 109.628     	14 109.580     	26 128.964 PIT	
Lap 75	47 106.895     	42 106.863     	29 107.138     	30 107.626     	31 108.044     	19 107.256     	98 106.574     	80 107.785     	94 107.484     	81 107.184     	74 107.255     	53 107.603     	11 107.116     	41 108.072     	69 107.219     	 3 107.892     	 2 109.006     	82 109.517     	35 109.332     	14 109.607     	26 110.789     	

-- OFFICIAL RESULTS --
Pos	#No	Driver						Team					Time		Diff		Pits	Best
01	#47	PAV	ketila léqa pavúteka	Team Solea Racing		2:14:35.737	-0.000		3		105.546
02	#42	OOS	Frank Oosterhout		Cows Go Moo Racing		2:14:41.085	-5.348		3		105.448
03	#29	ALU	Sago Aludetsei			Dotruga Formula Racing	2:15:04.470	-28.732		3		105.322
04	#30	WIS	Josh Wise				BONGATAR				2:15:05.561	-29.823		3		105.585
05	#31	ŠAŊ	xap'ít celentir šaŋév	Team Solea Racing		2:15:06.516	-30.779		3		105.576
06	#19	ZAI	khélok atep zailunaɰ	Team Solea Racing		2:15:13.037	-37.299		3		105.845
07	#98	MOT	Gorga Motxev			Dotruga Formula Racing	2:15:15.104	-39.367		3		105.959
08	#80	AYA	Ifloenne é Aya			Team V.V. Imperial		2:15:27.107	-51.369		3		105.832
09	#94	NES	At'ipi Nesbeksë			Team Diigikwk Racers	2:15:27.384	-51.646		3		105.999
10	#81	KÆR	Lyǽs Kæræsekæræn		Team V.V. Imperial		2:15:28.292	-52.555		3		106.049
11	#74	KON	Bařàsiz Konoca			Team Diigikwk Racers	2:15:33.018	-57.281		3		106.499
12	#53	TÀC	Ešuro Tàcràɰë			Team Diigikwk Racers	2:15:34.394	-58.657		3		106.245
13	#11	KEG	Tuto Keget				Dotruga Formula Racing	2:15:38.292	-62.555		3		106.352
14	#41	CAN	Olga Candy				Cows Go Moo Racing		2:15:43.888	-68.151		3		106.371
15	#69	SAN	Marisa Sanchez			Cows Go Moo Racing		2:15:45.777	-70.039		3		106.499
16	# 3	BOB	Bob						BONGATAR				2:15:52.463	-76.725		3		106.691
17	# 2	HID	Body Hide				BONGATAR				2:16:39.310	-123.572	3		107.399
18	#82	SAN	Nukki Savra Sanda		Team V.V. Imperial		2:16:42.151	-126.413	3		107.653
19	#35	AKA	Asaúni Akaleta			Team Vikasani			2:17:26.925	-171.188	3		108.114
20	#14	HÚC	Daseno Húctu			Team Vikasani			2:17:43.852	-188.114	3		108.255
21	#26	ILI	Rikvisi Iliria			Team Vikasani			2:19:32.688	-296.951	4		109.585

-- RACE INCIDENT REPORT --
Tuto Keget made a mistake while attempting an overtake on lap 6.
Ešuro Tàcràɰë made a mistake while attempting an overtake on lap 8.
Bob made a mistake while attempting an overtake on lap 8.
Nukki Savra Sanda made a mistake on lap 9.
xap'ít celentir šaŋév made a mistake while attempting an overtake on lap 39.
Marisa Sanchez made a mistake while attempting an overtake on lap 43.
Frank Oosterhout made a mistake on lap 50.
Tuto Keget made a mistake on lap 51.
Rikvisi Iliria made a pit stop to repair damage caused by a large incident while attempting an overtake on lap 54.
Ifloenne é Aya made a mistake while attempting an overtake on lap 57.
Ifloenne é Aya made a mistake while attempting an overtake on lap 62.
ketila léqa pavúteka made a mistake on lap 73.
Nukki Savra Sanda made a mistake on lap 75.
