-- LAP TIMES --
Lap 0	31 0.000     	29 0.000     	47 0.100     	98 0.100     	19 0.200     	42 0.200     	94 0.300     	53 0.300     	11 0.400     	74 0.400     	41 0.500     	69 0.500     	80 0.600     	81 0.600     	30 0.700     	22 0.700     	20 0.800     	21 0.800     	35 0.900     	14 0.900     	82 1.000     	26 1.000     	 2 1.100     	 3 1.100     	
Lap 1	31 103.728     	47 103.687     	42 103.806     	29 104.153     	98 104.279     	19 104.492     	80 104.168     	53 104.665     	69 104.482     	81 104.388     	11 104.661     	94 104.888     	41 104.799     	74 104.969     	21 105.582     	22 105.714     	30 105.744     	20 105.669     	82 105.475     	26 106.284     	14 106.443     	35 106.490     	 3 106.914     	 2 107.542     	
Lap 2	47 104.056     	29 103.755     	31 104.196     	98 103.738     	42 104.180     	19 103.926     	80 104.038     	81 104.154     	74 103.955     	53 104.544     	94 104.622     	11 104.831     	69 105.130     	41 105.287     	30 105.220     	21 105.395     	22 105.547     	20 105.922     	82 106.001     	14 105.995     	35 106.122     	26 106.328     	 3 107.012     	 2 107.633     	
Lap 3	47 103.883     	31 103.947     	42 103.929     	29 104.418     	98 104.397     	80 104.467     	19 104.711     	53 104.348     	81 104.948     	94 104.632     	74 105.156     	11 104.926     	69 104.786     	41 105.192     	30 105.606     	22 105.594     	21 105.910     	20 105.710     	82 106.114     	35 105.700     	14 105.879     	26 106.346     	 3 105.218     	 2 107.440     	
Lap 4	47 104.135     	31 104.420     	42 104.196     	29 104.541     	98 104.649     	80 104.769     	81 104.242     	19 105.570     	53 105.154     	11 104.304     	94 105.094     	74 105.219     	69 104.988     	41 104.893     	22 105.687     	30 106.023     	20 105.730     	21 106.156     	82 105.485     	14 106.415     	35 106.446     	26 106.762     	 3 107.454     	 2 107.492     	
Lap 5	42 103.647     	31 103.707     	47 104.241     	29 104.174     	98 104.130     	81 104.393     	80 104.888     	19 104.069     	53 104.576     	11 104.916     	69 104.448     	94 104.982     	74 105.461     	41 105.105     	22 105.422     	30 105.528     	21 105.487     	20 106.478     	82 107.371     	35 106.095     	14 106.330     	26 106.971     	 3 107.012     	 2 107.773     	
Lap 6	42 103.604     	47 104.377     	31 104.585     	29 104.388     	98 104.555     	81 104.457     	19 104.845     	80 104.884     	11 104.539     	53 105.010     	69 104.664     	94 104.586     	74 105.503     	41 105.221     	22 105.388     	30 105.672     	21 105.905     	20 106.691     	82 106.194     	14 106.203     	35 106.660     	26 105.190     	 3 105.518     	 2 107.752     	
Lap 7	42 104.492     	47 104.224     	31 104.713     	29 104.821     	98 104.717     	19 104.651     	81 105.306     	80 104.980     	11 104.900     	94 104.511     	53 105.259     	69 105.146     	74 104.763     	41 105.799     	22 105.821     	30 105.723     	21 105.707     	20 106.155     	82 105.802     	14 106.680     	35 106.475     	 3 105.459     	26 106.958     	 2 107.600     	
Lap 8	42 104.511     	47 104.733     	31 104.239     	98 105.292     	29 106.180     	81 104.712     	19 105.105     	80 104.864     	11 104.887     	53 104.779     	69 104.553     	94 105.098     	74 104.287     	41 103.943     	22 106.006     	30 105.943     	21 105.759     	20 105.922     	35 105.898     	14 106.134     	26 105.203     	82 108.049     	 3 106.376     	 2 108.213     	
Lap 9	42 104.256     	31 103.831     	47 104.330     	98 104.442     	29 104.897     	81 104.548     	19 104.539     	80 104.495     	11 104.857     	53 104.871     	69 105.147     	94 105.434     	74 105.107     	41 104.192     	22 106.194     	30 105.968     	21 106.584     	20 105.166     	35 106.554     	14 106.964     	 3 105.975     	26 107.037     	82 106.638     	 2 108.045     	
Lap 10	42 104.721     	47 104.012     	31 104.881     	98 103.768     	29 104.723     	81 104.727     	19 104.713     	80 104.799     	11 105.320     	69 104.774     	53 105.480     	94 105.283     	74 104.918     	41 105.530     	30 104.830     	22 105.764     	21 105.866     	20 106.951     	35 106.308     	26 106.357     	14 106.974     	 3 107.041     	82 107.465     	 2 107.820     	
Lap 11	42 104.516     	47 104.387     	31 104.281     	98 103.849     	29 104.906     	80 104.144     	81 105.193     	19 105.053     	11 104.582     	69 104.790     	53 104.930     	94 104.875     	74 105.157     	41 105.294     	30 106.392     	21 105.051     	22 106.408     	20 105.248     	26 107.259     	 3 106.701     	35 108.254     	82 106.417     	14 107.118     	 2 107.672     	
Lap 12	47 104.236     	42 104.557     	31 104.234     	98 103.220     	29 104.219     	80 104.963     	81 105.005     	19 104.889     	11 105.145     	69 104.948     	53 105.259     	94 104.946     	74 105.918     	41 105.414     	30 106.210     	22 106.418     	21 106.557     	20 105.578     	14 106.072     	35 106.211     	82 106.507     	 3 106.843     	26 107.044     	 2 107.716     	
Lap 13	47 104.526     	42 104.319     	31 104.878     	98 105.583     	29 105.033     	80 105.181     	19 104.491     	81 104.730     	11 105.536     	69 105.551     	94 105.067     	53 105.865     	74 105.276     	41 105.584     	30 104.806     	21 105.492     	22 105.775     	20 105.581     	26 105.843     	82 106.092     	35 106.508     	14 106.716     	 3 107.115     	 2 107.882     	
Lap 14	47 104.555     	42 104.595     	98 103.501     	31 104.938     	29 103.655     	80 105.304     	19 105.473     	81 105.911     	69 105.191     	11 105.411     	94 105.307     	74 105.757     	53 106.979     	41 106.251     	30 105.000     	22 105.897     	21 106.450     	20 105.304     	35 106.534     	82 106.938     	26 107.358     	14 107.362     	 3 107.374     	 2 108.151     	
Lap 15	47 104.516     	42 104.773     	98 105.238     	31 105.955     	29 103.766     	80 105.513     	19 105.201     	81 105.491     	69 105.447     	11 105.626     	94 105.251     	74 105.426     	53 105.778     	41 105.371     	30 105.837     	22 106.015     	21 106.764     	20 107.380     	35 106.539     	26 107.514     	82 106.814     	14 106.718     	 3 107.477     	
Lap 16	42 104.104     	47 105.108     	98 103.997     	31 103.650     	29 104.082     	80 105.295     	81 105.144     	94 105.028     	69 105.708     	11 105.785     	74 105.925     	53 105.959     	41 106.061     	30 105.550     	22 105.867     	21 106.561     	20 106.883     	82 106.612     	35 107.352     	14 107.154     	26 107.239     	 3 106.339     	 2 108.131     	
Lap 17	42 105.236     	47 105.140     	98 105.620     	31 105.704     	29 104.600     	80 105.449     	81 105.918     	94 105.364     	69 105.551     	11 106.140     	74 105.631     	53 105.852     	41 105.752     	30 105.873     	22 105.585     	21 105.448     	20 106.009     	35 106.511     	82 107.354     	14 107.041     	26 107.698     	 3 108.326     	 2 108.164     	
Lap 18	42 104.933     	47 105.196     	98 104.854     	31 104.937     	29 105.025     	80 104.697     	81 104.529     	94 106.034     	69 105.819     	11 106.353     	53 105.504     	74 106.383     	41 106.214     	30 105.365     	22 106.138     	21 106.172     	20 105.990     	35 107.227     	82 106.692     	14 106.265     	26 107.087     	 3 107.984     	 2 108.661     	
Lap 19	42 105.277     	47 104.947     	98 105.536     	31 104.881     	29 104.729     	80 105.522     	81 106.252     	94 106.191     	69 106.290     	11 104.834     	74 105.690     	41 104.604     	53 106.250     	30 106.015     	22 105.426     	21 105.837     	20 106.459     	14 106.168     	35 107.043     	82 107.516     	26 106.618     	 3 106.824     	 2 108.442     	
Lap 20	47 104.807     	42 105.586     	98 105.449     	31 105.754     	29 105.423     	80 104.957     	81 104.923     	94 105.559     	69 105.695     	11 106.289     	41 106.159     	74 106.432     	53 106.899     	30 106.434     	22 105.667     	21 106.469     	20 105.901     	14 107.208     	35 107.933     	26 106.361     	82 108.078     	 3 107.231     	 2 108.905     	
Lap 21	42 104.679     	31 105.242     	29 105.358     	98 106.047     	80 104.615     	69 105.953     	11 106.482     	47 124.264 PIT	81 123.867 PIT	94 124.233 PIT	74 124.662 PIT	41 125.103 PIT	53 126.539 PIT	14 106.309     	30 124.878 PIT	35 108.035     	22 124.765 PIT	82 108.842     	21 124.890 PIT	20 125.641 PIT	26 125.402 PIT	 3 126.090 PIT	 2 128.189 PIT	
Lap 22	31 105.420     	69 104.968     	11 105.651     	42 122.771 PIT	47 103.617     	29 124.101 PIT	98 125.270 PIT	80 124.114 PIT	81 104.214     	94 103.692     	74 105.108     	41 105.055     	53 103.894     	30 104.817     	22 106.136     	21 104.743     	20 105.225     	14 125.669 PIT	26 105.977     	35 126.036 PIT	82 124.549 PIT	 3 105.812     	 2 108.090     	
Lap 23	31 104.713     	42 103.752     	47 103.970     	29 103.865     	98 103.927     	80 104.346     	81 104.847     	94 103.079     	69 124.924 PIT	11 124.553 PIT	74 104.470     	53 104.010     	41 105.465     	30 104.601     	22 104.675     	21 104.206     	20 105.206     	14 105.494     	26 105.277     	35 106.148     	 3 105.297     	82 107.249     	 2 107.925     	
Lap 24	47 103.323     	42 103.761     	29 102.716     	98 103.072     	31 123.575 PIT	80 103.192     	81 103.983     	94 103.731     	69 103.742     	74 103.985     	11 105.177     	53 104.688     	41 105.002     	30 105.060     	22 104.635     	21 104.866     	20 104.971     	14 105.935     	26 105.985     	35 106.391     	82 105.893     	 3 106.711     	 2 107.155     	
Lap 25	42 102.610     	47 103.798     	29 103.310     	98 103.061     	31 103.336     	80 103.733     	81 103.585     	94 103.948     	69 103.412     	74 104.647     	11 105.428     	53 105.059     	41 105.341     	30 105.009     	22 104.503     	21 104.672     	20 105.256     	14 106.268     	26 106.844     	35 106.470     	82 105.930     	 3 106.160     	 2 107.297     	
Lap 26	42 102.485     	47 103.412     	29 102.724     	98 103.678     	31 102.939     	80 103.371     	81 103.904     	94 103.576     	69 103.294     	74 104.272     	11 104.862     	53 104.913     	41 105.346     	30 104.677     	22 104.885     	21 104.501     	20 104.686     	14 105.112     	26 105.214     	82 105.742     	35 106.015     	 3 106.053     	 2 107.913     	
Lap 27	42 102.861     	47 102.800     	29 103.100     	98 104.441     	31 105.079     	80 103.100     	81 103.636     	94 103.538     	69 103.460     	74 103.699     	11 105.503     	41 104.291     	53 105.993     	30 104.245     	22 104.376     	21 105.368     	20 105.273     	14 104.899     	26 105.768     	82 106.272     	 3 106.675     	35 107.589     	 2 107.866     	
Lap 28	42 102.548     	47 103.073     	29 102.998     	98 103.535     	31 103.334     	80 102.960     	81 104.078     	94 103.692     	69 103.721     	74 104.494     	11 104.180     	41 105.436     	53 106.066     	30 104.354     	22 105.204     	21 105.007     	20 105.090     	14 105.593     	26 105.371     	82 106.032     	35 105.323     	 3 106.684     	 2 108.075     	
Lap 29	42 103.102     	47 103.063     	29 103.555     	98 103.184     	31 102.829     	80 103.384     	94 103.737     	81 105.304     	69 104.084     	74 104.180     	11 104.013     	41 104.270     	53 103.660     	30 105.131     	22 104.604     	21 104.664     	20 105.365     	14 105.179     	26 105.967     	82 105.818     	35 105.788     	 3 105.498     	 2 108.373     	
Lap 30	42 103.130     	47 103.630     	29 103.030     	98 104.578     	31 104.821     	80 103.807     	94 104.694     	81 104.762     	69 103.476     	74 103.936     	11 103.834     	41 105.732     	53 106.096     	30 104.823     	22 105.335     	21 105.162     	20 104.878     	14 105.833     	26 105.936     	82 106.005     	35 106.668     	 3 107.457     	 2 108.167     	
Lap 31	42 103.519     	47 103.497     	29 103.807     	98 103.798     	31 103.175     	80 103.136     	94 105.117     	81 104.578     	69 103.672     	74 104.499     	11 104.187     	41 107.228     	53 106.532     	30 105.303     	22 104.590     	21 104.989     	20 105.011     	14 105.262     	26 106.080     	82 105.261     	35 105.754     	 3 105.768     	 2 108.490     	
Lap 32	42 103.419     	47 103.600     	29 103.891     	98 104.289     	31 105.362     	80 103.733     	81 104.627     	94 105.543     	69 104.400     	74 103.965     	11 104.086     	41 105.816     	30 104.873     	53 106.791     	22 104.932     	21 104.977     	20 104.928     	14 105.439     	26 106.152     	82 105.406     	35 105.786     	 3 106.242     	 2 107.783     	
Lap 33	42 103.482     	47 104.013     	29 103.539     	98 103.787     	31 103.939     	80 103.896     	94 104.440     	81 105.413     	69 104.053     	74 104.124     	11 103.694     	41 105.374     	30 105.765     	53 106.456     	22 105.356     	21 105.736     	20 105.174     	14 105.867     	26 105.630     	82 105.636     	35 105.987     	 3 106.321     	 2 108.607     	
Lap 34	42 103.772     	47 103.361     	29 103.925     	98 103.516     	31 104.475     	80 104.544     	94 105.446     	69 104.994     	81 105.599     	74 104.731     	11 103.515     	41 104.446     	30 106.081     	22 105.125     	53 107.353     	21 105.344     	20 105.144     	14 105.822     	26 105.706     	82 105.921     	35 105.122     	 3 106.139     	 2 107.786     	
Lap 35	42 103.867     	47 103.273     	29 103.376     	98 104.085     	31 104.246     	80 104.448     	69 105.111     	94 105.812     	81 105.806     	74 104.985     	11 103.834     	41 104.836     	30 105.580     	22 106.017     	53 106.399     	21 105.845     	20 105.712     	14 105.591     	26 105.895     	82 105.782     	35 106.011     	 3 105.819     	 2 108.374     	
Lap 36	42 103.814     	47 103.810     	29 103.688     	98 104.294     	31 104.596     	80 104.289     	94 105.196     	69 105.693     	81 105.654     	11 105.524     	74 106.050     	41 104.481     	30 105.493     	53 107.043     	21 105.243     	20 105.547     	22 128.142 PIT	14 105.614     	26 106.483     	82 105.637     	35 105.355     	 3 106.430     	 2 108.789     	
Lap 37	42 103.167     	47 103.837     	29 104.039     	98 104.339     	31 104.490     	80 104.659     	69 105.211     	94 105.577     	81 105.684     	11 105.479     	74 105.297     	41 105.045     	30 105.237     	53 105.539     	21 106.587     	20 106.169     	22 104.611     	14 106.334     	26 106.258     	82 105.363     	35 106.148     	 3 106.269     	 2 108.760     	
Lap 38	42 103.703     	47 104.455     	29 103.609     	98 103.893     	80 104.247     	31 105.208     	94 105.008     	69 105.827     	81 104.902     	11 105.367     	74 105.246     	41 104.660     	30 105.241     	53 104.719     	21 105.794     	20 105.376     	22 104.207     	14 105.607     	26 105.906     	82 106.227     	35 105.488     	 3 106.410     	 2 108.355     	
Lap 39	42 103.529     	47 103.732     	29 103.680     	98 103.790     	80 105.403     	31 105.752     	94 105.820     	69 105.425     	81 105.402     	11 105.444     	74 105.486     	41 104.872     	30 105.725     	53 104.828     	21 105.711     	20 106.415     	22 104.187     	14 105.913     	26 106.660     	82 106.193     	35 105.915     	 3 107.006     	 2 108.413     	
Lap 40	42 103.768     	47 104.603     	29 104.646     	98 104.062     	80 104.616     	31 103.740     	94 105.528     	81 105.369     	69 106.091     	11 105.105     	74 105.998     	41 104.909     	30 106.291     	53 105.028     	21 106.063     	20 106.571     	22 104.231     	14 106.204     	26 106.518     	82 105.895     	35 106.388     	 3 106.386     	 2 108.505     	
Lap 41	42 104.233     	47 104.688     	29 104.570     	98 104.195     	80 105.225     	31 105.597     	94 105.570     	69 105.057     	81 105.765     	11 104.766     	74 104.965     	41 104.767     	30 106.241     	53 105.280     	21 106.062     	20 106.065     	22 105.043     	14 105.990     	26 108.133     	35 106.348     	82 108.823     	 3 106.490     	 2 108.718     	
Lap 42	42 104.433     	29 104.650     	98 104.550     	31 105.143     	80 106.134     	47 122.750 PIT	69 106.183     	11 104.647     	74 104.928     	41 105.111     	81 124.327 PIT	94 125.406 PIT	30 106.090     	21 106.037     	22 104.561     	53 124.109 PIT	14 106.579     	20 125.303 PIT	26 107.661     	35 107.863     	82 108.238     	 3 125.733 PIT	 2 128.318 PIT	
Lap 43	42 122.815 PIT	47 104.161     	31 105.485     	29 123.064 PIT	98 124.072 PIT	69 104.763     	80 124.377 PIT	11 105.278     	94 103.714     	81 105.013     	74 124.568 PIT	30 105.928     	41 123.574 PIT	22 104.383     	53 103.818     	21 125.482 PIT	20 105.479     	14 106.987     	26 107.141     	35 125.760 PIT	82 127.126 PIT	 3 105.920     	 2 107.572     	
Lap 44	42 102.940     	47 103.698     	31 105.205     	29 103.017     	98 103.697     	69 105.583     	80 103.722     	94 105.098     	81 104.495     	11 123.358 PIT	74 105.503     	41 104.289     	22 104.921     	53 104.225     	30 126.216 PIT	21 105.300     	20 105.642     	26 106.967     	14 125.896 PIT	35 105.110     	82 105.531     	 3 105.410     	 2 107.261     	
Lap 45	42 102.366     	47 102.974     	29 103.916     	31 105.949     	98 103.256     	80 103.658     	94 104.184     	81 104.707     	11 103.387     	69 125.277 PIT	74 104.301     	41 104.027     	53 105.392     	22 106.393     	30 104.856     	21 105.121     	20 105.235     	14 105.801     	35 104.667     	82 104.681     	26 125.299 PIT	 3 105.023     	 2 107.637     	
Lap 46	42 102.425     	47 102.730     	29 102.877     	31 104.610     	98 102.738     	80 103.177     	94 105.061     	81 104.865     	11 104.039     	69 105.364     	74 104.361     	41 103.650     	53 104.564     	22 105.909     	30 105.020     	21 104.433     	20 104.475     	14 105.598     	35 104.876     	82 105.513     	26 105.673     	 3 105.794     	 2 107.822     	
Lap 47	42 103.160     	47 103.494     	29 102.921     	98 103.223     	80 103.577     	31 123.641 PIT	81 104.418     	94 105.148     	11 103.126     	69 103.202     	74 103.963     	41 103.603     	53 103.647     	22 105.143     	30 105.037     	21 104.512     	20 104.765     	14 105.507     	35 104.711     	26 105.156     	82 106.149     	 3 105.636     	 2 107.777     	
Lap 48	42 103.015     	47 103.102     	29 103.703     	98 103.042     	80 103.546     	31 102.903     	81 104.759     	11 104.707     	94 104.923     	69 104.005     	74 103.592     	41 103.690     	53 103.585     	22 104.675     	30 104.640     	21 104.864     	20 104.669     	14 105.489     	35 105.559     	26 106.771     	 3 105.613     	82 107.851     	 2 108.124     	
Lap 49	42 102.663     	47 103.468     	29 103.537     	98 102.848     	80 103.952     	31 102.768     	81 104.976     	94 104.626     	11 105.021     	69 104.668     	74 104.486     	41 104.364     	53 103.694     	22 104.891     	30 104.260     	21 105.335     	20 105.309     	14 105.292     	35 105.571     	26 105.654     	82 105.590     	 3 106.829     	 2 107.494     	
Lap 50	42 102.916     	47 102.831     	29 103.355     	98 103.318     	80 103.164     	31 103.186     	94 104.950     	81 105.365     	11 105.127     	69 104.977     	74 103.834     	41 104.349     	53 103.772     	22 105.007     	30 104.974     	21 105.242     	20 104.866     	14 105.692     	35 105.361     	26 105.523     	82 104.871     	 3 106.178     	 2 107.861     	
Lap 51	42 103.071     	47 103.446     	29 103.523     	98 102.982     	80 103.440     	31 103.236     	11 104.353     	81 104.696     	94 105.261     	69 104.751     	74 104.172     	41 104.386     	53 104.518     	22 104.982     	30 105.225     	21 105.493     	20 105.426     	14 105.644     	35 105.041     	26 105.977     	82 105.467     	 3 105.640     	 2 107.734     	
Lap 52	42 103.695     	47 103.754     	29 103.726     	98 103.507     	80 103.143     	31 103.380     	11 104.713     	81 104.582     	94 105.044     	69 104.897     	74 104.413     	41 104.111     	53 103.915     	22 105.026     	30 105.142     	21 105.553     	20 105.100     	14 105.553     	35 105.634     	26 106.251     	82 107.162     	 3 105.742     	 2 108.222     	
Lap 53	42 102.846     	47 103.659     	29 103.609     	98 103.599     	80 104.138     	31 102.859     	11 104.739     	81 105.070     	69 104.655     	94 105.445     	74 105.272     	41 103.839     	53 104.697     	22 105.932     	30 104.465     	21 105.184     	20 105.055     	14 105.495     	35 105.548     	26 105.834     	82 104.828     	 3 105.595     	 2 107.993     	
Lap 54	42 103.013     	47 103.839     	29 103.375     	98 103.972     	80 103.852     	31 103.181     	11 105.366     	81 105.611     	69 105.185     	94 105.465     	74 104.947     	41 104.090     	53 104.562     	22 106.057     	30 105.067     	21 104.822     	20 105.780     	14 105.510     	35 105.849     	26 106.449     	82 107.679     	 3 105.927     	 2 108.225     	
Lap 55	42 102.919     	47 103.665     	29 103.732     	98 103.814     	80 103.668     	31 103.678     	11 105.445     	81 105.531     	69 105.441     	74 104.846     	94 104.984     	41 104.374     	53 103.921     	30 104.980     	22 107.255     	21 105.230     	20 105.669     	14 106.110     	35 105.562     	26 105.775     	82 106.481     	 3 106.856     	 2 108.500     	
Lap 56	42 103.063     	47 103.446     	29 103.833     	98 104.201     	80 103.487     	31 103.077     	11 105.529     	81 105.291     	69 105.279     	74 105.293     	94 105.659     	41 104.692     	53 104.152     	30 104.649     	22 106.268     	21 105.229     	20 105.355     	14 105.342     	35 105.615     	26 105.517     	82 106.763     	 3 107.012     	 2 108.210     	
Lap 57	42 103.314     	47 103.878     	29 104.326     	98 103.437     	80 103.854     	31 103.394     	11 104.714     	74 105.357     	81 105.778     	69 105.774     	94 105.708     	41 105.038     	53 104.547     	30 104.894     	21 105.016     	20 105.953     	22 125.313 PIT	14 105.424     	35 105.377     	26 105.887     	82 106.493     	 3 106.738     	 2 108.314     	
Lap 58	42 103.240     	47 104.183     	29 103.601     	98 103.895     	80 104.084     	31 103.971     	11 104.246     	94 104.597     	81 105.313     	74 105.784     	69 105.874     	41 105.014     	53 104.951     	30 104.838     	21 105.901     	20 105.858     	22 104.390     	14 106.288     	35 105.421     	26 105.894     	82 105.507     	 3 106.126     	 2 108.459     	
Lap 59	42 103.280     	47 103.530     	29 103.584     	98 104.225     	80 103.707     	31 103.866     	11 104.070     	94 105.195     	81 105.280     	74 105.380     	41 106.162     	53 105.216     	69 125.935 PIT	30 105.103     	21 105.178     	20 106.047     	22 104.478     	14 105.911     	35 106.329     	26 105.902     	82 105.964     	 3 106.377     	 2 108.367     	
Lap 60	42 104.314     	47 104.292     	29 103.868     	98 104.344     	80 103.844     	31 103.504     	11 103.970     	94 105.465     	74 105.063     	81 105.857     	41 104.582     	53 104.529     	69 103.716     	30 105.227     	21 105.342     	20 106.065     	22 104.822     	14 105.837     	35 106.068     	26 106.261     	82 106.215     	 3 106.895     	 2 108.386     	
Lap 61	42 104.354     	47 104.111     	29 104.010     	98 104.609     	80 104.777     	31 104.103     	11 104.125     	94 105.468     	74 106.166     	81 106.040     	41 105.071     	53 105.472     	69 103.312     	30 105.144     	21 105.968     	20 106.272     	22 104.828     	14 105.812     	35 105.713     	26 106.110     	82 105.727     	 3 107.019     	 2 108.940     	
Lap 62	42 104.222     	47 103.996     	29 104.234     	98 103.929     	31 105.186     	80 105.635     	11 104.399     	94 106.079     	41 105.279     	74 105.926     	81 106.111     	53 105.412     	69 103.390     	30 105.859     	21 106.013     	20 106.596     	22 105.035     	14 106.700     	35 106.600     	26 106.179     	82 106.239     	 3 107.080     	 2 108.903     	
Lap 63	42 104.553     	29 104.085     	98 104.544     	47 123.848 PIT	80 104.643     	31 105.092     	11 105.030     	94 106.091     	41 106.407     	74 106.169     	81 106.710     	53 104.827     	69 103.932     	30 106.160     	21 105.844     	20 106.030     	22 104.353     	14 106.545     	35 105.992     	26 106.144     	82 106.698     	 3 107.041     	 2 127.905 PIT	
Lap 64	29 104.321     	42 123.044 PIT	98 105.023     	47 103.327     	31 105.139     	80 124.459 PIT	11 104.979     	94 106.720     	74 106.750     	81 106.240     	53 105.556     	69 104.147     	41 124.984 PIT	30 105.885     	22 104.776     	20 106.449     	21 124.894 PIT	14 106.265     	26 107.021     	82 106.190     	35 125.235 PIT	 3 125.883 PIT	 2 108.280     	
Lap 65	29 104.826     	42 103.061     	98 104.754     	47 103.183     	31 104.049     	80 103.547     	11 105.088     	81 107.052     	53 105.760     	69 104.070     	41 103.755     	94 124.372 PIT	74 125.559 PIT	22 105.720     	30 124.823 PIT	21 105.482     	20 126.143 PIT	26 106.890     	14 124.558 PIT	35 105.683     	82 125.576 PIT	 3 105.500     	 2 107.346     	
Lap 66	42 102.582     	29 105.061     	47 103.159     	31 104.201     	98 123.577 PIT	80 103.573     	11 124.304 PIT	69 105.100     	41 103.792     	94 104.165     	74 104.564     	81 124.579 PIT	53 126.105 PIT	22 105.521     	30 105.012     	21 104.820     	20 105.267     	14 106.012     	35 105.479     	26 124.140 PIT	82 105.495     	 3 105.871     	 2 107.307     	
Lap 67	42 102.822     	47 103.067     	29 123.637 PIT	31 104.705     	98 103.563     	80 103.006     	11 104.835     	69 104.659     	41 103.898     	94 103.938     	74 103.558     	81 103.976     	53 103.940     	30 105.151     	22 106.123     	21 104.430     	20 104.400     	14 105.598     	35 104.634     	26 105.743     	82 104.513     	 3 105.318     	 2 107.582     	
Lap 68	42 103.365     	47 102.961     	29 102.981     	31 104.757     	98 103.031     	80 103.155     	11 104.086     	69 105.096     	41 103.833     	94 103.313     	74 103.974     	81 103.751     	53 103.993     	30 105.930     	22 106.235     	21 104.914     	20 104.776     	14 105.022     	35 105.145     	26 104.778     	82 104.933     	 3 105.828     	 2 108.011     	
Lap 69	42 102.521     	47 103.239     	29 102.965     	31 104.240     	98 102.821     	80 102.906     	11 103.364     	69 104.273     	41 104.158     	94 103.947     	74 103.826     	81 103.472     	53 103.344     	30 104.190     	22 104.901     	21 104.522     	20 105.086     	14 105.200     	35 104.871     	26 105.408     	82 104.966     	 3 105.426     	 2 107.623     	
Lap 70	42 102.599     	47 103.235     	29 103.601     	31 104.669     	98 103.464     	80 103.927     	11 103.644     	69 103.950     	41 104.337     	94 104.177     	74 103.480     	81 103.982     	53 103.682     	30 104.283     	22 105.120     	21 104.770     	20 104.612     	14 105.116     	35 105.487     	26 105.303     	82 104.781     	 3 105.761     	 2 108.931     	

-- OFFICIAL RESULTS --
Pos	#No	Driver						Team					Time		Diff		Pits	Best
01	#42	OOS	Frank Oosterhout		Cows Go Moo Racing		2:1:54.018	-0.000		3		102.366
02	#47	PAV	ketila léqa pavúteka	Team Solea Racing		2:2:08.039	-14.021		3		102.730
03	#29	ALU	Sago Aludetsei			Dotruga Formula Racing	2:2:16.951	-22.933		3		102.716
04	#31	ŠAŊ	xap'ít celentir šaŋév	Team Solea Racing		2:2:22.505	-28.487		2		102.768
05	#98	MOT	Gorga Motxev			Dotruga Formula Racing	2:2:23.795	-29.777		3		102.738
06	#80	AYA	Ifloenne é Aya			Team V.V. Imperial		2:2:34.946	-40.928		3		102.906
07	#11	KEG	Tuto Keget				Dotruga Formula Racing	2:3:14.614	-80.596		3		103.126
08	#69	SAN	Marisa Sanchez			Cows Go Moo Racing		2:3:17.634	-83.617		3		103.202
09	#41	CAN	Olga Candy				Cows Go Moo Racing		2:3:23.098	-89.080		3		103.603
10	#94	NES	At'ipi Nesbeksë			Team Diigikwk Racers	2:3:24.235	-90.218		3		103.079
11	#74	KON	Bařàsiz Konoca			Team Diigikwk Racers	2:3:26.168	-92.151		3		103.480
12	#81	KÆR	Lyǽs Kæræsekæræn		Team V.V. Imperial		2:3:28.400	-94.382		3		103.472
13	#53	TÀC	Ešuro Tàcràɰë			Team Diigikwk Racers	2:3:35.051	-101.033	3		103.344
14	#30	WIS	Josh Wise				BONGATAR				2:3:52.909	-118.891	3		104.190
15	#22	PHI	Philipe					Team Vincent			2:3:55.611	-121.593	3		104.187
16	#21	ORS	Orson					Team Vincent			2:4:01.312	-127.294	3		104.206
17	#20	MAC	Mac						Team Vincent			2:4:12.911	-138.893	3		104.400
18	#14	HÚC	Daseno Húctu			Team Vikasani			2:4:39.459	-165.441	3		104.899
19	#35	AKA	Asaúni Akaleta			Team Vikasani			2:4:43.286	-169.269	3		104.634
20	#26	ILI	Rikvisi Iliria			Team Vikasani			2:4:54.932	-180.914	3		104.778
21	#82	SAN	Nukki Savra Sanda		Team V.V. Imperial		2:4:56.316	-182.298	3		104.513
22	# 3	BOB	Bob						BONGATAR				2:5:04.781	-190.764	3		105.023
23	# 2	HID	Body Hide				BONGATAR				2:7:04.817	-310.799	3		107.155
24	#19	ZAI	khélok atep zailunaɰ	Team Solea Racing		RETIRED		DNF			0		103.926

-- RACE INCIDENT REPORT --
khélok atep zailunaɰ made a mistake while attempting an overtake on lap 4.
Sago Aludetsei made a mistake while attempting an overtake on lap 8.
Asaúni Akaleta made a mistake while attempting an overtake on lap 11.
khélok atep zailunaɰ crashed out while attempting an overtake on lap 15.
Tuto Keget made a mistake while attempting an overtake on lap 27.
Asaúni Akaleta made a mistake while attempting an overtake on lap 27.
Olga Candy made a mistake while attempting an overtake on lap 31.
Philipe made a pit stop to repair damage caused by a large incident while attempting an overtake on lap 36.
Marisa Sanchez made a pit stop to repair damage caused by a large incident while attempting an overtake on lap 59.
Body Hide made a mistake while attempting an overtake on lap 70.
