-- LAP TIMES --
Lap 0	47 0.000     	31 0.000     	29 0.100     	42 0.100     	11 0.200     	98 0.200     	19 0.300     	74 0.300     	69 0.400     	94 0.400     	41 0.500     	53 0.500     	80 0.600     	81 0.600     	30 0.700     	22 0.700     	20 0.800     	21 0.800     	35 0.900     	26 0.900     	82 1.000     	14 1.000     	 2 1.100     	 3 1.100     	
Lap 1	31 119.516     	29 119.496     	42 119.601     	98 119.590     	47 120.164     	19 120.017     	11 120.558     	94 120.384     	80 120.489     	41 120.589     	69 120.847     	74 120.957     	81 120.825     	53 121.141     	30 121.293     	22 121.382     	20 121.585     	21 121.934     	35 121.952     	14 121.971     	82 122.170     	 3 122.361     	26 122.690     	 2 124.330     	
Lap 2	29 120.264     	98 120.089     	31 120.399     	42 120.275     	47 120.105     	19 120.238     	94 120.628     	11 120.762     	80 120.952     	81 120.671     	41 121.040     	69 120.996     	74 121.001     	53 121.108     	22 121.409     	30 121.550     	21 121.575     	20 122.275     	35 121.970     	26 121.467     	82 122.099     	14 122.394     	 3 122.463     	 2 124.346     	
Lap 3	42 119.478     	98 119.714     	31 119.874     	29 120.317     	47 120.162     	19 120.264     	94 120.347     	11 120.856     	80 121.039     	69 121.099     	81 121.308     	74 121.267     	53 121.093     	41 122.179     	30 121.712     	22 122.137     	21 121.881     	20 121.864     	35 122.038     	26 122.140     	82 122.385     	14 122.913     	 3 122.994     	 2 123.894     	
Lap 4	42 119.536     	98 120.359     	31 120.259     	29 120.324     	47 120.448     	19 120.575     	94 120.643     	11 120.594     	80 120.213     	69 120.640     	53 120.566     	81 121.437     	41 120.638     	74 121.429     	22 121.384     	30 122.314     	21 121.734     	20 122.099     	35 121.985     	26 122.255     	82 122.357     	14 122.119     	 3 123.907     	 2 124.089     	
Lap 5	42 120.267     	31 119.752     	98 120.298     	19 119.183     	29 120.342     	47 120.488     	94 120.318     	80 120.704     	11 121.109     	69 121.087     	74 120.496     	53 121.199     	81 121.192     	41 121.376     	30 121.617     	22 122.215     	21 122.359     	20 121.798     	35 122.155     	14 121.623     	26 123.129     	82 122.836     	 3 121.586     	 2 123.908     	
Lap 6	42 120.380     	31 120.247     	98 120.182     	19 120.750     	47 119.977     	29 120.664     	94 119.550     	80 120.404     	11 120.653     	74 120.771     	53 121.062     	41 120.793     	81 121.243     	30 122.400     	22 122.492     	21 122.044     	20 121.954     	35 123.182     	14 122.795     	26 123.184     	 3 121.548     	69 139.216 PIT	 2 124.416     	82 146.567 PIT	
Lap 7	42 120.139     	31 120.664     	98 120.886     	19 120.356     	29 120.360     	47 120.713     	94 120.946     	80 120.825     	11 120.896     	74 121.101     	81 120.901     	53 121.520     	41 121.207     	30 122.256     	22 122.349     	21 121.941     	20 122.326     	35 122.410     	14 122.887     	26 123.283     	 3 123.773     	69 119.973     	 2 122.748     	82 122.922     	
Lap 8	42 120.737     	31 120.165     	98 120.556     	19 120.246     	47 119.989     	29 120.222     	94 119.802     	80 121.315     	11 120.935     	53 120.932     	74 121.804     	81 121.216     	41 121.377     	21 121.975     	22 122.282     	30 122.580     	20 122.513     	35 121.006     	14 121.920     	26 122.743     	 3 123.933     	69 119.825     	 2 122.870     	82 122.338     	
Lap 9	42 120.172     	31 120.679     	29 120.366     	98 120.964     	19 120.947     	47 120.849     	94 120.852     	80 120.613     	11 121.816     	41 120.741     	74 121.330     	81 121.301     	53 121.730     	21 121.994     	22 121.885     	30 122.575     	20 122.461     	35 123.671     	14 121.992     	69 119.068     	26 122.030     	 3 122.917     	 2 123.354     	82 122.670     	
Lap 10	42 120.780     	31 120.203     	29 120.813     	47 120.597     	94 119.629     	98 120.781     	19 121.087     	80 120.390     	11 120.248     	41 121.428     	81 121.279     	74 121.697     	53 122.404     	21 122.166     	22 122.496     	30 122.602     	20 123.608     	69 120.481     	35 123.374     	14 123.479     	26 123.155     	 3 122.106     	 2 123.816     	82 122.681     	
Lap 11	42 120.095     	31 120.714     	47 120.351     	29 121.038     	98 121.010     	94 121.664     	19 121.455     	80 120.028     	11 119.810     	74 120.779     	41 121.302     	53 120.243     	81 121.816     	30 121.316     	22 122.298     	21 122.710     	69 121.500     	20 122.393     	35 122.569     	14 122.943     	26 122.346     	 3 121.928     	 2 123.529     	82 122.602     	
Lap 12	42 120.348     	31 121.430     	47 120.845     	98 120.757     	29 121.094     	19 120.907     	94 121.638     	80 121.835     	11 121.782     	74 121.808     	53 121.375     	41 121.756     	81 121.739     	21 122.344     	69 120.538     	30 122.878     	22 123.783     	20 122.383     	35 122.918     	14 122.930     	26 122.295     	 3 122.028     	 2 123.579     	82 123.049     	
Lap 13	42 120.003     	31 120.517     	47 120.985     	29 121.333     	98 121.456     	94 120.835     	19 121.399     	80 121.832     	11 121.689     	74 121.440     	41 121.378     	53 121.618     	81 121.401     	69 121.414     	30 122.183     	21 123.098     	22 121.916     	20 121.315     	35 123.013     	14 123.644     	 3 122.157     	26 123.922     	 2 124.084     	82 123.090     	
Lap 14	42 119.643     	31 120.328     	47 119.377     	29 121.349     	98 121.331     	94 121.771     	19 121.708     	80 122.024     	11 122.428     	53 121.448     	74 121.988     	41 122.257     	81 122.388     	69 121.353     	30 123.202     	22 122.504     	21 123.194     	20 122.925     	35 122.133     	26 122.067     	14 123.584     	 3 123.874     	 2 123.501     	82 122.355     	
Lap 15	42 119.823     	47 120.624     	31 121.567     	29 121.502     	98 122.360     	19 121.409     	94 121.645     	80 120.449     	11 120.602     	53 122.020     	74 122.210     	41 122.400     	81 122.324     	69 119.705     	22 122.948     	30 123.188     	21 123.330     	20 123.800     	35 122.718     	14 123.342     	26 124.240     	 3 124.817     	 2 123.870     	82 122.939     	
Lap 16	42 120.227     	31 120.402     	47 121.434     	29 121.758     	19 121.323     	98 121.880     	94 121.522     	80 120.281     	11 120.290     	53 121.767     	74 122.737     	41 122.569     	81 122.504     	69 120.491     	22 122.678     	21 122.899     	30 123.710     	20 122.335     	35 122.518     	14 123.970     	26 124.301     	 3 122.826     	 2 124.050     	82 122.618     	
Lap 17	42 120.134     	47 120.652     	31 121.801     	29 121.593     	19 121.609     	98 121.914     	94 122.155     	80 120.939     	11 121.262     	53 121.147     	41 122.268     	74 122.959     	81 122.402     	69 120.405     	22 122.444     	30 123.460     	21 124.014     	20 124.194     	35 122.226     	14 123.689     	26 124.142     	 3 125.596     	 2 124.728     	82 123.545     	
Lap 18	31 121.144     	47 121.962     	29 122.328     	94 122.190     	42 139.527 PIT	41 122.180     	69 119.890     	81 122.493     	80 138.737 PIT	19 140.896 PIT	98 140.901 PIT	11 140.119 PIT	53 140.330 PIT	30 124.064     	20 124.029     	74 141.659 PIT	35 125.093     	22 141.630 PIT	21 143.055 PIT	14 141.177 PIT	 2 124.318     	26 141.249 PIT	82 122.953     	 3 142.185 PIT	
Lap 19	94 121.839     	42 119.247     	47 140.438 PIT	31 140.749 PIT	69 121.760     	41 123.287     	80 120.209     	29 139.135 PIT	19 120.708     	11 119.452     	98 120.842     	53 120.309     	30 122.401     	74 120.917     	81 140.002 PIT	20 122.879     	35 125.390     	22 120.663     	21 121.378     	26 121.848     	14 123.095     	82 123.694     	 2 126.452     	 3 123.244     	
Lap 20	42 118.730     	47 120.749     	31 120.793     	69 122.243     	80 120.382     	29 120.749     	19 120.620     	11 120.575     	98 120.636     	94 141.330 PIT	53 119.709     	74 120.981     	81 121.721     	20 124.295     	41 142.645 PIT	22 120.647     	21 120.280     	30 142.437 PIT	35 141.592 PIT	14 122.492     	26 122.994     	82 123.121     	 3 122.870     	 2 144.987 PIT	
Lap 21	42 118.552     	31 118.916     	47 120.121     	69 121.068     	29 119.835     	80 121.115     	19 120.134     	98 120.080     	11 120.639     	94 119.347     	53 119.479     	74 119.877     	81 119.931     	41 122.349     	22 120.906     	21 120.479     	30 121.198     	35 120.995     	20 143.167 PIT	14 122.875     	26 122.758     	 3 122.503     	82 124.011     	 2 124.294     	
Lap 22	42 119.042     	31 119.862     	47 119.185     	29 119.694     	69 121.834     	80 120.839     	19 120.441     	98 120.224     	94 119.191     	11 121.563     	53 119.532     	74 119.700     	81 119.849     	41 119.752     	22 120.448     	21 120.930     	30 120.666     	35 120.534     	20 121.015     	14 122.058     	26 122.707     	 3 121.687     	82 122.146     	 2 124.479     	
Lap 23	42 119.300     	47 119.343     	31 120.413     	29 118.603     	80 120.396     	19 120.276     	69 122.412     	98 121.351     	94 120.243     	11 120.680     	53 119.553     	74 119.804     	81 120.145     	41 120.066     	22 120.600     	21 121.144     	30 120.670     	35 120.855     	20 120.841     	14 123.031     	26 122.809     	 3 122.141     	82 122.512     	 2 123.917     	
Lap 24	42 119.382     	31 119.048     	47 120.336     	29 119.273     	80 120.793     	19 120.981     	98 120.798     	94 121.197     	11 121.363     	69 122.736     	53 120.171     	74 119.749     	81 119.858     	41 120.085     	22 120.852     	21 121.151     	30 121.212     	35 121.448     	20 121.340     	14 122.942     	26 123.264     	 3 121.866     	82 122.554     	 2 124.469     	
Lap 25	42 119.099     	31 120.004     	47 119.715     	29 119.151     	19 120.772     	98 120.468     	80 122.748     	94 120.537     	11 121.913     	53 122.537     	74 119.596     	81 120.186     	41 119.953     	69 141.429 PIT	22 121.027     	21 121.237     	30 121.084     	35 120.775     	20 120.553     	14 121.962     	26 122.573     	 3 124.401     	82 123.054     	 2 124.671     	
Lap 26	42 119.145     	47 119.772     	31 120.189     	29 119.401     	19 119.407     	98 120.042     	80 120.552     	94 120.476     	11 119.300     	53 119.946     	74 119.726     	81 120.347     	41 119.909     	69 120.054     	22 121.039     	21 120.715     	30 121.116     	35 121.084     	20 120.492     	14 121.991     	26 122.114     	 3 122.180     	82 141.464 PIT	 2 123.961     	
Lap 27	42 118.945     	31 119.528     	47 120.805     	29 119.219     	19 119.113     	98 119.141     	94 119.994     	11 119.562     	80 121.296     	53 120.236     	74 120.140     	81 120.456     	41 119.553     	69 119.096     	22 121.262     	21 121.602     	30 121.366     	35 122.841     	20 122.401     	14 121.418     	26 121.594     	 3 121.684     	82 121.950     	 2 124.340     	
Lap 28	42 119.538     	31 118.982     	29 118.665     	47 120.033     	19 119.731     	98 119.248     	94 121.205     	11 120.705     	80 120.530     	53 119.883     	74 120.360     	81 120.286     	41 120.130     	69 120.045     	22 120.806     	21 121.243     	30 120.579     	20 122.204     	35 123.116     	14 121.816     	26 121.968     	 3 122.117     	82 121.625     	 2 124.790     	
Lap 29	42 119.836     	31 120.388     	29 120.116     	47 119.432     	19 119.301     	98 119.876     	80 120.338     	94 121.159     	11 121.689     	53 120.687     	74 120.416     	81 120.526     	41 119.950     	69 119.245     	22 121.247     	21 121.755     	30 120.985     	20 122.643     	35 124.107     	14 122.041     	26 122.524     	 3 122.600     	82 121.114     	 2 124.949     	
Lap 30	42 119.081     	31 120.197     	29 120.946     	47 120.872     	19 120.246     	98 119.254     	94 120.747     	80 121.811     	11 121.541     	53 120.521     	74 120.096     	81 120.558     	41 120.533     	69 119.716     	22 121.056     	21 121.169     	30 120.877     	20 121.297     	35 121.800     	14 122.505     	26 122.015     	 3 122.592     	82 121.621     	 2 124.879     	
Lap 31	42 119.659     	31 119.904     	47 120.152     	29 121.303     	19 120.727     	98 121.626     	94 120.975     	80 121.629     	11 121.068     	53 123.057     	74 120.927     	81 120.628     	41 119.945     	69 119.696     	22 121.361     	21 122.160     	30 120.990     	20 120.929     	35 122.149     	14 121.873     	26 121.886     	 3 122.605     	82 121.720     	 2 124.947     	
Lap 32	42 119.875     	31 119.911     	29 119.006     	47 120.599     	19 120.319     	98 120.025     	94 120.514     	80 121.823     	11 122.284     	53 120.469     	74 120.452     	81 120.746     	41 120.033     	69 120.368     	22 121.208     	30 121.546     	21 123.015     	20 121.038     	35 121.584     	14 122.609     	26 122.064     	 3 122.420     	82 121.893     	 2 124.828     	
Lap 33	42 119.792     	31 119.837     	29 121.294     	47 120.672     	19 119.823     	98 120.211     	94 120.124     	80 121.819     	11 121.989     	74 121.129     	53 123.358     	81 120.532     	41 120.407     	69 119.619     	22 121.765     	30 122.294     	21 122.827     	20 121.711     	35 121.510     	14 122.360     	26 122.690     	 3 122.584     	82 121.513     	 2 125.233     	
Lap 34	42 120.329     	31 120.314     	47 120.650     	29 121.234     	19 120.230     	98 120.315     	94 120.654     	80 122.043     	11 121.673     	74 121.516     	53 120.525     	81 120.389     	41 120.813     	69 120.293     	22 122.340     	30 121.548     	21 121.689     	20 121.659     	35 121.973     	14 122.443     	26 122.528     	 3 123.509     	82 121.507     	 2 125.468     	
Lap 35	42 119.940     	31 119.686     	29 119.486     	47 120.972     	19 120.894     	98 120.236     	94 120.768     	80 121.765     	11 121.695     	81 120.775     	74 122.926     	53 123.497     	41 121.119     	69 120.245     	22 122.210     	30 122.097     	21 122.651     	20 122.039     	35 122.059     	14 122.797     	26 123.241     	 3 123.022     	82 121.290     	 2 125.802     	
Lap 36	31 120.342     	42 138.901 PIT	29 120.870     	47 120.627     	19 121.224     	94 120.921     	11 122.837     	81 122.169     	98 139.248 PIT	74 123.101     	41 121.045     	69 120.272     	80 141.131 PIT	53 143.129 PIT	22 122.594     	30 122.260     	21 122.768     	20 121.935     	35 124.886     	14 122.999     	 3 123.105     	82 121.451     	26 140.973 PIT	 2 125.543     	
Lap 37	42 120.300     	31 121.704     	29 121.569     	19 121.443     	94 121.076     	47 139.745 PIT	98 120.628     	81 123.059     	69 120.464     	41 122.542     	80 119.481     	11 140.489 PIT	53 120.436     	74 142.275 PIT	30 122.185     	21 122.265     	20 121.884     	22 141.076 PIT	35 122.176     	 3 124.139     	82 122.278     	14 141.289 PIT	26 121.888     	 2 125.417     	
Lap 38	42 119.550     	94 121.126     	31 141.449 PIT	47 119.107     	29 139.962 PIT	98 118.446     	19 140.025 PIT	69 121.699     	41 123.111     	80 119.479     	11 119.252     	53 119.394     	81 140.306 PIT	74 120.574     	30 122.462     	20 122.040     	22 120.719     	35 123.057     	21 141.630 PIT	 3 123.977     	82 121.705     	14 122.098     	26 121.628     	 2 126.130     	
Lap 39	42 118.531     	31 119.633     	94 121.448     	47 118.881     	29 119.076     	98 118.801     	19 119.399     	69 120.338     	41 121.390     	80 119.129     	11 119.534     	53 119.529     	74 119.914     	81 121.499     	30 122.986     	22 120.733     	35 122.931     	21 121.456     	20 141.766 PIT	82 122.053     	14 122.616     	26 122.569     	 3 143.372 PIT	 2 126.061     	
Lap 40	42 118.611     	47 119.539     	31 120.210     	29 119.354     	98 119.292     	19 119.403     	69 120.819     	80 119.314     	94 141.116 PIT	11 119.856     	53 119.580     	74 120.208     	81 119.938     	41 140.314 PIT	22 120.775     	21 120.334     	30 141.411 PIT	20 121.436     	35 141.314 PIT	82 121.864     	14 122.574     	26 122.558     	 3 121.590     	 2 126.936     	
Lap 41	42 119.035     	31 119.509     	47 119.814     	29 119.311     	98 119.076     	19 118.592     	69 121.055     	80 120.594     	94 120.796     	11 119.365     	53 120.203     	74 121.306     	81 121.336     	41 119.648     	22 120.810     	21 120.755     	30 120.822     	20 120.474     	35 121.849     	82 122.804     	14 122.375     	26 122.273     	 3 121.935     	 2 145.473 PIT	
Lap 42	42 119.362     	47 119.281     	31 120.038     	29 119.202     	98 119.223     	19 119.407     	69 121.120     	80 120.929     	11 119.564     	53 119.688     	74 120.647     	81 121.677     	41 119.960     	94 145.707 PIT	22 120.760     	21 120.774     	30 120.617     	20 120.692     	35 121.041     	82 122.279     	14 122.963     	26 122.778     	 3 122.174     	 2 124.428     	
Lap 43	42 118.768     	31 119.653     	29 119.278     	47 120.655     	98 118.762     	19 119.589     	69 120.872     	80 120.098     	11 119.801     	53 120.045     	74 119.649     	81 120.790     	41 120.869     	94 120.057     	22 120.491     	21 121.805     	30 120.921     	20 120.437     	35 120.601     	82 122.384     	14 122.998     	26 123.375     	 3 122.002     	 2 123.583     	
Lap 44	42 119.585     	31 120.194     	29 120.229     	47 120.237     	98 118.856     	19 119.160     	69 121.613     	11 119.199     	80 120.288     	53 119.859     	74 119.839     	81 120.619     	41 120.247     	94 119.480     	22 121.173     	30 121.169     	21 122.656     	20 121.198     	35 121.313     	14 122.770     	26 123.471     	 3 121.846     	82 140.445 PIT	 2 124.049     	
Lap 45	42 119.237     	29 120.047     	31 120.353     	47 120.095     	98 119.881     	19 119.740     	80 120.067     	11 120.901     	53 120.597     	74 120.132     	81 121.212     	41 121.067     	69 140.517 PIT	94 119.385     	22 120.769     	30 120.949     	21 120.955     	20 121.498     	35 121.499     	14 121.686     	26 121.408     	 3 122.237     	82 121.544     	 2 124.559     	
Lap 46	42 119.513     	29 120.165     	98 120.066     	47 120.736     	31 120.853     	19 119.263     	80 121.176     	11 121.715     	53 120.332     	74 119.788     	41 121.168     	81 121.528     	69 121.436     	94 119.198     	22 121.366     	30 120.456     	21 121.261     	20 121.461     	35 120.957     	14 122.943     	26 123.015     	 3 122.262     	82 121.507     	 2 124.717     	
Lap 47	42 119.004     	29 120.774     	31 119.996     	47 120.550     	98 121.149     	19 119.996     	80 119.793     	11 119.696     	53 120.614     	74 120.640     	41 120.977     	81 121.046     	69 120.257     	94 119.869     	22 121.578     	30 120.573     	21 121.270     	20 120.818     	35 121.662     	14 121.705     	26 121.659     	 3 122.080     	82 121.109     	 2 124.233     	
Lap 48	42 119.924     	31 120.785     	29 121.137     	98 120.355     	47 120.709     	19 119.515     	80 120.141     	11 120.044     	53 120.877     	74 120.761     	69 119.963     	41 121.013     	81 121.437     	94 119.545     	22 120.891     	30 120.959     	21 121.255     	20 121.104     	35 121.144     	14 122.032     	26 122.377     	 3 121.726     	82 120.874     	 2 124.011     	
Lap 49	42 119.333     	47 120.248     	31 121.106     	29 120.979     	98 121.285     	19 120.065     	80 120.310     	11 120.068     	53 120.590     	74 121.004     	69 121.290     	41 121.216     	81 121.752     	94 119.337     	22 121.427     	30 121.423     	21 121.775     	20 121.343     	35 121.930     	14 122.079     	26 122.516     	 3 122.120     	82 121.434     	 2 124.634     	
Lap 50	42 119.809     	31 120.567     	47 121.230     	98 120.713     	29 121.358     	19 121.866     	80 121.369     	11 121.494     	53 120.551     	74 120.646     	69 121.060     	41 121.293     	81 120.087     	94 119.806     	22 121.844     	30 120.783     	21 121.650     	20 121.748     	35 122.021     	14 122.565     	26 122.925     	 3 122.338     	82 121.902     	 2 124.285     	
Lap 51	42 120.049     	29 120.347     	31 121.290     	47 121.141     	98 120.800     	19 120.455     	80 120.657     	11 120.064     	53 120.449     	74 120.832     	69 120.593     	94 119.470     	81 121.331     	41 121.659     	22 121.813     	30 121.697     	21 121.350     	20 121.816     	35 122.147     	14 122.058     	26 123.012     	82 122.984     	 3 123.841     	 2 124.965     	
Lap 52	42 120.336     	29 121.185     	47 121.094     	98 121.110     	31 121.496     	19 120.194     	80 122.187     	11 121.785     	53 121.083     	74 120.734     	69 119.497     	41 120.870     	94 121.676     	81 121.597     	22 121.708     	30 120.950     	21 121.480     	20 122.127     	35 122.229     	14 122.138     	26 122.402     	82 122.587     	 3 122.692     	 2 125.114     	
Lap 53	42 119.967     	47 120.871     	29 121.035     	31 120.948     	98 121.513     	19 121.589     	80 122.229     	11 122.663     	53 120.882     	74 121.020     	69 119.644     	94 121.096     	41 121.459     	81 122.044     	22 121.705     	30 121.436     	21 121.726     	20 122.177     	35 122.090     	14 122.344     	26 122.936     	82 122.539     	 3 123.515     	 2 124.622     	
Lap 54	42 120.539     	29 121.612     	47 121.775     	31 121.536     	19 121.697     	98 140.428 PIT	11 122.464     	74 121.432     	69 119.616     	94 121.114     	41 121.721     	81 121.064     	80 140.293 PIT	53 140.267 PIT	22 121.941     	30 121.439     	21 122.499     	20 122.448     	35 122.019     	14 122.897     	82 122.191     	 3 122.687     	26 141.074 PIT	 2 125.445     	
Lap 55	42 139.074 PIT	31 121.272     	29 121.592     	19 122.282     	98 119.300     	47 139.835 PIT	11 121.593     	69 120.570     	94 121.336     	80 119.857     	41 122.325     	81 122.612     	53 119.579     	74 140.210 PIT	30 121.970     	21 122.513     	22 140.784 PIT	20 122.557     	35 122.135     	82 121.616     	 3 123.409     	14 141.540 PIT	26 121.610     	 2 124.976     	

-- OFFICIAL RESULTS --
Pos	#No	Driver						Team					Time		Diff		Pits	Best
01	#42	OOS	Frank Oosterhout		Cows Go Moo Racing		1:50:40.188	-0.000		3		118.531
02	#31	ŠAŊ	xap'ít celentir šaŋév	Team Solea Racing		1:51:01.318	-21.130		2		118.916
03	#29	ALU	Sago Aludetsei			Dotruga Formula Racing	1:51:01.452	-21.264		2		118.603
04	#19	ZAI	khélok atep zailunaɰ	Team Solea Racing		1:51:03.297	-23.109		2		118.592
05	#98	MOT	Gorga Motxev			Dotruga Formula Racing	1:51:18.531	-38.343		3		118.446
06	#47	PAV	ketila léqa pavúteka	Team Solea Racing		1:51:19.739	-39.551		3		118.881
07	#11	KEG	Tuto Keget				Dotruga Formula Racing	1:51:26.683	-46.495		2		119.199
08	#69	SAN	Marisa Sanchez			Cows Go Moo Racing		1:51:33.480	-53.292		3		119.068
09	#94	NES	At'ipi Nesbeksë			Team Diigikwk Racers	1:51:40.777	-60.589		3		119.191
10	#80	AYA	Ifloenne é Aya			Team V.V. Imperial		1:51:42.277	-62.089		3		119.129
11	#41	CAN	Olga Candy				Cows Go Moo Racing		1:51:42.397	-62.209		2		119.553
12	#81	KÆR	Lyǽs Kæræsekæræn		Team V.V. Imperial		1:51:43.076	-62.888		2		119.849
13	#53	TÀC	Ešuro Tàcràɰë			Team Diigikwk Racers	1:51:44.356	-64.168		3		119.394
14	#74	KON	Bařàsiz Konoca			Team Diigikwk Racers	1:51:50.761	-70.572		3		119.596
15	#30	WIS	Josh Wise				BONGATAR				1:52:16.135	-95.947		2		120.456
16	#21	ORS	Orson					Team Vincent			1:52:22.650	-102.461	2		120.280
17	#22	PHI	Philipe					Team Vincent			1:52:25.328	-105.140	3		120.448
18	#20	MAC	Mac						Team Vincent			1:52:28.118	-107.930	2		120.437
19	#35	AKA	Asaúni Akaleta			Team Vikasani			1:52:40.647	-120.459	2		120.534
20	#82	SAN	Nukki Savra Sanda		Team V.V. Imperial		1:53:07.514	-147.326	3		120.874
21	# 3	BOB	Bob						BONGATAR				1:53:11.174	-150.986	2		121.548
22	#14	HÚC	Daseno Húctu			Team Vikasani			1:53:17.350	-157.162	3		121.418
23	#26	ILI	Rikvisi Iliria			Team Vikasani			1:53:19.560	-159.372	3		121.408
24	# 2	HID	Body Hide				BONGATAR				1:54:52.176	-251.988	2		122.748

-- RACE INCIDENT REPORT --
Olga Candy made a mistake while attempting an overtake on lap 3.
Marisa Sanchez made a pit stop to repair damage caused by a large incident while attempting an overtake on lap 6.
Nukki Savra Sanda made a pit stop to repair damage caused by a large incident while attempting an overtake on lap 6.
Philipe made a mistake while attempting an overtake on lap 12.
Ifloenne é Aya made a mistake while attempting an overtake on lap 25.
Tuto Keget made a mistake while attempting an overtake on lap 25.
Asaúni Akaleta made a mistake on lap 36.
At'ipi Nesbeksë made a pit stop to repair damage caused by a large incident while attempting an overtake on lap 42.
