-- LAP TIMES --
Lap 0	47 0.000     	29 0.000     	19 0.100     	31 0.100     	98 0.200     	94 0.200     	42 0.300     	74 0.300     	11 0.400     	41 0.400     	21 0.500     	22 0.500     	53 0.600     	20 0.600     	30 0.700     	26 0.700     	69 0.800     	80 0.800     	81 0.900     	35 0.900     	 3 1.000     	14 1.000     	 2 1.100     	82 1.100     	
Lap 1	47 54.744     	98 54.839     	29 55.095     	19 55.332     	31 55.657     	94 55.582     	53 55.342     	42 55.651     	74 55.667     	21 55.599     	22 55.620     	11 55.745     	41 55.822     	20 55.672     	35 55.466     	81 55.503     	30 56.073     	69 56.028     	80 56.082     	26 56.435     	82 56.300     	 3 56.776     	 2 56.679     	14 57.744     	
Lap 2	47 55.412     	29 55.328     	98 55.500     	31 54.879     	11 55.088     	19 55.812     	94 55.817     	74 55.679     	53 55.781     	22 55.604     	42 55.963     	20 55.658     	81 55.620     	21 55.967     	35 55.755     	41 56.018     	69 55.518     	30 55.863     	80 55.980     	26 56.017     	 3 56.359     	82 56.937     	 2 57.031     	14 56.079     	
Lap 3	47 55.764     	29 55.527     	31 55.548     	98 55.710     	11 55.597     	19 55.642     	22 55.323     	94 55.658     	21 55.445     	74 55.894     	69 55.210     	35 55.497     	41 55.404     	20 55.759     	42 55.790     	53 55.988     	81 56.351     	80 55.646     	30 56.042     	26 56.448     	14 55.880     	82 56.520     	 3 56.729     	 2 56.784     	
Lap 4	47 54.796     	31 55.067     	29 55.662     	11 55.074     	98 55.728     	19 55.748     	22 55.687     	94 55.527     	20 55.355     	41 55.542     	42 55.502     	21 55.992     	74 55.973     	69 55.995     	53 55.906     	35 56.386     	81 55.772     	30 55.984     	80 56.187     	26 56.657     	14 56.149     	 3 56.026     	82 56.752     	 2 56.731     	
Lap 5	31 55.040     	47 55.765     	29 55.373     	98 55.673     	11 55.812     	94 55.135     	19 55.568     	22 55.956     	69 55.185     	42 55.909     	74 55.828     	20 56.312     	41 56.181     	53 55.799     	21 56.058     	81 55.640     	35 56.257     	80 55.586     	30 56.204     	14 55.577     	26 56.326     	 3 56.044     	82 56.573     	 2 57.104     	
Lap 6	47 54.813     	31 55.101     	29 55.024     	98 55.389     	94 55.233     	19 54.952     	11 55.551     	42 55.341     	69 55.971     	41 55.472     	53 55.474     	74 55.595     	20 55.980     	21 56.152     	81 55.951     	35 55.621     	22 57.267     	30 55.115     	80 56.332     	14 56.297     	26 56.415     	 3 56.722     	82 55.975     	 2 56.833     	
Lap 7	47 55.387     	31 55.699     	29 55.270     	94 55.584     	98 55.823     	19 55.344     	11 56.127     	42 55.331     	69 55.317     	41 55.421     	53 55.711     	74 55.903     	21 56.228     	35 56.351     	20 55.646     	30 56.306     	81 55.742     	22 55.827     	80 55.353     	14 55.811     	26 56.140     	 3 56.210     	82 56.174     	
Lap 8	47 55.210     	29 55.180     	31 55.494     	19 55.163     	98 55.306     	42 55.140     	11 55.896     	69 55.665     	53 55.316     	41 55.883     	74 55.553     	20 55.997     	81 55.523     	22 55.432     	80 55.503     	30 55.707     	21 56.094     	35 55.842     	14 56.489     	26 55.955     	 3 56.691     	82 56.903     	 2 56.744     	
Lap 9	47 55.708     	29 55.522     	31 55.607     	19 55.164     	98 55.800     	42 55.892     	11 55.851     	53 55.265     	69 55.786     	74 55.183     	41 55.822     	80 55.661     	81 56.132     	20 56.273     	22 56.151     	21 56.235     	30 56.568     	35 56.646     	14 55.681     	26 56.236     	 3 56.282     	82 56.872     	 2 56.917     	
Lap 10	47 55.026     	29 55.573     	31 55.605     	19 55.315     	98 55.740     	53 55.394     	42 55.942     	11 55.666     	74 55.326     	69 56.060     	41 55.630     	81 55.772     	80 55.823     	20 55.735     	22 55.777     	21 55.591     	30 56.021     	35 56.154     	14 56.028     	26 56.394     	 3 56.000     	82 56.232     	 2 56.828     	
Lap 11	47 55.791     	29 55.214     	31 55.003     	19 55.215     	98 55.604     	53 55.377     	74 55.574     	11 55.862     	42 55.936     	69 55.288     	41 55.768     	81 55.636     	80 56.281     	20 56.277     	22 56.178     	21 55.945     	30 55.756     	35 56.683     	14 56.025     	26 56.303     	 3 55.846     	82 56.186     	 2 56.878     	
Lap 12	47 55.167     	31 54.982     	29 55.800     	19 55.896     	98 55.604     	74 55.346     	53 56.065     	42 55.831     	11 56.093     	69 56.125     	41 55.888     	81 55.536     	22 55.749     	21 55.635     	20 56.242     	80 56.358     	30 55.448     	35 55.887     	14 55.357     	26 56.275     	 3 56.487     	82 56.195     	 2 57.301     	
Lap 13	31 55.018     	47 55.634     	29 55.595     	19 55.759     	98 55.025     	74 55.313     	53 56.229     	69 55.681     	42 56.114     	11 55.999     	41 56.326     	81 56.027     	22 55.956     	21 55.826     	20 56.198     	30 55.925     	80 56.418     	35 56.392     	14 55.866     	26 56.141     	 3 56.693     	82 56.056     	 2 56.688     	
Lap 14	31 55.192     	47 55.187     	29 55.978     	19 55.829     	74 54.698     	98 56.127     	53 55.380     	11 55.308     	42 55.954     	69 55.970     	41 55.832     	81 55.720     	22 56.080     	21 55.979     	30 55.909     	20 56.450     	80 56.270     	14 55.814     	35 56.051     	26 55.770     	 3 56.726     	82 57.116     	 2 56.426     	
Lap 15	31 55.491     	47 55.091     	29 55.203     	19 55.325     	74 55.428     	98 55.633     	53 56.150     	11 55.908     	69 55.666     	42 56.102     	81 55.831     	41 56.313     	22 56.147     	80 55.446     	21 56.514     	30 56.244     	20 55.837     	14 55.883     	35 55.909     	26 56.011     	 3 55.623     	82 55.993     	 2 57.301     	
Lap 16	47 55.204     	31 55.307     	29 56.019     	19 56.183     	74 56.098     	98 55.776     	11 55.257     	53 55.969     	69 55.955     	42 55.606     	41 55.482     	81 55.780     	22 55.789     	21 55.785     	80 56.058     	30 56.212     	20 56.400     	35 56.285     	14 56.574     	26 55.650     	 3 56.254     	82 55.772     	 2 56.743     	
Lap 17	31 55.121     	47 55.277     	29 55.492     	19 55.769     	74 55.563     	98 56.309     	11 55.487     	53 55.324     	69 55.707     	42 56.127     	41 56.211     	81 56.350     	22 55.652     	21 55.961     	80 56.093     	30 56.426     	20 56.554     	14 55.796     	35 56.141     	26 56.102     	 3 55.848     	82 55.922     	 2 56.612     	
Lap 18	47 55.545     	31 55.883     	29 54.578     	19 55.331     	74 55.451     	98 56.048     	11 55.712     	53 56.126     	69 55.422     	42 55.441     	41 56.406     	81 56.401     	22 56.256     	21 56.397     	80 56.041     	30 56.437     	20 56.016     	14 55.699     	35 56.441     	26 56.108     	 3 56.151     	82 56.581     	 2 57.183     	
Lap 19	47 55.215     	31 55.310     	29 54.591     	19 55.600     	74 56.168     	98 56.045     	11 55.757     	69 55.819     	42 55.419     	53 56.157     	41 55.892     	22 55.476     	81 56.246     	21 56.326     	80 56.391     	30 56.548     	14 55.887     	35 56.019     	20 58.177     	26 55.266     	 3 56.244     	82 56.438     	 2 56.844     	
Lap 20	31 55.370     	47 56.037     	29 55.568     	19 54.998     	74 55.596     	98 56.030     	11 55.794     	69 55.648     	42 55.799     	53 56.322     	41 55.812     	22 55.730     	81 56.124     	21 56.314     	80 55.508     	30 55.998     	14 56.532     	35 56.265     	20 56.281     	26 56.302     	 3 55.704     	82 56.021     	
Lap 21	47 55.418     	31 55.951     	29 54.966     	19 54.775     	74 54.850     	11 55.770     	98 55.942     	69 56.167     	42 56.186     	53 56.549     	41 55.678     	22 56.125     	81 55.894     	80 56.093     	30 56.158     	14 55.957     	35 56.249     	20 56.122     	26 56.720     	 3 56.217     	82 56.418     	 2 56.739     	
Lap 22	29 55.088     	31 55.396     	47 55.888     	19 54.986     	74 55.234     	98 55.415     	11 56.079     	69 55.838     	42 55.897     	53 56.294     	41 56.264     	22 55.575     	81 56.617     	80 55.332     	30 55.927     	14 57.040     	35 56.664     	20 56.418     	26 56.361     	 3 55.919     	82 56.220     	 2 57.360     	
Lap 23	31 55.437     	29 55.777     	47 55.614     	19 55.026     	74 55.330     	98 56.061     	11 55.745     	69 55.627     	42 56.038     	53 56.000     	41 55.952     	22 55.941     	80 55.207     	81 56.380     	30 55.993     	14 56.394     	35 55.821     	20 56.441     	26 56.164     	 3 55.713     	82 56.590     	 2 56.845     	
Lap 24	31 55.271     	29 55.499     	47 55.295     	19 55.290     	74 55.285     	98 55.972     	11 56.388     	69 56.424     	42 55.859     	53 55.766     	22 55.712     	41 56.168     	80 56.355     	81 55.863     	30 56.113     	14 56.409     	35 56.585     	20 56.078     	26 57.099     	 3 56.449     	82 55.918     	 2 57.348     	
Lap 25	31 55.726     	29 55.487     	47 55.511     	19 54.831     	74 55.629     	98 55.469     	11 55.592     	42 55.621     	69 56.346     	53 55.211     	22 55.898     	41 56.146     	80 56.422     	81 56.779     	30 56.052     	14 56.149     	20 56.128     	35 56.529     	26 56.393     	 3 57.039     	82 56.161     	 2 56.846     	
Lap 26	29 55.371     	47 55.351     	31 55.938     	19 55.708     	74 55.905     	98 55.587     	11 56.638     	42 55.576     	69 56.162     	53 56.550     	22 55.813     	41 56.069     	80 56.487     	81 56.499     	30 56.077     	14 55.976     	20 56.067     	35 56.699     	26 56.112     	 3 57.605     	82 56.788     	 2 57.626     	
Lap 27	29 55.351     	47 55.577     	31 55.419     	19 55.359     	74 55.711     	98 55.483     	42 56.156     	11 56.270     	69 56.308     	53 56.601     	22 55.832     	41 56.206     	80 56.710     	81 55.866     	30 56.050     	14 56.632     	20 56.375     	35 56.869     	26 55.921     	 3 56.731     	82 56.740     	 2 57.414     	
Lap 28	29 55.453     	47 55.684     	31 55.840     	19 55.957     	74 55.108     	98 55.000     	11 55.862     	42 56.431     	69 56.294     	53 56.576     	22 56.631     	41 56.267     	81 56.099     	80 56.302     	30 55.973     	20 56.075     	14 56.487     	35 56.316     	26 56.718     	 3 56.613     	82 56.486     	 2 56.890     	
Lap 29	47 55.724     	29 56.367     	31 55.588     	19 56.153     	74 55.843     	98 55.332     	11 55.911     	42 56.246     	69 55.986     	53 56.164     	22 55.909     	41 56.376     	80 56.121     	81 56.704     	30 55.544     	20 55.916     	14 56.284     	35 56.163     	26 56.878     	 3 56.156     	82 56.924     	 2 57.175     	
Lap 30	29 55.960     	31 55.884     	47 56.167     	19 55.696     	74 55.209     	98 55.020     	11 55.654     	42 55.588     	69 56.336     	53 55.884     	22 55.819     	41 55.413     	80 56.070     	81 56.076     	30 56.342     	20 56.806     	14 56.435     	35 55.912     	26 56.120     	 3 56.004     	82 56.019     	 2 57.048     	
Lap 31	29 55.496     	47 55.603     	31 55.712     	19 55.039     	74 55.465     	98 55.469     	11 56.351     	42 56.524     	69 56.138     	53 55.697     	22 56.642     	41 56.583     	30 55.967     	80 56.912     	81 56.700     	14 56.551     	20 56.681     	35 56.521     	26 56.223     	 3 56.657     	82 56.134     	 2 57.478     	
Lap 32	29 55.557     	47 55.657     	31 55.783     	19 55.674     	74 56.008     	98 55.017     	11 56.590     	42 55.947     	69 56.415     	53 56.637     	22 55.865     	41 56.322     	30 56.546     	80 56.684     	81 56.802     	20 56.305     	14 57.068     	26 55.946     	35 57.403     	 3 56.538     	82 56.570     	 2 57.808     	
Lap 33	29 56.206     	47 56.429     	31 56.375     	19 56.481     	74 55.755     	98 55.901     	11 56.354     	42 57.576     	69 56.754     	53 56.361     	22 56.074     	41 55.934     	80 56.191     	30 57.089     	81 57.019     	20 56.842     	14 56.299     	26 56.983     	35 56.785     	 3 56.384     	82 57.007     	 2 57.638     	
Lap 34	47 55.761     	29 56.344     	31 56.136     	19 55.978     	74 55.452     	98 55.256     	11 55.326     	42 56.033     	69 56.029     	53 56.063     	22 56.210     	41 56.747     	80 56.936     	30 56.829     	81 57.339     	20 56.904     	14 57.088     	26 56.269     	35 56.922     	 3 56.902     	82 56.949     	 2 57.890     	
Lap 35	47 55.896     	19 55.922     	29 56.505     	31 56.182     	74 55.352     	98 55.922     	11 55.672     	42 56.569     	69 56.248     	53 55.903     	22 56.020     	41 56.175     	80 56.695     	30 56.625     	81 56.360     	20 56.347     	14 56.919     	26 56.707     	35 56.708     	 3 56.661     	82 57.141     	 2 57.691     	
Lap 36	47 55.745     	19 55.673     	31 56.276     	29 56.520     	74 55.318     	98 55.595     	11 56.231     	42 55.995     	69 56.058     	22 55.943     	53 56.876     	41 56.291     	30 56.630     	80 57.079     	81 56.868     	20 56.375     	14 56.410     	26 57.222     	35 57.212     	 3 57.045     	82 56.493     	 2 57.223     	
Lap 37	47 55.979     	74 56.034     	31 56.563     	11 55.802     	42 56.598     	22 56.734     	19 75.109 PIT	29 74.974 PIT	98 73.812 PIT	30 56.377     	81 55.825     	20 56.820     	35 57.007     	 3 56.954     	69 74.729 PIT	53 75.252 PIT	82 57.150     	41 74.560 PIT	80 74.344 PIT	14 74.851 PIT	26 73.986 PIT	 2 57.593     	
Lap 38	47 55.832     	74 56.146     	11 56.029     	42 56.862     	22 56.168     	19 55.744     	29 55.855     	31 74.878 PIT	98 54.709     	69 55.372     	 3 57.254     	53 55.674     	41 55.491     	80 55.454     	81 73.604 PIT	30 75.868 PIT	20 75.060 PIT	14 56.574     	26 56.607     	35 74.427 PIT	82 74.294 PIT	 2 76.223 PIT	
Lap 39	47 56.123     	74 55.585     	11 56.188     	22 56.782     	19 55.147     	29 55.308     	31 55.065     	98 55.304     	69 55.257     	53 55.534     	42 74.609 PIT	41 55.245     	 3 58.896     	80 55.348     	81 56.296     	30 55.843     	20 55.561     	14 55.525     	26 55.654     	35 56.002     	82 56.524     	 2 56.574     	
Lap 40	74 55.946     	11 55.784     	19 55.001     	47 73.857 PIT	29 55.227     	22 57.066     	98 55.165     	31 55.676     	69 55.017     	41 55.445     	42 55.468     	53 56.011     	80 55.677     	81 55.441     	30 55.877     	20 55.842     	14 56.051     	26 55.599     	35 55.089     	82 55.959     	 3 75.417 PIT	 2 56.691     	
Lap 41	11 56.520     	19 55.473     	47 55.598     	29 55.826     	98 55.813     	31 56.047     	74 75.083 PIT	69 55.070     	41 55.625     	42 55.170     	22 75.406 PIT	53 55.711     	80 54.964     	81 55.171     	30 55.454     	20 55.782     	14 55.475     	26 56.345     	35 55.161     	82 56.098     	 3 56.067     	
Lap 42	19 55.599     	47 55.439     	29 55.810     	98 55.776     	31 55.662     	74 54.999     	69 55.372     	11 74.457 PIT	41 55.305     	53 56.252     	80 55.075     	22 56.062     	81 55.741     	30 54.953     	20 55.683     	14 55.494     	26 56.347     	35 56.616     	82 56.092     	 3 56.170     	 2 57.093     	
Lap 43	19 55.345     	47 55.623     	98 54.911     	29 55.693     	74 55.241     	31 55.398     	69 56.038     	11 56.029     	41 55.103     	53 54.649     	22 55.349     	80 55.971     	81 55.335     	30 55.800     	20 55.544     	14 56.406     	26 57.571     	82 55.785     	 3 56.203     	35 74.873 PIT	 2 56.277     	
Lap 44	19 55.245     	47 55.053     	98 54.988     	74 55.235     	31 55.316     	29 55.840     	69 56.113     	11 56.174     	41 54.810     	53 55.191     	22 55.437     	80 55.713     	81 55.840     	30 55.015     	20 55.711     	14 55.669     	26 55.302     	82 55.566     	 3 56.233     	35 55.449     	 2 56.961     	
Lap 45	19 55.247     	47 54.980     	98 55.179     	29 55.101     	31 55.243     	74 55.907     	69 56.036     	11 55.830     	41 56.187     	53 54.801     	22 55.535     	80 55.639     	30 54.981     	81 56.158     	20 55.090     	14 55.540     	26 55.217     	82 56.285     	 3 55.546     	35 55.212     	 2 56.296     	
Lap 46	19 55.087     	47 55.667     	98 54.405     	31 54.975     	29 55.737     	74 55.433     	11 55.434     	69 55.925     	41 55.764     	53 55.918     	22 55.374     	80 55.660     	30 56.091     	81 56.610     	20 55.322     	14 55.235     	26 55.081     	82 56.114     	 3 55.644     	35 54.906     	 2 56.729     	
Lap 47	19 55.250     	98 54.801     	47 55.367     	31 55.020     	29 55.751     	74 55.768     	11 55.560     	69 55.967     	41 55.704     	53 56.696     	22 54.928     	80 54.987     	30 55.667     	81 56.442     	20 55.521     	14 55.590     	26 55.515     	82 55.596     	 3 55.714     	35 55.842     	 2 56.413     	
Lap 48	98 55.063     	19 55.811     	47 55.666     	31 54.708     	74 55.399     	29 55.942     	11 55.783     	69 55.665     	41 55.828     	53 55.152     	22 54.711     	80 55.510     	30 55.248     	81 55.878     	20 55.858     	14 55.791     	26 55.838     	82 56.217     	 3 56.328     	35 55.826     	 2 56.326     	
Lap 49	98 55.232     	19 55.782     	47 55.387     	31 55.101     	29 55.073     	74 56.077     	11 55.396     	69 56.185     	41 55.792     	53 56.587     	22 55.515     	80 55.872     	30 55.637     	81 55.401     	20 54.919     	14 55.995     	26 55.884     	82 55.559     	 3 56.217     	35 55.339     	 2 56.525     	
Lap 50	19 55.682     	31 55.178     	47 55.620     	98 57.753     	29 55.935     	74 56.018     	11 55.513     	69 55.414     	41 55.610     	53 55.561     	22 56.079     	80 54.993     	30 55.901     	81 55.707     	20 55.821     	14 55.551     	26 55.713     	82 55.829     	 3 55.786     	35 55.539     	 2 57.229     	
Lap 51	19 55.320     	31 55.600     	98 54.819     	47 55.875     	29 55.330     	74 55.156     	11 55.539     	69 55.880     	41 56.058     	53 55.097     	22 55.107     	80 54.975     	30 55.789     	81 55.965     	20 55.787     	14 55.339     	26 55.338     	82 55.681     	 3 55.781     	35 55.028     	 2 56.602     	
Lap 52	19 55.567     	47 55.249     	31 55.919     	98 56.014     	29 55.834     	74 55.858     	11 55.225     	69 56.031     	41 56.333     	53 56.435     	22 55.419     	80 55.823     	30 55.631     	81 55.806     	20 55.831     	14 55.562     	26 55.781     	82 56.520     	 3 55.535     	35 55.003     	 2 57.085     	
Lap 53	19 55.160     	47 55.042     	31 55.232     	98 55.980     	29 55.617     	74 56.074     	11 55.233     	69 56.002     	41 55.853     	53 55.561     	22 55.336     	80 55.304     	30 55.495     	81 55.869     	20 55.347     	14 55.499     	26 55.966     	82 55.825     	 3 56.327     	35 55.787     	 2 57.046     	
Lap 54	19 55.461     	47 55.265     	31 55.573     	98 54.641     	29 54.776     	74 54.811     	11 56.525     	69 55.866     	41 55.842     	53 56.167     	22 56.038     	80 55.158     	30 55.604     	81 55.919     	20 55.860     	14 55.394     	26 56.076     	82 56.293     	 3 56.368     	35 55.734     	 2 57.367     	
Lap 55	47 55.221     	19 55.356     	31 55.368     	98 56.231     	29 55.141     	74 55.378     	11 54.787     	69 55.820     	22 55.521     	53 55.924     	41 56.372     	80 56.078     	30 55.598     	81 55.971     	20 55.391     	14 55.974     	26 55.323     	82 55.910     	 3 55.958     	35 55.456     	 2 56.532     	
Lap 56	19 55.509     	47 55.862     	31 55.555     	98 54.736     	29 55.227     	74 55.412     	11 55.250     	69 55.496     	22 55.743     	53 55.975     	41 56.025     	80 55.261     	30 55.384     	81 56.368     	20 55.876     	14 55.834     	26 56.030     	82 56.541     	 3 56.112     	35 55.732     	 2 57.273     	
Lap 57	19 55.419     	47 55.325     	31 55.506     	98 55.726     	29 55.431     	74 54.965     	11 55.231     	69 55.111     	22 55.879     	53 55.528     	41 55.913     	80 55.875     	30 55.837     	81 56.404     	20 56.401     	14 55.954     	26 56.158     	82 56.598     	 3 55.826     	35 55.268     	 2 57.280     	
Lap 58	47 55.615     	19 55.933     	31 55.353     	98 55.815     	29 55.029     	74 55.616     	11 55.040     	69 55.849     	53 55.778     	22 56.000     	41 55.703     	80 55.766     	30 56.128     	20 55.841     	81 56.511     	14 56.051     	26 55.645     	82 56.224     	 3 56.515     	35 55.971     	 2 57.427     	
Lap 59	47 55.687     	19 55.598     	31 55.990     	98 56.055     	29 55.493     	74 55.104     	11 55.491     	69 55.536     	41 55.570     	53 56.022     	80 55.603     	22 56.320     	30 55.673     	20 55.810     	81 56.511     	14 56.281     	26 55.325     	82 56.367     	 3 55.856     	35 55.198     	 2 56.636     	
Lap 60	47 55.432     	19 55.770     	31 55.995     	98 55.533     	29 55.708     	74 54.957     	11 55.638     	69 55.384     	53 55.750     	22 55.367     	41 56.443     	80 56.506     	30 55.872     	20 55.252     	81 56.566     	14 56.543     	26 55.906     	82 56.433     	 3 55.956     	35 55.462     	 2 57.124     	
Lap 61	19 54.948     	47 55.498     	31 55.665     	29 55.270     	98 55.887     	74 55.827     	11 54.872     	69 55.124     	53 56.057     	22 56.189     	80 55.670     	41 56.461     	30 55.596     	20 55.978     	81 56.107     	14 55.848     	26 55.331     	82 56.288     	35 56.183     	 3 56.957     	 2 57.430     	
Lap 62	19 55.279     	47 55.354     	31 55.792     	29 55.741     	98 55.741     	74 56.259     	11 55.328     	69 56.913     	53 56.193     	22 56.410     	80 56.055     	41 56.586     	30 55.683     	20 55.703     	81 55.891     	14 56.790     	26 56.277     	82 55.919     	35 56.455     	 3 57.289     	 2 56.724     	
Lap 63	19 55.643     	47 55.856     	31 56.038     	29 55.747     	98 55.735     	74 54.991     	11 55.752     	69 55.667     	22 55.920     	80 55.879     	53 56.360     	41 55.410     	30 55.580     	20 56.082     	81 55.540     	14 56.100     	26 56.132     	82 56.617     	35 55.202     	 3 56.022     	 2 57.578     	
Lap 64	19 55.514     	47 55.520     	31 55.487     	29 55.721     	98 56.199     	74 56.075     	11 55.218     	69 55.679     	80 56.075     	53 56.058     	22 56.482     	41 56.211     	30 55.611     	20 56.041     	81 56.198     	14 56.650     	26 56.900     	35 55.464     	82 56.427     	 3 56.002     	 2 56.735     	
Lap 65	19 55.957     	47 57.985     	31 56.157     	29 55.913     	74 55.397     	98 56.264     	11 54.886     	69 55.536     	80 55.914     	53 55.872     	22 55.884     	41 55.811     	30 55.612     	20 55.888     	81 55.699     	14 56.593     	26 56.667     	35 56.559     	82 57.454     	 3 55.713     	 2 57.560     	
Lap 66	19 55.734     	47 55.290     	29 55.753     	31 56.277     	74 55.860     	98 55.962     	11 55.690     	69 56.123     	80 56.172     	53 56.403     	22 56.183     	41 56.108     	30 55.484     	20 56.140     	81 55.450     	14 56.576     	26 56.708     	35 56.154     	 3 56.516     	82 57.433     	 2 57.301     	
Lap 67	19 55.134     	47 55.502     	29 55.514     	31 56.011     	74 55.862     	98 56.538     	11 55.022     	69 55.499     	80 55.949     	53 56.386     	22 56.452     	41 56.459     	30 55.830     	20 55.904     	81 56.048     	14 56.571     	26 56.913     	35 56.067     	 3 56.802     	82 56.673     	 2 57.173     	
Lap 68	19 55.033     	47 55.845     	29 56.167     	31 55.459     	74 55.682     	98 55.750     	11 55.746     	69 55.550     	53 55.793     	80 56.559     	22 56.245     	41 56.162     	30 56.104     	20 56.166     	81 56.050     	14 55.587     	26 56.366     	35 55.819     	 3 57.054     	82 56.871     	 2 57.527     	
Lap 69	19 55.283     	47 55.087     	29 55.576     	31 55.766     	74 55.407     	98 55.056     	11 55.659     	69 55.847     	80 56.001     	53 56.437     	22 55.902     	41 56.251     	30 55.655     	20 55.506     	81 56.132     	14 55.827     	26 56.534     	35 55.946     	82 56.734     	 3 57.112     	 2 57.616     	
Lap 70	19 55.421     	47 55.274     	29 56.354     	74 56.003     	31 56.323     	98 56.710     	11 55.187     	69 55.687     	53 56.100     	22 56.529     	80 57.012     	41 56.125     	30 56.264     	20 56.164     	81 55.979     	14 55.628     	26 55.886     	35 56.145     	82 56.670     	 3 56.899     	 2 57.312     	
Lap 71	19 55.313     	47 54.866     	29 56.229     	31 56.472     	74 56.618     	98 55.601     	11 55.104     	69 55.458     	53 55.898     	80 56.379     	30 56.174     	41 56.638     	22 56.688     	20 55.814     	81 56.323     	14 55.970     	26 55.993     	35 55.900     	 3 56.320     	82 57.029     	 2 57.560     	
Lap 72	19 55.137     	47 55.808     	29 56.233     	31 56.029     	74 56.053     	98 56.652     	11 55.566     	69 55.690     	53 55.671     	30 56.211     	80 56.421     	22 56.527     	41 56.819     	20 55.792     	81 56.462     	14 56.158     	26 56.402     	35 55.666     	82 56.820     	 3 57.392     	 2 57.573     	
Lap 73	19 56.036     	47 55.563     	29 56.051     	74 55.740     	31 56.121     	98 56.088     	11 55.368     	69 55.519     	53 55.724     	22 55.841     	80 56.695     	30 57.155     	41 56.360     	20 56.249     	81 56.297     	14 56.209     	26 56.360     	35 56.395     	 3 56.261     	82 57.501     	 2 57.038     	
Lap 74	47 55.486     	29 56.193     	74 56.431     	31 56.245     	98 56.029     	11 55.410     	19 74.358 PIT	53 55.560     	22 56.571     	30 56.380     	20 55.884     	81 55.753     	69 74.496 PIT	14 56.165     	26 56.421     	80 73.936 PIT	41 75.916 PIT	35 55.553     	 3 56.788     	82 56.645     	 2 57.560     	
Lap 75	47 55.788     	74 55.797     	31 56.257     	98 56.245     	11 55.569     	19 55.375     	29 75.344 PIT	53 55.564     	22 55.977     	30 56.238     	69 56.018     	80 55.586     	41 55.346     	35 55.526     	20 75.748 PIT	81 74.282 PIT	14 73.888 PIT	26 74.381 PIT	 3 56.771     	82 75.014 PIT	 2 76.407 PIT	
Lap 76	47 55.660     	74 55.898     	31 55.868     	98 56.194     	11 55.517     	19 54.932     	29 55.285     	53 56.406     	22 56.600     	69 54.702     	80 55.050     	41 55.530     	30 75.165 PIT	35 56.503     	20 55.589     	81 55.063     	14 55.846     	26 56.245     	 3 57.646     	82 55.731     	 2 56.754     	
Lap 77	74 56.852     	11 55.362     	19 54.857     	47 74.222 PIT	29 54.526     	31 75.171 PIT	98 74.495 PIT	53 56.160     	22 55.492     	69 54.870     	80 54.979     	41 55.942     	30 56.149     	20 55.767     	81 55.452     	35 57.040     	14 54.919     	26 55.500     	 3 56.531     	82 55.840     	 2 56.875     	
Lap 78	74 56.006     	11 55.814     	19 54.403     	47 54.690     	29 54.371     	31 55.323     	98 55.381     	22 55.749     	69 54.817     	80 54.814     	53 74.498 PIT	41 54.670     	30 55.054     	20 56.031     	81 56.022     	35 56.813     	14 55.837     	26 55.251     	 3 56.821     	82 56.022     	 2 56.632     	
Lap 79	74 55.914     	11 55.906     	19 55.010     	47 55.186     	29 54.885     	31 55.201     	98 55.593     	22 56.430     	69 55.608     	80 55.192     	53 55.506     	41 55.201     	30 55.632     	20 56.242     	81 56.598     	35 56.225     	14 55.328     	26 55.736     	 3 56.960     	82 55.582     	 2 56.753     	
Lap 80	74 56.114     	19 55.212     	47 54.291     	29 54.710     	31 54.882     	98 55.179     	11 75.546 PIT	69 55.592     	80 55.742     	53 54.639     	41 54.705     	30 55.318     	22 74.560 PIT	20 55.304     	81 55.661     	14 54.989     	35 56.547     	26 54.981     	 3 57.159     	82 55.574     	 2 57.069     	
Lap 81	74 55.784     	19 54.773     	47 54.966     	29 54.993     	31 55.186     	98 54.738     	11 55.022     	69 54.674     	80 55.929     	53 55.692     	41 55.503     	30 55.739     	22 55.575     	20 55.810     	81 55.747     	14 55.945     	35 56.767     	26 55.864     	82 55.545     	 3 75.246 PIT	 2 56.761     	
Lap 82	74 55.875     	19 54.590     	47 54.385     	29 54.980     	31 54.936     	98 55.354     	11 54.802     	69 55.038     	80 55.756     	53 56.411     	41 55.009     	30 55.872     	22 56.247     	20 55.764     	81 55.647     	14 55.471     	35 55.975     	26 55.306     	82 55.903     	 3 56.131     	 2 56.895     	
Lap 83	19 55.721     	47 54.629     	29 54.832     	31 55.175     	98 54.510     	74 75.565 PIT	11 54.987     	69 55.081     	80 55.864     	53 55.710     	41 55.450     	30 55.936     	22 56.133     	20 55.448     	81 55.244     	14 55.237     	35 56.390     	26 55.748     	82 55.951     	 3 55.679     	 2 56.718     	
Lap 84	19 54.871     	47 54.873     	29 54.993     	31 55.864     	98 55.467     	11 55.546     	74 55.968     	69 55.264     	80 55.606     	41 55.443     	53 55.963     	30 55.247     	22 55.199     	20 55.797     	81 55.416     	14 55.144     	26 55.447     	35 74.619 PIT	82 55.513     	 3 56.009     	 2 57.198     	
Lap 85	19 54.494     	47 54.496     	29 55.123     	98 55.636     	31 55.809     	74 55.555     	11 55.612     	69 55.691     	80 55.628     	41 56.298     	53 56.038     	30 55.405     	22 54.973     	20 56.289     	81 55.766     	14 56.261     	26 55.219     	35 55.616     	82 55.568     	 3 55.540     	 2 57.035     	
Lap 86	19 55.253     	47 54.505     	29 54.889     	98 55.945     	31 55.965     	74 55.151     	11 55.805     	69 55.162     	80 55.395     	53 55.726     	41 55.767     	30 56.186     	22 55.754     	81 55.777     	20 56.171     	14 55.467     	26 55.927     	35 55.206     	82 55.755     	 3 56.165     	 2 56.317     	
Lap 87	19 55.427     	47 54.450     	29 54.980     	31 55.337     	98 55.727     	74 55.742     	11 56.356     	69 55.332     	80 55.191     	41 55.607     	53 55.752     	22 55.473     	30 56.234     	81 56.100     	20 56.201     	14 56.628     	26 55.238     	35 55.240     	82 56.058     	 3 55.872     	 2 57.116     	
Lap 88	19 55.003     	47 54.582     	29 55.468     	31 55.228     	98 56.178     	74 55.239     	11 55.494     	69 55.116     	80 55.403     	41 55.808     	53 56.210     	22 55.951     	30 55.806     	20 55.871     	81 56.404     	14 55.567     	26 55.645     	35 55.594     	82 55.847     	 3 56.093     	 2 56.550     	
Lap 89	19 55.259     	47 55.636     	29 54.630     	31 55.276     	98 55.273     	74 55.148     	11 54.625     	69 55.757     	80 55.715     	41 55.494     	53 56.007     	22 55.936     	30 55.868     	20 55.786     	81 56.112     	14 55.408     	26 55.121     	35 55.195     	82 56.150     	 3 56.016     	 2 56.673     	
Lap 90	19 55.930     	47 55.565     	29 55.317     	31 54.819     	98 55.157     	74 54.739     	11 55.494     	69 55.319     	80 55.026     	41 55.682     	53 55.656     	22 55.739     	30 55.935     	20 55.720     	81 55.630     	14 55.766     	26 55.346     	35 55.057     	82 56.341     	 3 55.440     	 2 56.407     	
Lap 91	19 55.143     	47 55.401     	29 54.794     	31 54.922     	98 54.937     	74 54.579     	11 54.920     	69 55.329     	80 55.633     	41 55.697     	53 55.172     	22 56.025     	30 55.881     	20 56.450     	14 55.743     	81 56.137     	26 55.908     	35 55.220     	82 56.129     	 3 55.932     	 2 56.581     	
Lap 92	19 55.640     	47 55.565     	29 55.209     	31 54.947     	98 55.072     	74 54.720     	11 55.472     	69 54.965     	80 55.768     	41 55.615     	53 56.132     	22 56.049     	30 55.598     	14 56.217     	20 56.279     	81 56.463     	26 55.706     	35 55.745     	82 56.110     	 3 55.763     	 2 57.406     	
Lap 93	19 55.855     	47 55.405     	29 55.259     	31 54.792     	98 55.346     	74 55.527     	11 55.330     	69 55.468     	80 55.500     	41 55.254     	53 55.306     	22 55.914     	30 56.171     	20 55.888     	14 55.959     	81 56.273     	26 56.165     	35 55.275     	82 55.927     	 3 55.944     	 2 56.471     	
Lap 94	19 55.213     	47 55.632     	29 54.984     	31 55.287     	98 54.955     	74 55.526     	11 54.955     	69 55.582     	80 55.983     	41 55.138     	53 54.851     	22 55.363     	30 55.431     	20 55.723     	14 56.698     	81 56.298     	26 56.104     	35 54.983     	82 55.716     	 3 55.916     	 2 56.742     	
Lap 95	19 55.519     	47 55.200     	29 54.938     	31 54.698     	98 55.163     	74 54.772     	11 54.984     	69 55.213     	80 55.455     	41 55.742     	53 56.803     	30 55.847     	22 56.271     	20 55.668     	14 56.178     	81 56.635     	26 55.302     	35 55.771     	82 56.183     	 3 55.699     	 2 56.692     	
Lap 96	47 55.167     	19 55.967     	29 55.158     	31 54.909     	98 54.816     	74 55.027     	11 55.236     	69 55.727     	80 55.259     	41 55.697     	53 55.608     	30 56.177     	22 56.091     	20 56.027     	14 56.187     	26 55.816     	81 56.670     	35 55.910     	82 56.038     	 3 55.652     	 2 57.009     	
Lap 97	47 55.190     	19 55.138     	29 54.831     	31 54.871     	98 55.044     	74 55.204     	11 55.596     	69 55.501     	80 55.245     	41 55.919     	53 55.506     	22 55.894     	30 55.932     	20 55.997     	14 56.014     	26 56.359     	81 56.712     	35 55.459     	82 56.008     	 3 56.180     	 2 56.659     	
Lap 98	19 55.089     	47 55.405     	29 55.204     	31 55.189     	98 55.313     	74 54.901     	11 55.112     	69 55.587     	80 55.184     	41 55.983     	53 55.546     	30 55.408     	22 56.423     	20 55.809     	14 55.757     	26 56.578     	81 56.795     	35 55.378     	82 56.247     	 3 55.562     	 2 57.084     	
Lap 99	19 55.501     	47 55.677     	29 54.862     	31 54.773     	98 55.484     	74 54.855     	11 55.749     	69 56.602     	80 55.502     	41 56.042     	53 56.303     	30 56.235     	22 56.281     	20 55.806     	14 56.250     	81 55.303     	35 55.350     	26 74.616 PIT	82 56.578     	 3 56.273     	 2 57.556     	
Lap 100	47 55.282     	19 55.517     	29 54.780     	31 54.881     	98 55.517     	74 55.495     	11 54.797     	69 55.275     	80 56.170     	41 55.414     	53 55.056     	30 55.584     	22 55.434     	20 55.619     	14 55.606     	81 56.219     	35 55.658     	26 55.787     	82 56.716     	 3 56.268     	 2 57.289     	
Lap 101	47 55.360     	19 55.496     	29 55.711     	31 55.005     	98 55.278     	74 55.450     	11 55.348     	69 56.068     	80 55.497     	41 55.834     	53 56.043     	30 56.193     	22 55.860     	20 56.089     	14 56.085     	81 56.108     	35 55.989     	26 55.192     	82 56.387     	 3 56.329     	 2 56.788     	
Lap 102	19 54.827     	47 55.834     	29 54.992     	31 55.605     	98 54.964     	74 55.604     	11 55.250     	69 55.397     	80 56.124     	41 55.888     	53 55.546     	30 56.403     	22 55.929     	20 55.985     	14 55.356     	81 55.360     	35 55.846     	26 55.888     	82 56.114     	 3 56.088     	 2 57.085     	
Lap 103	19 55.745     	47 55.267     	29 54.979     	31 55.127     	98 54.817     	74 55.335     	11 55.346     	69 55.865     	80 56.284     	41 56.082     	53 56.226     	22 55.687     	30 56.566     	20 55.549     	14 55.822     	81 55.408     	35 55.188     	26 55.127     	82 56.737     	 3 55.747     	 2 56.852     	
Lap 104	47 55.343     	19 55.951     	29 55.411     	31 55.681     	98 54.889     	74 55.571     	11 55.516     	69 55.559     	80 55.976     	41 56.026     	53 56.695     	22 56.122     	30 56.464     	20 56.310     	14 56.170     	81 55.420     	35 55.619     	26 55.301     	82 56.869     	 3 55.984     	 2 57.540     	
Lap 105	19 55.059     	47 55.774     	29 55.772     	31 55.264     	98 55.465     	74 55.384     	11 55.888     	69 55.953     	80 56.325     	41 55.797     	53 55.787     	22 55.535     	30 55.571     	20 56.346     	14 55.770     	81 55.652     	35 55.725     	26 55.457     	82 56.818     	 3 56.168     	 2 57.617     	
Lap 106	47 55.233     	19 55.972     	29 55.300     	31 55.506     	98 55.105     	74 55.088     	11 55.279     	69 55.350     	80 55.899     	41 55.382     	53 55.897     	22 55.265     	30 56.125     	20 55.582     	14 55.532     	81 55.856     	35 55.259     	26 55.197     	82 57.001     	 3 56.249     	 2 57.044     	
Lap 107	19 55.321     	47 55.858     	29 55.625     	31 55.225     	98 54.948     	74 55.499     	11 55.710     	69 55.909     	80 55.473     	41 55.756     	53 55.992     	22 56.058     	30 56.296     	20 56.725     	14 57.115     	81 56.415     	35 55.649     	26 55.118     	 3 55.986     	82 57.151     	 2 57.553     	
Lap 108	47 55.361     	19 56.282     	29 55.859     	31 54.946     	98 55.207     	74 55.174     	11 55.391     	69 55.635     	80 56.087     	41 55.702     	53 55.779     	22 56.077     	30 55.824     	20 55.567     	14 55.887     	81 56.467     	35 55.644     	26 55.852     	 3 56.578     	82 57.109     	 2 57.047     	
Lap 109	47 56.302     	19 55.875     	29 55.529     	31 55.716     	98 55.825     	74 55.119     	11 55.081     	69 56.328     	80 55.688     	41 55.641     	53 55.558     	22 56.120     	30 55.990     	20 56.229     	14 55.984     	81 56.256     	35 55.850     	26 55.280     	 3 56.493     	82 56.973     	 2 57.856     	
Lap 110	47 55.646     	19 55.473     	29 55.783     	31 55.550     	98 55.802     	74 55.576     	11 55.420     	69 55.721     	80 56.194     	41 56.328     	53 55.433     	22 55.554     	30 56.637     	20 55.550     	14 56.317     	81 56.512     	35 56.093     	26 55.245     	 3 55.847     	82 56.865     	 2 57.225     	

-- OFFICIAL RESULTS --
Pos	#No	Driver						Team					Time		Diff		Pits	Best
01	#47	PAV	ketila léqa pavúteka	Team Solea Racing		1:42:15.617	-0.000		2		54.291
02	#19	ZAI	khélok atep zailunaɰ	Team Solea Racing		1:42:15.692	-0.075		2		54.403
03	#29	ALU	Sago Aludetsei			Dotruga Formula Racing	1:42:17.965	-2.348		2		54.371
04	#31	ŠAŊ	xap'ít celentir šaŋév	Team Solea Racing		1:42:23.343	-7.726		2		54.698
05	#98	MOT	Gorga Motxev			Dotruga Formula Racing	1:42:26.043	-10.426		2		54.405
06	#74	KON	Bařàsiz Konoca			Team Diigikwk Racers	1:42:29.750	-14.132		2		54.579
07	#11	KEG	Tuto Keget				Dotruga Formula Racing	1:42:33.520	-17.902		2		54.625
08	#69	SAN	Marisa Sanchez			Cows Go Moo Racing		1:42:44.943	-29.326		2		54.674
09	#80	AYA	Ifloenne é Aya			Team V.V. Imperial		1:42:59.807	-44.189		2		54.814
10	#41	CAN	Olga Candy				Cows Go Moo Racing		1:43:02.405	-46.788		2		54.670
11	#53	TÀC	Ešuro Tàcràɰë			Team Diigikwk Racers	1:43:03.723	-48.106		2		54.639
12	#22	PHI	Philipe					Team Vincent			1:43:09.602	-53.985		2		54.711
13	#30	WIS	Josh Wise				BONGATAR				1:43:12.585	-56.968		2		54.953
14	#20	MAC	Mac						Team Vincent			1:43:17.276	-61.659		2		54.919
15	#14	HÚC	Daseno Húctu			Team Vikasani			1:43:19.462	-63.845		2		54.919
16	#81	KÆR	Lyǽs Kæræsekæræn		Team V.V. Imperial		1:43:21.569	-65.951		2		55.063
17	#35	AKA	Asaúni Akaleta			Team Vikasani			1:43:29.665	-74.048		3		54.906
18	#26	ILI	Rikvisi Iliria			Team Vikasani			1:43:33.541	-77.924		3		54.981
19	# 3	BOB	Bob						BONGATAR				1:43:53.574	-97.957		2		55.440
20	#82	SAN	Nukki Savra Sanda		Team V.V. Imperial		1:43:55.785	-100.168	2		55.513
21	# 2	HID	Body Hide				BONGATAR				1:45:12.300	-176.683	2		56.277
22	#21	ORS	Orson					Team Vincent			RETIRED		DNF			0		55.445
23	#94	NES	At'ipi Nesbeksë			Team Diigikwk Racers	RETIRED		DNF			0		55.135
24	#42	OOS	Frank Oosterhout		Cows Go Moo Racing		RETIRED		DNF			1		55.140

-- RACE INCIDENT REPORT --
Daseno Húctu made a mistake while attempting an overtake on lap 1.
Philipe made a mistake while attempting an overtake on lap 6.
At'ipi Nesbeksë crashed out while attempting an overtake on lap 7.
Mac made a mistake while attempting an overtake on lap 19.
Orson crashed out while attempting an overtake on lap 20.
Bob made a mistake on lap 26.
Frank Oosterhout made a mistake while attempting an overtake on lap 33.
Bob made a mistake while attempting an overtake on lap 39.
Frank Oosterhout crashed out while attempting an overtake on lap 41.
Rikvisi Iliria made a mistake while attempting an overtake on lap 43.
Asaúni Akaleta made a pit stop to repair damage caused by a large incident while attempting an overtake on lap 43.
Gorga Motxev made a mistake while attempting an overtake on lap 50.
Body Hide made a mistake while attempting an overtake on lap 50.
Tuto Keget made a mistake on lap 54.
Marisa Sanchez made a mistake on lap 62.
ketila léqa pavúteka made a mistake while attempting an overtake on lap 65.
Marisa Sanchez made a mistake on lap 99.
Rikvisi Iliria made a pit stop to repair damage caused by a large incident on lap 99.
