-- LAP TIMES --
Lap 0	42 0.000     	80 0.000     	31 0.100     	81 0.100     	47 0.200     	19 0.200     	29 0.300     	69 0.300     	98 0.400     	41 0.400     	11 0.500     	74 0.500     	94 0.600     	53 0.600     	30 0.700     	22 0.700     	82 0.800     	21 0.800     	35 0.900     	14 0.900     	26 1.000     	20 1.000     	 2 1.100     	 3 1.100     	
Lap 1	47 90.066     	80 90.506     	19 90.317     	42 90.653     	31 90.577     	29 90.758     	41 90.875     	98 91.056     	81 91.363     	94 90.976     	69 91.518     	11 91.444     	74 91.527     	53 91.457     	30 91.524     	22 92.052     	 3 91.835     	20 92.048     	82 92.266     	35 92.471     	21 92.573     	 2 92.443     	14 92.894     	26 92.910     	
Lap 2	47 90.191     	42 89.959     	31 90.488     	19 90.656     	80 90.960     	29 90.824     	98 90.883     	41 91.241     	81 91.233     	69 91.145     	74 90.980     	94 91.577     	30 91.216     	11 91.771     	53 91.674     	 3 91.636     	22 91.972     	82 92.285     	20 92.681     	35 92.486     	21 92.560     	 2 92.551     	14 92.714     	26 93.055     	
Lap 3	47 90.122     	42 90.771     	19 90.485     	31 90.937     	80 91.085     	29 90.882     	98 90.568     	41 90.795     	81 91.074     	74 91.190     	69 91.264     	30 91.078     	94 91.492     	11 91.268     	53 91.386     	22 92.187     	 3 92.453     	82 92.430     	20 92.113     	35 92.386     	21 92.430     	 2 92.583     	14 92.913     	26 92.845     	
Lap 4	47 90.475     	42 90.257     	31 90.536     	19 91.096     	80 90.409     	29 91.249     	98 91.309     	41 91.325     	74 90.972     	81 91.444     	69 91.083     	30 91.413     	94 91.491     	11 91.591     	53 92.570     	22 92.596     	 3 92.589     	82 92.163     	20 92.752     	35 92.625     	21 92.740     	 2 93.200     	14 92.673     	26 93.342     	
Lap 5	47 90.917     	42 90.859     	80 90.194     	31 90.755     	19 91.056     	29 90.944     	98 91.432     	41 91.338     	81 90.785     	69 91.079     	74 91.718     	30 91.503     	94 91.533     	53 90.428     	11 91.804     	 3 92.514     	22 92.755     	82 92.727     	20 92.238     	21 92.057     	35 92.713     	 2 92.680     	14 92.634     	26 93.282     	
Lap 6	47 90.958     	42 90.438     	80 90.571     	31 91.071     	19 91.232     	29 91.501     	41 91.021     	81 91.237     	98 91.603     	69 91.663     	74 91.427     	94 90.764     	30 91.394     	53 91.688     	11 92.035     	 3 91.923     	22 92.249     	20 92.212     	82 92.586     	21 92.476     	35 92.523     	 2 92.976     	14 93.635     	26 93.452     	
Lap 7	42 90.314     	47 90.570     	80 90.835     	31 90.646     	19 90.980     	29 91.143     	98 91.135     	81 91.547     	41 91.805     	69 91.409     	94 91.304     	74 91.682     	30 91.248     	53 91.359     	11 91.744     	 3 92.402     	22 92.865     	82 92.265     	20 92.787     	21 92.899     	35 93.454     	 2 92.972     	14 93.569     	26 92.949     	
Lap 8	42 91.096     	47 90.854     	80 90.613     	31 91.244     	19 91.368     	29 91.242     	98 91.217     	81 91.466     	41 91.671     	69 91.185     	94 91.182     	74 91.437     	30 91.497     	53 91.393     	11 91.842     	 3 92.240     	22 92.000     	82 92.713     	20 92.622     	21 92.427     	35 93.249     	 2 93.579     	14 93.229     	26 92.678     	
Lap 9	80 89.466     	47 90.828     	42 90.891     	31 89.569     	19 90.179     	29 91.328     	98 91.268     	81 91.600     	41 91.839     	94 91.391     	69 91.671     	30 91.693     	74 92.023     	11 90.765     	53 92.997     	 3 92.621     	22 92.522     	82 91.954     	20 92.706     	21 92.355     	35 92.205     	 2 92.026     	14 92.825     	26 92.927     	
Lap 10	80 91.082     	47 90.708     	42 91.252     	31 91.057     	19 90.390     	29 90.835     	98 91.183     	69 91.095     	81 91.605     	41 91.362     	94 91.646     	30 91.259     	74 92.084     	11 91.890     	53 92.910     	 3 92.638     	82 92.037     	22 92.737     	20 92.353     	21 92.876     	35 92.378     	 2 92.274     	14 92.953     	26 93.404     	
Lap 11	42 90.484     	80 91.302     	47 91.239     	31 91.345     	19 91.513     	29 90.854     	98 90.022     	81 91.055     	69 91.245     	94 91.123     	41 91.511     	30 91.223     	74 91.188     	11 90.473     	53 91.004     	 3 92.328     	82 92.813     	22 92.485     	20 93.031     	21 92.356     	35 93.128     	 2 93.233     	14 93.503     	26 93.396     	
Lap 12	47 90.609     	42 91.346     	80 91.543     	31 90.292     	19 90.743     	98 91.487     	29 91.829     	94 91.169     	81 91.806     	69 91.657     	41 92.051     	30 92.109     	74 91.801     	11 92.493     	53 91.270     	 3 92.579     	22 91.979     	82 92.644     	20 92.952     	21 93.116     	35 92.632     	 2 92.134     	14 92.962     	26 93.482     	
Lap 13	47 90.863     	42 90.469     	80 91.124     	31 91.259     	19 90.344     	29 90.961     	98 91.845     	81 91.534     	69 91.566     	94 92.051     	41 92.109     	30 92.156     	11 90.528     	74 91.768     	53 90.624     	 3 92.504     	22 93.173     	82 93.398     	21 92.694     	20 93.032     	35 93.591     	 2 93.445     	14 92.777     	26 92.977     	
Lap 14	47 91.115     	42 91.413     	80 91.187     	31 91.063     	19 91.215     	29 91.153     	98 92.548     	81 91.099     	69 91.745     	94 91.328     	41 91.645     	74 91.120     	11 91.931     	30 92.124     	53 90.868     	 3 92.620     	22 92.268     	82 93.652     	21 92.955     	20 93.422     	 2 93.074     	35 93.687     	14 92.814     	26 93.763     	
Lap 15	47 91.348     	42 91.101     	31 90.905     	80 91.655     	19 91.681     	29 90.519     	98 91.585     	81 91.347     	94 91.338     	69 91.495     	74 91.490     	41 92.180     	30 91.411     	11 92.388     	53 93.418     	22 91.546     	 3 92.578     	82 92.389     	21 92.986     	20 93.003     	 2 93.693     	35 94.011     	14 92.853     	26 93.744     	
Lap 16	47 91.566     	42 91.595     	31 91.386     	80 91.593     	19 91.118     	29 90.749     	98 91.695     	81 91.322     	69 91.423     	94 92.183     	74 91.734     	41 91.771     	30 92.156     	53 90.737     	11 93.159     	22 93.012     	 3 93.388     	82 92.222     	21 92.656     	20 93.343     	 2 93.300     	35 93.845     	14 92.493     	26 93.382     	
Lap 17	42 90.863     	47 91.547     	31 91.331     	80 91.216     	19 91.148     	29 90.313     	98 91.425     	81 91.969     	69 91.725     	94 91.349     	41 91.523     	74 92.033     	30 91.625     	11 90.939     	53 92.885     	22 93.404     	 3 92.789     	82 92.469     	21 92.497     	20 92.273     	 2 93.278     	35 93.728     	14 93.898     	26 93.254     	
Lap 18	42 90.891     	47 91.012     	31 91.759     	80 91.517     	19 92.014     	29 90.451     	98 92.058     	81 91.331     	94 91.359     	69 92.317     	41 91.923     	74 92.448     	30 91.957     	53 92.567     	11 93.517     	22 92.561     	82 91.660     	 3 93.265     	21 92.338     	20 92.504     	 2 93.315     	35 93.804     	14 93.991     	26 93.737     	
Lap 19	42 91.163     	47 91.220     	31 91.546     	80 91.275     	29 91.425     	19 91.536     	98 92.092     	81 92.032     	94 91.877     	69 92.388     	41 92.296     	30 91.812     	74 92.390     	53 91.715     	11 93.024     	22 93.011     	82 92.630     	 3 92.782     	21 92.861     	20 92.138     	 2 93.240     	35 93.734     	14 94.012     	26 93.699     	
Lap 20	42 91.121     	47 91.025     	80 91.072     	31 91.363     	19 91.921     	29 92.459     	98 91.554     	81 92.409     	94 91.803     	69 91.489     	30 91.955     	41 92.429     	74 91.920     	53 91.682     	11 90.965     	82 92.963     	22 93.415     	 3 92.901     	21 93.054     	20 93.318     	 2 92.787     	35 94.087     	14 93.548     	26 93.647     	
Lap 21	42 91.275     	47 90.923     	80 91.876     	31 92.415     	19 91.854     	29 92.092     	98 92.409     	81 92.045     	94 92.341     	69 92.438     	41 92.517     	74 92.234     	30 92.735     	53 92.115     	11 92.354     	82 92.796     	 3 93.326     	22 93.800     	21 93.383     	20 94.286     	 2 93.434     	35 93.669     	14 93.592     	26 94.316     	
Lap 22	42 91.575     	47 91.771     	80 92.295     	31 92.593     	19 91.515     	29 91.733     	98 91.834     	94 91.128     	81 92.059     	69 91.552     	30 91.626     	41 92.074     	74 93.011     	53 91.669     	11 91.212     	82 92.791     	22 92.747     	 3 93.130     	21 92.514     	20 92.898     	 2 93.679     	35 93.852     	14 93.937     	26 94.254     	
Lap 23	47 91.082     	42 91.848     	80 91.641     	31 92.139     	19 91.857     	29 92.575     	98 92.250     	94 92.398     	81 92.356     	69 91.729     	41 92.203     	30 92.524     	74 92.537     	53 92.877     	11 93.112     	82 92.429     	 3 93.484     	22 93.730     	21 92.379     	20 92.694     	 2 93.206     	14 93.878     	35 94.188     	26 94.474     	
Lap 24	42 90.794     	47 92.159     	80 91.288     	19 92.667     	81 92.266     	69 92.249     	30 92.175     	41 92.880     	74 92.996     	53 92.403     	31 110.710 PIT	29 110.707 PIT	98 110.278 PIT	94 111.973 PIT	82 92.321     	11 111.745 PIT	21 93.464     	22 93.930     	20 92.621     	35 94.581     	26 93.855     	 3 112.556 PIT	 2 112.592 PIT	14 112.901 PIT	
Lap 25	42 91.790     	19 91.718     	47 110.568 PIT	80 109.495 PIT	31 89.944     	29 90.309     	98 90.218     	94 90.599     	81 110.948 PIT	69 111.358 PIT	30 111.151 PIT	41 111.563 PIT	11 91.378     	74 112.015 PIT	53 112.608 PIT	22 93.397     	21 94.300     	20 92.724     	82 111.096 PIT	35 93.408     	 3 93.000     	26 94.881     	 2 92.796     	14 92.666     	
Lap 26	42 91.388     	19 91.429     	47 89.755     	80 90.069     	31 89.621     	29 90.404     	98 90.381     	94 90.170     	81 91.246     	69 91.432     	30 90.917     	41 90.376     	11 90.960     	74 92.075     	22 112.713 PIT	20 114.067 PIT	35 111.675 PIT	53 92.511     	 3 90.687     	21 94.068     	26 93.471     	 2 92.288     	82 92.736     	
Lap 27	47 89.814     	42 109.806 PIT	80 90.604     	31 90.829     	29 89.687     	19 110.584 PIT	98 90.065     	94 90.490     	81 90.511     	69 91.091     	30 90.969     	41 91.897     	11 90.662     	53 90.359     	 3 90.913     	22 92.976     	21 112.131 PIT	20 92.303     	 2 91.946     	14 91.503     	35 92.668     	82 114.387 PIT	26 112.818 PIT	
Lap 28	47 89.599     	42 89.629     	80 89.448     	31 89.463     	29 89.873     	19 89.725     	98 90.497     	94 90.342     	81 89.883     	69 89.917     	30 90.144     	41 91.316     	11 91.298     	53 90.725     	 3 90.724     	22 91.446     	20 92.362     	21 93.202     	 2 91.957     	14 91.568     	35 91.711     	82 91.069     	26 93.465     	
Lap 29	47 90.088     	42 90.576     	80 90.595     	31 89.809     	29 90.559     	19 90.021     	98 90.155     	94 89.935     	81 90.634     	69 90.807     	30 89.977     	41 91.226     	11 91.550     	53 90.057     	 3 90.759     	22 91.603     	20 92.173     	21 92.370     	 2 91.855     	14 92.419     	35 92.101     	82 91.513     	26 92.834     	
Lap 30	47 89.531     	42 90.870     	80 90.732     	31 90.808     	29 90.700     	19 90.068     	98 89.724     	94 90.318     	81 90.547     	69 90.496     	30 90.891     	41 90.691     	11 91.137     	53 93.840     	 3 91.227     	22 91.332     	20 92.283     	21 92.621     	 2 92.165     	14 91.854     	35 92.279     	82 93.170     	26 93.222     	
Lap 31	47 89.665     	42 90.943     	80 90.613     	31 91.135     	29 89.991     	19 89.682     	98 90.579     	94 90.721     	81 89.790     	69 90.458     	30 90.798     	41 90.255     	11 90.581     	53 90.346     	 3 91.327     	22 91.318     	20 91.253     	21 92.001     	 2 92.577     	14 91.812     	35 91.735     	82 91.653     	26 92.488     	
Lap 32	47 90.168     	42 90.475     	80 91.246     	31 91.405     	29 90.070     	19 89.946     	98 90.763     	94 90.888     	81 90.362     	69 90.133     	30 90.753     	41 90.353     	11 90.311     	53 90.204     	 3 91.109     	22 91.229     	20 91.557     	21 91.454     	 2 91.773     	14 92.240     	35 91.392     	82 91.577     	26 93.313     	
Lap 33	47 89.422     	42 89.203     	80 91.118     	31 90.667     	29 90.860     	19 90.510     	98 90.821     	94 90.908     	81 89.977     	69 90.795     	30 90.986     	41 90.132     	11 90.973     	53 90.214     	 3 91.133     	22 91.778     	20 92.072     	21 91.723     	 2 92.742     	14 92.535     	35 92.337     	82 91.342     	26 93.188     	
Lap 34	47 90.265     	42 89.639     	31 90.450     	80 91.120     	29 91.025     	19 90.576     	98 90.128     	81 91.164     	94 91.649     	69 90.329     	30 90.357     	41 90.479     	11 90.434     	53 90.287     	 3 91.052     	22 91.214     	20 91.769     	21 91.464     	 2 92.587     	14 92.028     	35 93.300     	82 92.888     	26 92.762     	
Lap 35	47 90.009     	42 89.979     	31 91.370     	80 91.570     	19 90.107     	29 91.332     	98 90.767     	81 91.153     	94 91.102     	69 90.700     	30 90.822     	41 90.420     	11 90.837     	53 90.813     	 3 91.289     	22 91.432     	20 91.845     	21 91.340     	 2 92.179     	14 92.704     	35 93.143     	82 93.113     	26 93.621     	
Lap 36	47 90.278     	42 89.716     	31 90.787     	80 91.552     	29 91.059     	19 91.327     	98 90.631     	94 90.291     	81 91.219     	69 90.886     	30 90.595     	41 90.592     	11 90.372     	53 90.363     	 3 91.827     	22 91.821     	20 93.208     	21 93.085     	 2 92.269     	14 92.178     	35 93.181     	82 93.023     	26 93.228     	
Lap 37	47 89.666     	42 90.152     	31 89.885     	80 91.027     	29 91.230     	19 91.804     	98 90.738     	94 92.006     	81 91.560     	69 91.187     	30 90.856     	41 90.403     	11 90.957     	53 91.050     	 3 91.156     	22 91.711     	20 92.635     	21 92.928     	 2 92.481     	14 92.647     	35 92.709     	82 93.204     	26 92.779     	
Lap 38	47 90.554     	42 89.647     	31 90.182     	80 91.711     	29 91.597     	19 91.301     	98 90.975     	81 91.181     	94 91.803     	69 91.142     	30 91.159     	41 90.782     	11 90.815     	53 90.562     	 3 91.646     	22 91.446     	20 93.212     	21 93.162     	 2 92.086     	14 92.646     	35 93.330     	82 93.168     	26 92.920     	
Lap 39	47 90.512     	42 89.462     	31 90.053     	80 91.648     	19 91.184     	29 91.787     	98 90.634     	94 91.297     	81 91.837     	69 91.349     	30 91.840     	41 92.434     	11 90.955     	53 91.073     	 3 91.276     	22 91.921     	20 92.614     	21 92.850     	 2 92.758     	14 92.393     	35 93.410     	82 93.387     	26 93.553     	
Lap 40	47 89.997     	42 90.036     	31 90.485     	80 91.256     	19 91.638     	29 91.417     	98 90.963     	81 91.851     	94 92.083     	69 91.602     	30 91.081     	41 90.450     	11 91.069     	53 91.076     	 3 91.583     	22 92.311     	20 91.977     	21 91.955     	 2 92.935     	14 92.627     	35 93.363     	82 93.860     	26 93.055     	
Lap 41	47 90.226     	42 90.544     	31 90.598     	80 91.375     	19 91.059     	29 91.430     	98 90.332     	81 91.494     	94 91.641     	69 91.980     	30 92.016     	41 92.722     	11 91.593     	53 91.243     	 3 91.947     	22 92.281     	20 92.356     	21 92.479     	 2 92.664     	14 92.403     	35 93.354     	82 93.235     	26 93.840     	
Lap 42	47 90.214     	42 90.001     	31 90.257     	80 91.433     	19 91.672     	29 91.722     	98 91.184     	81 91.264     	94 92.091     	69 91.806     	30 91.569     	41 91.091     	11 91.494     	53 90.898     	 3 91.946     	22 92.145     	20 92.115     	21 92.549     	 2 92.710     	14 92.559     	35 93.186     	82 93.222     	26 93.444     	
Lap 43	47 90.138     	42 90.609     	31 90.517     	80 91.643     	19 91.961     	29 91.680     	98 92.166     	81 91.353     	94 92.074     	69 92.039     	30 91.770     	41 92.934     	11 91.780     	53 92.715     	 3 92.114     	22 92.121     	20 92.441     	21 92.230     	 2 92.611     	14 92.724     	35 93.245     	82 93.844     	26 93.271     	
Lap 44	47 90.942     	42 89.779     	31 91.074     	80 92.124     	29 91.700     	19 91.995     	98 91.253     	81 91.333     	69 91.680     	94 92.321     	30 91.317     	41 92.389     	11 92.768     	53 91.577     	 3 91.984     	22 92.071     	20 92.849     	21 92.235     	 2 93.069     	14 93.241     	35 92.777     	82 92.183     	26 93.638     	
Lap 45	47 90.218     	42 90.659     	31 90.708     	80 91.989     	19 91.633     	29 91.881     	98 92.800     	81 90.675     	69 91.783     	94 91.370     	30 91.233     	41 91.527     	11 92.768     	53 92.749     	 3 92.614     	22 91.848     	20 93.568     	21 93.552     	 2 93.536     	14 92.561     	35 93.978     	82 94.124     	26 93.393     	
Lap 46	47 90.724     	42 90.470     	31 90.604     	80 91.431     	19 91.199     	29 91.631     	98 91.606     	81 91.454     	94 92.214     	69 92.354     	30 90.933     	41 91.018     	11 92.498     	53 92.823     	 3 92.375     	22 92.643     	21 92.835     	20 93.573     	 2 92.857     	14 92.995     	35 93.605     	82 94.201     	26 93.861     	
Lap 47	47 91.082     	42 90.411     	31 90.685     	80 91.745     	19 91.993     	29 91.597     	98 91.497     	81 91.469     	30 91.804     	94 92.461     	69 92.520     	41 91.714     	11 92.793     	53 93.110     	 3 92.457     	22 92.323     	20 93.612     	21 93.701     	 2 93.770     	14 93.155     	35 93.207     	82 92.237     	26 94.219     	
Lap 48	47 90.805     	42 90.598     	80 92.430     	19 92.377     	98 91.300     	31 109.163 PIT	81 91.390     	30 92.215     	94 92.206     	69 92.782     	41 91.525     	29 111.513 PIT	53 92.119     	11 110.349 PIT	 3 92.690     	22 92.519     	20 93.890     	21 93.977     	14 93.714     	35 94.120     	82 94.031     	 2 112.883 PIT	26 94.224     	
Lap 49	47 91.241     	42 90.318     	19 91.849     	31 90.226     	94 92.859     	41 92.145     	29 90.148     	80 110.961 PIT	98 111.846 PIT	81 110.110 PIT	30 111.210 PIT	69 111.873 PIT	11 91.151     	53 110.261 PIT	22 92.868     	 3 111.091 PIT	21 93.511     	20 94.168     	14 93.887     	35 93.642     	82 94.623     	 2 92.347     	26 94.430     	
Lap 50	42 90.394     	47 110.934 PIT	19 90.955     	31 89.774     	94 92.096     	29 90.659     	41 92.314     	80 90.468     	98 90.142     	81 90.722     	30 90.262     	69 90.540     	11 90.429     	53 90.659     	22 92.644     	 3 91.006     	21 93.567     	20 94.665     	14 93.365     	35 93.532     	82 92.118     	 2 92.128     	26 94.432     	
Lap 51	42 109.446 PIT	47 90.117     	31 91.441     	29 91.020     	80 90.438     	98 90.327     	19 110.700 PIT	81 89.850     	30 90.146     	69 90.445     	94 110.975 PIT	11 90.022     	41 111.643 PIT	53 90.193     	 3 90.709     	21 92.934     	22 111.600 PIT	14 93.972     	 2 91.622     	20 112.480 PIT	35 94.506     	82 113.585 PIT	26 112.983 PIT	
Lap 52	42 90.725     	47 90.564     	31 89.998     	80 90.765     	29 91.364     	98 90.834     	19 91.013     	81 90.541     	30 90.403     	69 90.348     	94 90.460     	11 91.426     	53 90.192     	41 91.992     	 3 91.122     	22 92.342     	14 94.406     	21 112.248 PIT	20 92.360     	 2 93.494     	82 91.402     	35 113.115 PIT	26 92.850     	
Lap 53	42 90.914     	47 90.370     	31 89.688     	29 90.891     	80 91.128     	98 91.070     	19 91.147     	81 90.344     	30 90.848     	69 90.725     	94 89.943     	11 90.122     	41 91.005     	53 91.260     	 3 91.667     	22 91.003     	21 91.315     	20 92.768     	 2 93.628     	14 112.097 PIT	82 91.479     	35 92.228     	26 92.446     	
Lap 54	47 90.024     	42 90.798     	31 89.901     	80 90.676     	29 91.462     	98 90.683     	19 91.197     	81 90.389     	30 90.434     	69 90.018     	94 90.122     	11 90.165     	41 91.410     	53 92.168     	 3 91.453     	22 91.424     	21 91.289     	20 92.063     	 2 92.638     	14 92.533     	82 91.523     	35 91.765     	26 92.778     	
Lap 55	42 89.199     	47 90.977     	31 90.297     	80 91.248     	29 91.271     	19 89.768     	98 91.307     	81 90.086     	30 90.282     	69 90.376     	94 90.081     	11 90.136     	41 91.559     	53 91.867     	 3 91.020     	22 91.800     	21 91.590     	20 91.393     	 2 91.762     	14 91.893     	82 91.704     	35 91.853     	26 92.871     	
Lap 56	42 89.222     	47 89.922     	31 90.373     	80 90.923     	29 91.591     	19 91.198     	98 92.053     	81 90.513     	30 90.824     	69 90.477     	94 89.900     	11 90.756     	41 90.030     	53 90.129     	 3 91.062     	22 91.349     	21 91.212     	20 91.358     	 2 91.917     	14 91.925     	82 91.615     	35 91.293     	26 93.194     	
Lap 57	42 89.739     	47 89.779     	31 90.415     	80 90.258     	19 90.936     	29 91.422     	98 90.476     	81 90.681     	30 90.268     	69 91.600     	94 90.685     	11 90.751     	41 90.111     	53 90.689     	 3 90.959     	22 91.474     	21 91.705     	20 92.138     	 2 92.188     	14 92.090     	82 91.479     	35 91.435     	
Lap 58	42 89.543     	47 89.699     	31 90.003     	80 89.878     	19 91.267     	29 91.366     	98 91.681     	81 90.515     	30 90.348     	94 90.399     	69 91.140     	11 90.650     	41 90.398     	53 90.471     	 3 91.631     	22 91.351     	21 91.384     	20 91.700     	 2 92.443     	14 91.494     	35 91.534     	26 92.586     	
Lap 59	42 89.760     	47 89.822     	31 89.759     	80 90.618     	19 90.547     	98 91.018     	29 91.711     	81 91.076     	30 90.208     	94 91.115     	69 91.495     	11 90.994     	41 90.155     	53 91.114     	 3 91.752     	22 91.250     	21 91.415     	20 91.627     	 2 91.970     	14 91.823     	35 91.897     	26 93.325     	
Lap 60	42 89.373     	47 89.933     	31 90.411     	80 90.193     	19 90.514     	29 91.043     	98 91.262     	81 91.189     	30 90.912     	94 90.744     	69 91.089     	11 90.871     	41 90.978     	53 90.496     	 3 91.249     	22 91.845     	21 91.689     	20 91.834     	 2 92.025     	14 92.238     	35 91.533     	26 93.563     	
Lap 61	42 90.080     	47 90.389     	31 90.644     	80 90.174     	19 90.680     	29 91.008     	98 91.106     	81 91.555     	30 90.430     	94 90.522     	69 90.447     	11 90.703     	41 90.664     	53 90.833     	 3 91.496     	22 91.994     	21 91.294     	20 91.497     	 2 92.687     	14 92.556     	35 91.689     	26 92.938     	
Lap 62	42 89.927     	47 90.471     	31 90.712     	80 90.588     	19 90.396     	98 91.351     	29 92.009     	81 91.978     	30 90.558     	94 90.655     	69 91.218     	11 90.619     	41 90.309     	53 91.133     	 3 91.709     	22 91.753     	21 91.397     	20 91.656     	 2 92.111     	14 92.374     	35 91.895     	26 93.435     	
Lap 63	42 90.287     	47 90.356     	31 90.634     	80 90.427     	19 90.335     	98 91.793     	81 90.628     	29 91.809     	30 90.461     	94 90.420     	69 90.510     	11 91.312     	41 90.450     	53 90.609     	 3 91.593     	22 92.175     	21 91.354     	20 92.266     	 2 92.288     	14 91.739     	35 91.711     	26 93.490     	
Lap 64	42 90.216     	47 89.993     	31 90.521     	80 90.834     	19 90.250     	29 90.389     	81 91.458     	98 91.877     	30 90.583     	94 90.796     	69 90.531     	11 91.068     	41 91.025     	53 91.035     	 3 92.061     	22 92.064     	21 91.480     	20 91.981     	 2 92.222     	14 91.743     	35 92.433     	26 93.875     	
Lap 65	42 89.654     	47 90.412     	31 90.863     	80 90.959     	19 90.453     	29 91.969     	81 91.588     	30 90.862     	98 93.237     	94 91.246     	69 91.110     	11 91.444     	41 90.741     	53 90.973     	 3 91.980     	22 91.385     	21 91.769     	20 92.012     	 2 92.577     	14 92.197     	35 91.968     	26 93.612     	
Lap 66	42 89.860     	47 90.645     	31 90.043     	80 91.083     	19 90.347     	29 91.699     	81 92.333     	30 92.090     	98 92.096     	94 90.443     	69 91.324     	11 92.115     	41 92.125     	53 91.289     	 3 91.708     	22 91.422     	21 92.271     	20 92.126     	 2 93.213     	14 92.316     	35 92.257     	26 93.519     	
Lap 67	42 89.984     	47 90.743     	31 91.004     	80 91.092     	19 90.986     	29 90.893     	81 90.515     	30 91.795     	98 92.125     	94 91.263     	69 90.842     	11 92.632     	41 92.152     	53 91.199     	 3 91.856     	22 91.898     	21 91.640     	20 92.377     	 2 92.553     	14 92.482     	35 92.779     	26 94.021     	
Lap 68	42 90.266     	47 90.208     	31 91.116     	80 90.706     	19 91.101     	29 91.579     	81 92.474     	30 92.267     	98 92.215     	94 91.443     	69 91.478     	41 91.828     	11 92.266     	53 90.787     	 3 91.997     	22 92.258     	21 92.091     	20 92.664     	 2 93.531     	14 91.998     	35 92.551     	26 93.794     	
Lap 69	42 90.299     	47 90.097     	31 91.137     	80 90.739     	19 90.564     	29 90.958     	81 90.675     	30 91.760     	98 91.699     	94 91.862     	69 91.657     	41 91.726     	11 92.144     	53 93.671     	 3 91.772     	22 91.740     	21 91.728     	20 92.165     	 2 92.731     	14 92.400     	35 92.831     	26 94.062     	
Lap 70	42 90.835     	47 90.537     	31 90.956     	80 90.694     	19 91.266     	29 91.470     	81 91.252     	30 91.940     	98 92.413     	94 91.902     	69 90.900     	41 92.294     	11 92.515     	53 91.426     	 3 92.589     	22 92.543     	21 91.844     	20 92.278     	 2 92.788     	14 92.317     	35 92.720     	26 93.927     	
Lap 71	42 90.640     	47 91.073     	31 91.126     	80 90.626     	19 90.662     	29 91.001     	81 91.455     	30 92.362     	98 92.027     	94 92.187     	69 92.060     	41 92.481     	11 92.753     	53 93.139     	 3 91.996     	22 91.798     	21 92.501     	20 92.764     	 2 93.824     	14 92.335     	35 92.176     	26 94.123     	
Lap 72	42 90.327     	47 90.567     	31 109.572 PIT	80 91.229     	19 91.319     	29 91.622     	81 91.096     	30 92.352     	94 91.894     	98 92.424     	69 92.070     	41 91.585     	53 92.083     	11 110.957 PIT	 3 92.859     	22 92.566     	21 92.589     	20 92.771     	14 93.793     	35 92.371     	 2 112.647 PIT	26 93.945     	
Lap 73	42 91.097     	47 90.448     	31 89.612     	80 91.380     	19 90.731     	94 92.202     	69 92.585     	41 91.453     	29 110.421 PIT	81 109.713 PIT	30 111.482 PIT	98 111.436 PIT	11 90.341     	53 110.429 PIT	22 92.739     	 3 110.903 PIT	21 92.679     	20 92.546     	14 92.629     	35 92.932     	 2 92.269     	26 93.775     	
Lap 74	42 90.439     	47 91.131     	31 89.568     	80 90.928     	19 91.023     	94 91.901     	41 91.506     	29 90.855     	81 91.828     	30 91.925     	98 91.991     	69 110.071 PIT	11 90.184     	53 90.397     	22 92.687     	 3 91.040     	21 92.717     	20 92.467     	14 93.093     	35 93.014     	 2 91.567     	26 94.030     	
Lap 75	42 90.855     	47 110.078 PIT	31 90.050     	80 92.074     	19 109.234 PIT	94 91.165     	29 90.818     	81 89.636     	30 91.149     	98 91.357     	69 91.821     	11 90.231     	53 90.289     	41 111.477 PIT	 3 92.258     	21 92.613     	22 112.081 PIT	14 93.456     	20 111.453 PIT	35 93.232     	 2 92.320     	26 94.416     	
Lap 76	42 90.730     	47 90.056     	31 89.982     	19 89.757     	80 111.042 PIT	29 91.228     	81 91.069     	30 91.742     	98 91.338     	94 110.927 PIT	69 92.095     	11 90.170     	53 91.106     	41 91.606     	 3 90.981     	21 93.048     	22 91.310     	14 92.888     	20 91.905     	35 93.209     	 2 91.760     	26 112.373 PIT	
Lap 77	42 91.725     	47 89.948     	31 89.807     	19 90.344     	80 89.699     	29 90.596     	81 91.006     	98 90.789     	30 91.412     	94 91.077     	69 89.831     	11 90.159     	53 91.621     	41 91.662     	 3 91.573     	22 91.920     	21 94.392     	14 93.130     	20 91.634     	 2 91.954     	35 110.926 PIT	26 92.744     	
Lap 78	42 110.381 PIT	47 90.097     	31 90.307     	19 91.140     	80 90.591     	29 91.342     	81 91.507     	98 91.057     	69 91.267     	94 91.371     	30 91.620     	11 90.387     	53 91.593     	41 91.609     	 3 90.790     	22 91.370     	21 112.272 PIT	20 91.938     	 2 92.417     	14 111.487 PIT	35 92.090     	26 92.736     	
Lap 79	42 90.123     	47 89.253     	31 90.077     	80 90.560     	19 91.318     	29 90.935     	81 91.574     	98 90.860     	94 91.145     	30 91.130     	69 91.576     	11 91.039     	53 91.795     	41 91.737     	 3 91.722     	22 91.464     	21 91.814     	20 91.623     	 2 92.295     	14 92.033     	35 91.988     	26 92.478     	
Lap 80	42 89.231     	47 89.987     	31 90.235     	80 90.977     	19 90.903     	29 90.594     	81 90.689     	98 90.771     	94 91.204     	30 91.669     	69 91.789     	11 90.977     	53 91.805     	41 91.317     	 3 91.858     	22 91.109     	21 91.288     	20 92.116     	 2 92.092     	14 92.271     	35 91.269     	26 93.312     	

-- OFFICIAL RESULTS --
Pos	#No	Driver						Team					Time		Diff		Pits	Best
01	#42	OOS	Frank Oosterhout		Cows Go Moo Racing		2:1:35.199	-0.000		3		89.199
02	#47	PAV	ketila léqa pavúteka	Team Solea Racing		2:1:37.478	-2.279		3		89.253
03	#31	ŠAŊ	xap'ít celentir šaŋév	Team Solea Racing		2:1:47.843	-12.643		3		89.463
04	#80	AYA	Ifloenne é Aya			Team V.V. Imperial		2:2:18.233	-43.034		3		89.448
05	#19	ZAI	khélok atep zailunaɰ	Team Solea Racing		2:2:18.493	-43.294		3		89.682
06	#29	ALU	Sago Aludetsei			Dotruga Formula Racing	2:2:31.026	-55.827		3		89.687
07	#81	KÆR	Lyǽs Kæræsekæræn		Team V.V. Imperial		2:2:32.421	-57.222		3		89.636
08	#98	MOT	Gorga Motxev			Dotruga Formula Racing	2:2:41.974	-66.775		3		89.724
09	#94	NES	At'ipi Nesbeksë			Team Diigikwk Racers	2:2:43.356	-68.157		3		89.900
10	#30	WIS	Josh Wise				BONGATAR				2:2:44.003	-68.803		3		89.977
11	#69	SAN	Marisa Sanchez			Cows Go Moo Racing		2:2:44.365	-69.166		3		89.831
12	#11	KEG	Tuto Keget				Dotruga Formula Racing	2:2:46.317	-71.118		3		90.022
13	#53	TÀC	Ešuro Tàcràɰë			Team Diigikwk Racers	2:2:54.329	-79.130		3		90.057
14	#41	CAN	Olga Candy				Cows Go Moo Racing		2:2:54.561	-79.361		3		90.030
15	# 3	BOB	Bob						BONGATAR				2:3:32.478	-117.279	3		90.687
16	#22	PHI	Philipe					Team Vincent			2:3:52.523	-137.324	3		91.003
17	#21	ORS	Orson					Team Vincent			2:4:16.298	-161.098	3		91.212
18	#20	MAC	Mac						Team Vincent			2:4:20.279	-165.079	3		91.253
19	# 2	HID	Body Hide				BONGATAR				2:4:32.299	-177.100	3		91.567
20	#14	HÚC	Daseno Húctu			Team Vikasani			2:4:38.530	-183.331	3		91.494
21	#35	AKA	Asaúni Akaleta			Team Vikasani			2:4:43.512	-188.313	3		91.269
22	#26	ILI	Rikvisi Iliria			Team Vikasani			2:5:34.478	-239.279	3		92.446
23	#74	KON	Bařàsiz Konoca			Team Diigikwk Racers	RETIRED		DNF			1		90.972
24	#82	SAN	Nukki Savra Sanda		Team V.V. Imperial		RETIRED		DNF			3		91.069

-- RACE INCIDENT REPORT --
Tuto Keget made a mistake while attempting an overtake on lap 18.
Bařàsiz Konoca crashed out while attempting an overtake on lap 26.
Nukki Savra Sanda made a pit stop to repair damage caused by a large incident on lap 27.
Ešuro Tàcràɰë made a mistake while attempting an overtake on lap 30.
Nukki Savra Sanda crashed out on lap 57.
Gorga Motxev made a mistake while attempting an overtake on lap 65.
Marisa Sanchez made a mistake while attempting an overtake on lap 76.
Bob made a mistake on lap 80.
