-- LAP TIMES --
Lap 0	31 0.000     	98 0.000     	47 0.100     	94 0.100     	29 0.200     	11 0.200     	21 0.300     	22 0.300     	74 0.400     	14 0.400     	19 0.500     	69 0.500     	35 0.600     	20 0.600     	53 0.700     	26 0.700     	42 0.800     	81 0.800     	41 0.900     	30 0.900     	 2 1.000     	80 1.000     	 3 1.100     	82 1.100     	
Lap 1	31 105.498     	29 105.386     	47 105.588     	94 105.691     	98 105.927     	14 105.952     	19 105.853     	69 105.930     	74 106.037     	21 106.248     	11 106.370     	35 106.001     	22 106.510     	42 106.038     	26 106.222     	30 106.174     	53 106.438     	20 106.581     	81 106.557     	41 106.810     	 3 107.237     	 2 107.376     	80 107.445     	82 107.572     	
Lap 2	29 105.530     	31 105.789     	94 105.776     	47 106.158     	19 105.547     	98 106.270     	14 106.138     	74 106.106     	69 106.313     	35 106.316     	11 106.365     	22 106.185     	26 106.115     	30 106.099     	21 106.656     	53 106.192     	42 106.544     	20 106.592     	81 107.054     	41 106.747     	 3 106.569     	80 107.165     	 2 107.730     	82 107.600     	
Lap 3	29 106.164     	31 106.073     	19 105.625     	98 105.792     	94 106.443     	47 106.352     	14 106.286     	11 105.894     	74 106.433     	22 106.389     	35 106.481     	69 106.706     	30 106.397     	21 106.423     	53 106.464     	26 106.787     	42 106.922     	20 106.598     	41 106.977     	81 107.130     	 3 106.794     	80 106.806     	 2 107.231     	82 107.485     	
Lap 4	29 105.627     	31 105.589     	98 105.576     	19 106.343     	47 105.842     	94 106.200     	74 105.977     	11 106.576     	14 106.642     	35 106.164     	53 105.872     	22 106.400     	21 106.287     	69 106.537     	26 106.355     	30 107.094     	20 106.663     	42 106.760     	41 106.977     	 3 106.877     	81 107.186     	80 107.258     	 2 107.033     	82 107.552     	
Lap 5	31 105.780     	98 105.674     	29 106.519     	19 105.597     	47 105.903     	94 106.708     	74 106.221     	11 106.242     	14 106.324     	21 105.956     	53 106.353     	22 106.254     	69 106.079     	35 106.518     	26 106.001     	30 106.624     	42 106.555     	20 106.833     	41 106.366     	 3 107.440     	81 107.327     	80 107.596     	 2 107.544     	82 108.177     	
Lap 6	31 106.017     	98 105.881     	29 105.968     	47 105.862     	19 106.408     	94 106.305     	74 106.158     	11 105.961     	14 106.063     	21 106.268     	22 106.124     	26 106.337     	69 106.593     	53 106.799     	35 106.992     	30 106.939     	20 106.391     	42 106.930     	41 106.711     	81 106.648     	 3 107.546     	80 107.650     	 2 107.083     	82 108.093     	
Lap 7	31 105.852     	19 105.148     	98 106.058     	47 105.664     	29 106.376     	74 106.285     	94 106.848     	11 106.659     	26 106.131     	14 106.847     	22 106.621     	21 106.971     	53 106.574     	69 106.944     	35 106.712     	20 106.289     	30 106.790     	42 107.126     	41 106.995     	81 107.397     	 3 107.231     	80 107.569     	 2 107.645     	82 108.237     	
Lap 8	29 105.123     	31 106.571     	98 106.198     	19 106.563     	47 106.231     	94 106.104     	74 106.763     	11 106.486     	22 105.992     	14 106.352     	21 106.349     	26 106.873     	53 106.968     	69 107.023     	35 106.887     	20 106.365     	30 106.785     	41 106.304     	42 107.178     	81 107.608     	 3 107.624     	80 107.707     	 2 108.081     	82 108.426     	
Lap 9	31 105.988     	29 106.272     	19 106.186     	47 106.261     	98 106.703     	94 106.403     	11 106.324     	74 106.833     	22 106.872     	14 106.996     	21 106.926     	35 106.516     	20 106.449     	69 106.871     	53 107.171     	30 107.158     	41 106.713     	42 107.212     	81 107.367     	 3 107.787     	26 114.939 PIT	80 107.576     	 2 107.429     	82 108.102     	
Lap 10	31 106.203     	29 106.705     	47 106.640     	19 106.100     	98 105.943     	11 106.971     	74 106.332     	94 106.274     	14 107.032     	22 106.290     	20 107.091     	21 106.462     	35 107.136     	69 106.413     	53 108.152     	30 107.079     	41 107.142     	42 107.270     	 3 107.490     	81 106.183     	26 105.266     	80 107.919     	 2 108.082     	
Lap 11	31 106.185     	98 106.228     	19 106.591     	47 106.335     	94 107.001     	74 106.623     	22 106.863     	11 107.127     	14 106.484     	21 106.983     	69 107.003     	20 106.934     	35 107.102     	30 106.633     	53 107.296     	41 106.645     	42 107.014     	26 105.942     	81 108.001     	 3 106.907     	80 107.988     	 2 108.142     	82 108.736     	
Lap 12	31 106.621     	19 106.130     	98 106.355     	47 106.653     	74 106.752     	94 107.078     	11 106.270     	22 107.194     	14 107.046     	21 106.784     	69 106.593     	20 106.530     	35 107.877     	30 107.412     	53 107.289     	26 104.928     	41 107.328     	42 106.289     	81 107.208     	 3 106.935     	80 107.497     	 2 108.380     	82 108.638     	
Lap 13	31 106.425     	19 106.734     	98 106.970     	47 106.598     	74 106.592     	94 106.674     	11 106.476     	22 106.556     	14 106.967     	21 106.935     	69 107.213     	20 106.953     	35 107.343     	26 106.074     	53 106.522     	41 106.918     	42 106.936     	30 107.518     	81 107.007     	 3 106.907     	80 107.258     	 2 106.485     	82 108.868     	
Lap 14	31 106.370     	19 106.573     	98 106.960     	47 106.682     	94 106.818     	74 106.940     	11 106.635     	22 106.596     	21 106.446     	14 107.405     	69 106.978     	20 107.274     	26 106.332     	53 106.619     	35 107.209     	41 106.907     	42 107.559     	30 107.567     	81 108.260     	 3 108.028     	80 108.177     	 2 107.673     	82 108.442     	
Lap 15	31 106.458     	19 106.751     	98 106.509     	47 106.510     	11 106.861     	94 107.099     	22 106.775     	74 107.513     	21 107.170     	14 107.182     	20 107.195     	69 107.791     	26 106.915     	53 106.742     	35 107.022     	30 106.464     	41 107.273     	42 107.556     	81 107.599     	 3 107.582     	80 107.703     	 2 108.037     	82 108.965     	
Lap 16	31 106.132     	19 106.885     	47 106.224     	98 107.212     	74 106.573     	11 107.357     	94 107.512     	22 107.253     	21 107.074     	14 107.972     	26 106.428     	20 107.636     	53 107.226     	69 107.944     	35 107.369     	30 107.431     	41 107.718     	42 107.523     	81 108.528     	 3 108.441     	80 108.631     	 2 108.249     	82 109.381     	
Lap 17	31 106.244     	98 106.297     	47 107.165     	19 107.528     	74 107.131     	22 106.769     	11 107.198     	94 107.435     	21 106.303     	26 106.978     	14 107.752     	20 107.384     	53 107.204     	69 107.522     	35 107.360     	30 107.753     	42 107.115     	41 107.928     	81 108.793     	 3 108.366     	80 108.074     	 2 108.224     	82 109.245     	
Lap 18	31 105.788     	19 105.953     	47 107.398     	98 107.744     	11 107.056     	22 107.432     	94 106.967     	74 107.870     	21 107.326     	26 106.936     	14 107.190     	20 107.274     	69 107.572     	53 107.961     	35 107.893     	42 107.242     	30 107.811     	41 107.631     	81 108.525     	 3 108.369     	80 108.610     	 2 109.085     	82 109.649     	
Lap 19	31 108.340     	19 106.626     	98 106.771     	47 107.765     	11 107.132     	94 107.632     	21 107.304     	22 107.873     	74 108.114     	26 106.774     	20 107.292     	14 108.255     	53 107.583     	69 108.128     	35 108.514     	30 107.550     	42 107.878     	41 108.083     	81 108.199     	 3 108.352     	80 108.860     	 2 108.869     	82 109.735     	
Lap 20	98 107.426     	47 107.384     	74 106.939     	26 105.619     	94 107.611     	22 107.471     	21 108.248     	14 108.367     	31 122.937 PIT	69 108.550     	30 108.542     	19 123.321 PIT	41 108.463     	11 124.182 PIT	81 108.962     	20 124.338 PIT	53 125.209 PIT	 2 109.286     	35 125.311 PIT	42 124.920 PIT	 3 125.941 PIT	82 109.367     	80 125.794 PIT	
Lap 21	98 107.526     	47 107.615     	26 107.155     	74 108.083     	22 108.456     	14 107.023     	31 106.062     	19 106.585     	30 108.544     	11 105.699     	94 125.272 PIT	21 124.638 PIT	20 105.485     	53 105.185     	42 106.428     	35 106.909     	69 125.097 PIT	 2 109.192     	41 125.662 PIT	 3 106.107     	81 124.252 PIT	82 109.024     	80 107.786     	
Lap 22	26 107.055     	31 106.194     	19 104.596     	98 125.088 PIT	11 105.167     	47 128.070 PIT	94 106.528     	21 106.996     	20 106.657     	53 105.469     	74 125.384 PIT	22 126.264 PIT	14 125.362 PIT	42 106.637     	35 106.405     	69 106.830     	41 105.846     	30 125.012 PIT	81 106.249     	 3 107.497     	80 107.409     	 2 124.715 PIT	82 125.665 PIT	
Lap 23	26 106.421     	31 104.565     	19 104.747     	98 106.254     	11 106.925     	47 105.231     	94 105.725     	21 106.064     	20 106.078     	74 105.685     	53 106.471     	22 105.215     	42 106.171     	14 107.013     	69 106.566     	35 107.376     	41 105.454     	30 106.299     	 3 106.653     	81 107.079     	80 106.584     	 2 106.566     	82 108.659     	
Lap 24	26 105.853     	31 105.240     	19 104.714     	98 106.382     	11 106.502     	47 104.963     	94 105.896     	21 106.013     	20 106.453     	74 106.293     	22 105.825     	53 106.577     	14 106.194     	42 106.769     	69 106.474     	35 106.518     	41 106.097     	30 105.775     	81 105.672     	 3 107.123     	80 106.252     	 2 106.676     	82 107.384     	
Lap 25	26 105.859     	31 105.603     	19 106.033     	98 106.205     	47 105.246     	11 105.888     	94 104.968     	21 106.171     	74 105.901     	20 106.048     	22 106.203     	53 107.223     	14 105.952     	42 106.731     	69 106.115     	41 106.810     	30 105.155     	35 107.271     	81 105.666     	 3 106.585     	80 106.561     	 2 106.665     	82 108.212     	
Lap 26	31 104.708     	26 106.287     	19 105.167     	98 106.102     	47 105.710     	11 105.912     	94 105.506     	21 106.303     	74 106.301     	20 106.355     	22 105.922     	53 105.645     	14 106.767     	42 106.131     	69 106.803     	30 106.276     	41 106.867     	35 107.607     	81 105.899     	 3 106.492     	80 106.221     	 2 106.130     	82 108.022     	
Lap 27	31 106.243     	19 105.074     	26 107.984     	98 105.679     	47 105.583     	11 105.331     	94 105.379     	21 106.023     	74 106.311     	20 106.503     	22 106.365     	53 105.776     	42 106.383     	14 106.663     	69 106.776     	30 107.003     	35 105.930     	41 107.302     	81 106.754     	 3 106.602     	80 106.796     	 2 106.812     	82 107.834     	
Lap 28	31 106.429     	19 106.670     	26 106.442     	11 105.592     	47 105.861     	98 106.242     	94 105.229     	21 106.744     	74 105.917     	22 106.289     	20 106.787     	53 107.200     	14 106.208     	42 106.421     	69 106.282     	30 106.986     	35 106.469     	41 106.762     	81 106.372     	 3 106.324     	80 106.211     	 2 105.955     	82 108.094     	
Lap 29	19 105.857     	31 106.744     	26 106.517     	98 105.629     	11 106.467     	47 106.469     	94 105.425     	21 106.969     	74 106.934     	22 106.795     	20 107.128     	53 106.037     	42 106.473     	14 107.037     	69 106.094     	30 106.930     	35 107.119     	41 107.163     	81 106.034     	 3 106.013     	80 106.505     	 2 106.877     	82 108.361     	
Lap 30	19 106.487     	31 106.878     	94 104.980     	98 106.100     	11 106.174     	47 106.342     	21 106.178     	74 106.230     	22 106.228     	20 106.292     	26 125.010 PIT	53 108.562     	42 106.814     	14 106.500     	69 106.617     	30 106.486     	41 106.699     	35 107.277     	81 106.418     	 3 106.148     	80 106.537     	 2 106.094     	82 108.375     	
Lap 31	19 106.801     	31 106.705     	98 106.283     	94 106.465     	47 106.101     	11 106.602     	74 106.219     	21 107.214     	22 106.798     	20 106.398     	26 107.416     	53 105.585     	14 106.208     	69 106.535     	42 107.108     	30 106.260     	35 106.916     	41 106.981     	81 106.617     	 3 106.789     	80 106.531     	 2 106.546     	82 108.120     	
Lap 32	19 106.432     	31 107.283     	98 106.501     	47 106.099     	11 106.387     	94 107.061     	74 106.502     	21 106.763     	22 106.431     	20 106.999     	26 106.308     	53 108.505     	14 106.284     	42 106.709     	69 107.218     	30 105.914     	35 106.473     	41 106.652     	81 106.523     	 3 106.962     	80 106.772     	 2 106.892     	82 108.682     	
Lap 33	19 105.915     	31 105.636     	98 106.008     	47 106.318     	94 105.957     	11 106.495     	74 105.522     	21 106.592     	22 106.610     	26 106.440     	20 107.350     	53 105.573     	14 105.925     	42 106.676     	69 107.213     	30 106.501     	35 107.031     	41 107.226     	81 107.154     	 3 106.348     	80 106.796     	 2 107.040     	82 108.573     	
Lap 34	19 105.301     	31 105.978     	47 106.337     	98 107.018     	94 106.959     	11 107.782     	74 105.948     	21 106.765     	22 107.157     	26 106.915     	53 105.601     	20 106.954     	14 105.630     	42 106.423     	30 106.766     	69 106.866     	35 106.778     	41 107.228     	81 106.753     	 3 107.044     	80 107.107     	 2 107.065     	82 108.292     	
Lap 35	19 105.446     	31 106.109     	47 106.210     	98 106.871     	11 105.692     	94 106.931     	74 106.062     	22 106.931     	21 107.510     	26 106.052     	20 107.147     	53 107.667     	14 106.182     	42 106.384     	30 107.374     	69 107.638     	35 107.546     	41 107.067     	81 107.144     	 3 107.073     	80 107.099     	 2 106.819     	82 108.227     	
Lap 36	19 105.572     	31 105.702     	47 106.772     	98 107.057     	94 106.968     	11 107.203     	74 105.730     	26 106.498     	21 106.851     	22 107.150     	53 107.045     	20 107.724     	14 107.627     	42 106.087     	30 107.084     	69 108.128     	35 107.227     	41 107.624     	81 107.042     	 3 107.278     	80 107.379     	 2 106.770     	82 108.966     	
Lap 37	19 106.170     	31 105.550     	47 105.367     	98 106.968     	94 107.441     	11 107.994     	74 106.040     	26 106.221     	21 106.807     	22 107.323     	53 107.324     	20 107.197     	42 106.208     	14 107.880     	30 106.011     	69 106.518     	35 107.151     	41 107.518     	81 106.630     	 3 106.980     	80 107.699     	 2 107.330     	82 109.092     	
Lap 38	19 106.042     	31 105.711     	47 106.267     	98 106.553     	94 107.015     	74 106.091     	11 107.986     	26 106.849     	21 107.065     	22 107.386     	53 107.978     	20 108.048     	14 107.437     	42 107.988     	30 107.008     	69 106.616     	35 106.287     	41 106.607     	81 107.121     	 3 107.391     	80 107.796     	 2 107.651     	82 109.135     	
Lap 39	19 106.021     	31 106.224     	47 105.560     	98 106.249     	94 106.288     	74 107.678     	11 108.674     	26 105.291     	21 107.845     	22 107.301     	53 107.547     	20 107.454     	14 107.142     	42 107.649     	30 106.757     	69 106.273     	35 107.203     	41 106.998     	81 107.434     	 3 107.752     	80 107.210     	 2 107.848     	82 109.278     	
Lap 40	31 106.244     	47 106.605     	98 106.347     	19 123.260 PIT	94 106.342     	74 106.930     	11 106.679     	26 105.858     	22 106.977     	21 107.578     	53 107.509     	14 107.375     	30 106.850     	42 108.252     	69 106.930     	35 107.130     	41 106.892     	81 107.857     	20 125.229 PIT	80 107.915     	 2 107.313     	 3 124.530 PIT	82 109.409     	
Lap 41	31 107.150     	47 105.891     	19 106.847     	98 107.365     	74 106.443     	26 105.554     	22 107.365     	14 107.297     	53 107.999     	94 123.405 PIT	30 107.987     	42 108.333     	69 107.775     	11 123.382 PIT	41 106.898     	21 124.610 PIT	20 105.717     	80 108.354     	35 124.204 PIT	 2 107.801     	81 124.635 PIT	 3 105.905     	82 109.234     	
Lap 42	19 105.417     	98 107.970     	31 124.496 PIT	26 106.029     	47 123.277 PIT	22 107.072     	94 105.797     	74 123.837 PIT	11 105.828     	69 108.731     	21 105.375     	20 104.797     	14 124.739 PIT	53 125.684 PIT	30 125.359 PIT	42 125.634 PIT	35 107.176     	41 123.731 PIT	80 108.739     	 2 108.376     	81 106.078     	 3 106.025     	82 109.204     	
Lap 43	19 104.608     	31 105.401     	98 106.852     	26 105.599     	47 105.189     	22 106.751     	94 105.532     	11 105.872     	74 106.974     	21 105.509     	20 105.233     	14 105.525     	53 105.156     	30 106.592     	42 107.189     	35 106.431     	41 106.380     	69 125.636 PIT	80 108.814     	81 105.743     	 2 108.231     	 3 105.738     	82 110.041     	
Lap 44	19 105.139     	31 105.926     	26 105.802     	47 104.924     	94 105.019     	11 105.067     	74 104.759     	98 125.740 PIT	21 105.694     	20 104.804     	22 124.676 PIT	14 104.796     	53 105.310     	30 105.217     	42 106.270     	35 106.105     	41 106.264     	69 107.166     	81 107.573     	 3 107.481     	 2 126.462 PIT	80 127.220 PIT	82 126.737 PIT	
Lap 45	19 104.943     	31 105.362     	26 106.668     	47 105.232     	94 105.591     	11 106.483     	74 106.017     	98 105.375     	21 105.950     	20 106.762     	22 105.992     	14 106.530     	53 105.013     	30 105.698     	42 106.919     	41 106.105     	35 106.775     	69 104.965     	81 105.674     	 3 106.299     	80 106.712     	 2 107.544     	82 107.908     	
Lap 46	19 104.996     	31 104.881     	26 105.951     	47 105.180     	94 105.151     	11 105.915     	98 106.198     	74 106.680     	21 105.578     	20 105.250     	22 105.771     	14 105.899     	53 106.991     	30 105.565     	42 106.684     	35 106.491     	69 106.108     	41 106.900     	81 105.920     	 3 106.574     	80 107.235     	 2 107.498     	82 108.177     	
Lap 47	19 104.974     	31 105.143     	26 106.788     	47 104.502     	94 104.855     	11 105.251     	98 106.324     	74 106.591     	21 106.662     	20 106.831     	22 105.920     	14 106.542     	53 105.530     	30 105.938     	69 106.186     	42 106.769     	41 106.451     	35 106.779     	81 106.300     	 3 106.071     	80 105.753     	 2 106.382     	82 108.102     	
Lap 48	19 105.057     	31 104.684     	47 106.049     	26 107.279     	94 105.382     	11 104.806     	98 105.551     	74 106.302     	21 105.595     	20 105.237     	22 104.993     	14 106.060     	53 107.789     	30 106.020     	69 106.358     	42 106.293     	41 106.312     	35 107.351     	81 106.541     	 3 106.520     	80 106.570     	 2 106.230     	82 107.996     	
Lap 49	19 105.445     	31 104.907     	47 106.445     	26 106.577     	94 105.572     	11 105.424     	98 104.673     	74 105.189     	21 106.282     	20 107.111     	22 104.721     	14 105.170     	30 105.519     	53 106.429     	41 106.399     	42 106.593     	69 106.795     	35 105.289     	81 106.807     	 3 106.720     	80 106.348     	 2 106.283     	82 107.569     	
Lap 50	19 105.458     	31 104.906     	47 106.525     	94 105.609     	11 105.296     	98 105.548     	74 105.632     	26 124.894 PIT	21 105.203     	20 106.871     	22 106.602     	14 105.773     	30 106.661     	53 107.994     	41 106.471     	42 106.748     	69 106.819     	35 106.970     	81 106.543     	 3 106.883     	80 106.367     	 2 105.986     	82 108.134     	
Lap 51	19 105.647     	31 105.166     	47 105.346     	94 105.947     	11 105.792     	98 105.481     	74 105.983     	26 106.814     	21 106.866     	22 106.118     	20 106.447     	14 106.059     	30 105.834     	53 105.743     	41 106.850     	69 106.936     	42 107.286     	35 107.624     	81 106.309     	 3 106.440     	80 107.846     	 2 107.038     	82 108.014     	
Lap 52	19 105.081     	31 104.887     	47 105.342     	94 105.408     	11 105.911     	98 105.441     	74 105.658     	26 106.503     	21 106.100     	22 106.221     	20 107.353     	14 105.575     	30 106.196     	53 105.352     	41 106.780     	69 106.830     	42 107.354     	35 107.515     	81 106.259     	 3 106.745     	80 107.009     	 2 107.779     	82 107.732     	
Lap 53	19 105.738     	31 105.838     	47 105.817     	94 105.942     	11 105.472     	98 105.777     	74 105.810     	26 106.607     	21 107.168     	22 105.701     	20 106.593     	14 107.600     	30 107.079     	53 108.860     	69 106.539     	41 107.156     	42 106.927     	35 107.436     	81 108.260     	 3 106.483     	80 107.521     	 2 107.342     	82 108.712     	
Lap 54	19 105.291     	31 105.692     	47 105.068     	94 105.469     	11 106.023     	98 105.152     	74 105.991     	26 106.798     	21 106.387     	22 105.760     	20 105.800     	14 106.199     	30 106.347     	53 106.291     	42 105.883     	69 107.245     	41 107.368     	35 105.487     	81 106.365     	 3 106.996     	80 107.455     	 2 107.419     	82 108.348     	
Lap 55	19 105.433     	31 105.805     	47 105.743     	94 106.064     	11 106.695     	98 107.256     	74 105.819     	26 106.182     	22 106.658     	21 107.292     	20 105.719     	14 105.792     	30 106.046     	53 106.282     	42 106.988     	69 107.347     	41 107.423     	35 107.206     	81 106.771     	 3 107.047     	80 107.633     	 2 107.467     	82 108.030     	
Lap 56	19 105.947     	31 105.465     	47 105.561     	94 105.696     	11 105.752     	98 105.762     	74 106.272     	26 105.405     	22 106.535     	21 106.648     	20 106.732     	14 105.899     	30 105.862     	53 106.250     	69 106.864     	42 107.585     	41 107.392     	35 107.351     	81 106.726     	 3 106.605     	80 107.486     	 2 108.010     	82 108.931     	
Lap 57	19 105.621     	31 106.141     	47 106.189     	94 106.141     	11 105.790     	98 105.618     	74 105.969     	26 105.664     	22 106.562     	21 106.491     	20 107.395     	14 107.636     	30 106.222     	53 106.508     	42 107.064     	69 107.733     	35 107.295     	41 107.767     	81 106.904     	 3 107.029     	80 107.616     	 2 107.666     	82 108.324     	
Lap 58	19 106.467     	31 106.128     	47 105.617     	94 106.186     	11 106.661     	98 106.013     	74 106.613     	26 105.841     	22 106.753     	21 106.817     	20 107.812     	14 107.537     	30 106.228     	53 106.549     	42 107.674     	35 107.007     	69 107.711     	41 107.236     	81 108.312     	 3 107.005     	80 106.687     	 2 107.088     	82 108.758     	
Lap 59	19 106.260     	31 106.287     	47 105.559     	94 106.393     	11 107.567     	98 107.463     	74 105.844     	26 105.713     	22 106.907     	21 107.476     	20 107.657     	14 108.109     	30 106.947     	53 105.946     	42 107.118     	69 107.051     	41 107.209     	35 107.878     	81 107.560     	 3 107.672     	80 106.628     	 2 107.571     	82 108.913     	
Lap 60	19 106.294     	31 106.399     	47 106.052     	94 106.156     	98 107.308     	11 108.025     	74 106.198     	26 105.527     	22 107.031     	21 107.604     	20 107.297     	30 106.682     	14 107.174     	53 106.996     	69 107.315     	42 107.945     	41 107.640     	35 108.625     	81 107.619     	 3 125.615 PIT	80 107.240     	 2 107.428     	82 109.106     	
Lap 61	19 106.757     	31 106.646     	47 106.715     	94 106.228     	98 106.803     	74 107.126     	26 105.723     	22 106.043     	11 125.248 PIT	30 108.265     	14 108.091     	53 106.458     	21 123.935 PIT	69 108.046     	42 108.013     	41 107.727     	20 125.148 PIT	35 125.138 PIT	 3 106.369     	81 125.931 PIT	80 107.297     	 2 107.370     	82 108.978     	
Lap 62	31 106.463     	47 106.653     	19 124.364 PIT	94 106.816     	98 107.743     	26 105.721     	22 106.322     	11 105.022     	74 124.635 PIT	14 107.860     	21 105.887     	20 106.340     	69 107.980     	41 107.809     	30 125.692 PIT	53 126.215 PIT	35 105.962     	42 125.336 PIT	 3 106.586     	81 106.364     	80 107.664     	 2 107.237     	82 109.658     	
Lap 63	31 106.798     	19 105.268     	47 123.813 PIT	98 105.864     	26 105.996     	94 125.061 PIT	22 106.964     	11 104.610     	74 105.580     	21 104.948     	20 106.049     	69 107.583     	30 105.857     	14 124.801 PIT	53 106.069     	35 106.045     	42 107.078     	81 106.383     	 3 106.739     	41 125.776 PIT	80 107.719     	 2 107.998     	82 109.512     	
Lap 64	19 104.357     	31 124.739 PIT	47 106.641     	98 106.985     	26 105.786     	94 105.211     	11 104.611     	74 104.608     	21 105.232     	22 123.047 PIT	20 105.309     	30 105.669     	14 106.970     	53 106.879     	35 105.413     	42 105.126     	41 105.725     	69 124.450 PIT	 3 106.965     	81 107.308     	80 108.035     	 2 107.951     	82 126.226 PIT	
Lap 65	19 105.012     	31 105.112     	47 105.521     	26 106.045     	94 105.336     	11 105.053     	74 104.989     	98 124.808 PIT	21 105.203     	22 105.619     	20 105.436     	30 105.636     	14 106.486     	53 107.166     	35 105.546     	42 105.263     	41 106.874     	81 105.769     	69 107.046     	 3 107.152     	 2 108.244     	80 124.851 PIT	82 108.144     	
Lap 66	19 104.512     	31 104.621     	47 105.039     	26 106.502     	94 105.067     	11 105.375     	74 105.249     	98 105.325     	21 104.880     	22 105.427     	20 105.351     	30 105.162     	14 105.334     	53 105.743     	35 106.302     	42 106.511     	41 106.128     	69 106.238     	81 106.998     	 3 107.892     	80 106.160     	 2 125.426 PIT	82 107.712     	
Lap 67	19 104.536     	31 105.233     	47 104.987     	94 104.901     	26 106.897     	11 104.782     	74 105.605     	98 104.816     	21 105.262     	22 104.968     	20 105.221     	30 105.438     	14 104.912     	53 104.897     	35 105.699     	42 105.441     	41 106.310     	69 106.266     	81 107.391     	 3 106.640     	80 106.302     	 2 106.584     	82 108.075     	
Lap 68	19 105.002     	31 104.837     	47 104.760     	94 106.608     	26 107.755     	11 104.960     	74 105.726     	98 104.701     	21 105.304     	22 105.197     	20 105.311     	30 105.385     	14 104.952     	53 105.771     	35 106.431     	42 106.690     	41 106.862     	69 107.005     	81 106.060     	 3 106.578     	80 106.400     	 2 105.741     	82 108.088     	
Lap 69	19 105.231     	31 105.507     	47 104.768     	94 104.838     	26 106.570     	11 105.591     	74 105.467     	98 105.086     	21 105.839     	22 105.703     	20 105.750     	30 105.751     	14 105.126     	53 105.747     	35 105.863     	42 105.998     	41 106.419     	69 106.880     	81 107.379     	 3 105.976     	80 105.945     	 2 106.273     	82 107.820     	
Lap 70	19 104.741     	31 105.070     	47 104.940     	94 104.888     	11 105.700     	26 107.288     	74 105.927     	98 104.841     	21 105.436     	22 105.023     	20 106.068     	30 106.163     	14 105.627     	53 105.706     	35 105.924     	42 106.031     	41 105.352     	69 105.534     	81 107.291     	 3 107.628     	80 105.944     	 2 106.521     	82 107.873     	
Lap 71	19 105.227     	31 105.286     	47 105.088     	94 105.813     	11 106.482     	74 105.625     	98 105.144     	21 105.207     	22 105.366     	26 125.610 PIT	20 105.571     	30 105.821     	14 105.740     	53 105.416     	35 105.959     	42 106.240     	41 106.033     	69 105.167     	81 107.808     	 3 107.610     	80 106.414     	 2 106.685     	82 108.541     	
Lap 72	19 105.511     	31 104.731     	47 105.328     	94 105.122     	11 105.605     	98 104.863     	74 106.076     	21 105.915     	22 105.002     	26 105.735     	20 105.950     	30 106.117     	14 106.099     	53 105.219     	35 106.279     	42 105.439     	41 106.734     	69 107.201     	81 108.054     	 3 107.743     	80 106.139     	 2 106.321     	82 107.780     	
Lap 73	19 105.903     	31 105.286     	47 105.427     	94 105.101     	11 105.274     	98 106.151     	74 106.711     	22 106.561     	21 107.074     	26 105.521     	20 105.785     	30 106.310     	14 105.448     	53 105.764     	35 106.961     	42 108.445     	41 106.594     	69 107.278     	81 107.499     	 3 107.914     	80 106.734     	 2 106.531     	82 107.999     	
Lap 74	19 105.298     	31 105.792     	47 105.842     	94 105.641     	11 105.959     	98 106.406     	74 106.457     	22 106.603     	21 106.858     	26 105.283     	20 105.782     	30 107.055     	14 107.152     	53 105.948     	35 105.779     	42 105.876     	41 106.272     	69 106.067     	81 108.214     	 3 107.927     	80 106.111     	 2 106.188     	82 108.478     	
Lap 75	19 105.356     	31 105.568     	47 105.934     	94 105.316     	11 105.748     	98 106.741     	74 106.205     	22 106.593     	21 106.644     	26 106.299     	20 106.135     	30 107.641     	14 107.122     	53 107.927     	35 105.806     	42 106.096     	41 106.044     	69 105.757     	81 107.850     	 3 108.311     	80 106.837     	 2 106.267     	82 107.996     	

-- OFFICIAL RESULTS --
Pos	#No	Driver						Team					Time		Diff		Pits	Best
01	#19	ZAI	khélok atep zailunaɰ	Team Solea Racing		2:13:03.594	-0.000		3		104.357
02	#31	ŠAŊ	xap'ít celentir šaŋév	Team Solea Racing		2:13:13.019	-9.425		3		104.565
03	#47	PAV	ketila léqa pavúteka	Team Solea Racing		2:13:23.000	-19.405		3		104.502
04	#94	NES	At'ipi Nesbeksë			Team Diigikwk Racers	2:13:30.279	-26.685		3		104.838
05	#11	KEG	Tuto Keget				Dotruga Formula Racing	2:13:38.521	-34.926		3		104.610
06	#98	MOT	Gorga Motxev			Dotruga Formula Racing	2:13:44.699	-41.104		3		104.673
07	#74	KON	Bařàsiz Konoca			Team Diigikwk Racers	2:13:44.916	-41.321		3		104.608
08	#22	PHI	Philipe					Team Vincent			2:13:56.894	-53.300		3		104.721
09	#21	ORS	Orson					Team Vincent			2:13:57.435	-53.840		3		104.880
10	#26	ILI	Rikvisi Iliria			Team Vikasani			2:13:58.006	-54.412		4		104.928
11	#20	MAC	Mac						Team Vincent			2:14:02.173	-58.579		3		104.797
12	#30	WIS	Josh Wise				BONGATAR				2:14:09.669	-66.075		3		105.155
13	#14	HÚC	Daseno Húctu			Team Vikasani			2:14:09.690	-66.095		3		104.796
14	#53	TÀC	Ešuro Tàcràɰë			Team Diigikwk Racers	2:14:11.412	-67.818		3		104.897
15	#35	AKA	Asaúni Akaleta			Team Vikasani			2:14:24.047	-80.453		3		105.289
16	#42	OOS	Frank Oosterhout		Cows Go Moo Racing		2:14:26.647	-83.053		3		105.126
17	#41	CAN	Olga Candy				Cows Go Moo Racing		2:14:30.386	-86.791		3		105.352
18	#69	SAN	Marisa Sanchez			Cows Go Moo Racing		2:14:31.399	-87.804		3		104.965
19	#81	KÆR	Lyǽs Kæræsekæræn		Team V.V. Imperial		2:14:42.207	-98.612		3		105.666
20	# 3	BOB	Bob						BONGATAR				2:14:43.095	-99.501		3		105.738
21	#80	AYA	Ifloenne é Aya			Team V.V. Imperial		2:14:57.232	-113.638	3		105.753
22	# 2	HID	Body Hide				BONGATAR				2:15:02.555	-118.960	3		105.741
23	#82	SAN	Nukki Savra Sanda		Team V.V. Imperial		2:16:29.455	-205.861	3		107.384
24	#29	ALU	Sago Aludetsei			Dotruga Formula Racing	RETIRED		DNF			0		105.123

-- RACE INCIDENT REPORT --
Rikvisi Iliria made a pit stop to repair damage caused by a large incident while attempting an overtake on lap 9.
Sago Aludetsei crashed out while attempting an overtake on lap 10.
Josh Wise made a mistake while attempting an overtake on lap 14.
xap'ít celentir šaŋév made a mistake on lap 19.
ketila léqa pavúteka made a mistake while attempting an overtake on lap 22.
Asaúni Akaleta made a mistake while attempting an overtake on lap 23.
Asaúni Akaleta made a mistake while attempting an overtake on lap 25.
Frank Oosterhout made a mistake while attempting an overtake on lap 73.
