-- LAP TIMES --
Lap 0	47 0.000     	42 0.000     	31 0.100     	81 0.100     	41 0.200     	30 0.200     	29 0.300     	98 0.300     	19 0.400     	80 0.400     	11 0.500     	94 0.500     	69 0.600     	74 0.600     	 3 0.700     	53 0.700     	82 0.800     	35 0.800     	 2 0.900     	14 0.900     	26 1.000     	
Lap 1	42 89.654     	31 89.564     	30 89.651     	29 89.695     	47 90.164     	74 89.714     	80 89.998     	81 90.332     	41 90.295     	69 89.911     	19 90.150     	94 90.159     	98 90.500     	53 90.251     	11 90.646     	 3 90.668     	82 90.650     	35 90.941     	14 91.265     	 2 91.288     	26 91.405     	
Lap 2	31 89.549     	30 89.579     	47 89.566     	42 90.137     	74 89.913     	29 90.259     	41 90.002     	80 90.285     	94 90.094     	19 90.249     	81 90.450     	98 90.131     	53 90.227     	11 90.534     	 3 91.247     	35 91.020     	82 91.361     	69 92.299     	 2 90.984     	26 91.174     	14 91.469     	
Lap 3	47 89.733     	42 89.674     	31 90.432     	29 89.428     	30 90.271     	41 89.850     	74 90.139     	94 89.666     	80 89.811     	98 89.925     	19 90.124     	81 90.345     	11 89.838     	53 90.398     	69 90.183     	 3 90.819     	82 90.858     	35 91.177     	 2 91.082     	26 91.130     	14 91.332     	
Lap 4	42 89.454     	47 90.208     	30 90.108     	31 90.289     	29 90.391     	41 89.876     	74 89.989     	98 89.737     	19 89.794     	80 90.228     	94 90.533     	81 89.929     	11 90.702     	53 90.826     	69 90.225     	 3 90.601     	82 90.653     	35 91.068     	26 90.897     	 2 91.437     	14 91.069     	
Lap 5	42 89.661     	47 90.363     	29 89.982     	74 89.898     	31 90.393     	30 90.530     	41 90.183     	19 90.116     	94 89.900     	80 90.274     	81 89.948     	98 90.612     	11 90.222     	53 90.447     	69 90.320     	82 90.835     	35 90.732     	 3 92.424     	26 90.873     	14 90.734     	 2 91.111     	
Lap 6	42 88.607     	29 89.631     	47 89.704     	74 90.256     	30 90.188     	19 89.941     	31 90.467     	80 89.809     	41 90.506     	94 90.167     	98 90.286     	81 90.427     	11 90.664     	69 90.003     	53 90.718     	82 90.941     	35 91.210     	 3 91.130     	14 90.822     	 2 91.024     	26 91.366     	
Lap 7	42 88.842     	29 89.689     	47 89.804     	19 89.926     	94 89.722     	30 90.477     	80 90.254     	74 90.585     	41 90.371     	98 89.960     	31 90.659     	81 90.267     	11 90.312     	69 90.216     	53 91.597     	82 91.518     	35 91.086     	 2 90.895     	14 91.186     	 3 91.323     	26 91.627     	
Lap 8	42 88.942     	47 89.999     	29 90.272     	19 90.534     	94 90.496     	80 90.188     	98 90.191     	30 90.703     	41 90.469     	31 90.405     	81 90.083     	74 90.896     	69 90.091     	11 90.552     	53 89.888     	82 90.884     	35 91.739     	 2 91.174     	 3 91.058     	14 91.710     	26 91.389     	
Lap 9	42 89.324     	29 88.867     	47 89.950     	94 89.966     	74 89.386     	19 90.247     	80 90.371     	30 90.041     	98 90.451     	31 90.470     	81 90.621     	41 91.012     	69 90.293     	11 90.595     	53 89.743     	82 90.440     	35 91.176     	 3 91.297     	 2 91.470     	14 90.961     	26 91.796     	
Lap 10	42 89.765     	29 89.808     	47 89.905     	80 89.780     	94 90.572     	74 90.571     	30 90.378     	98 90.133     	31 90.494     	41 90.178     	81 90.796     	19 92.473     	69 90.316     	11 91.040     	53 91.854     	82 89.878     	35 91.577     	 3 91.540     	 2 91.952     	14 92.091     	26 91.352     	
Lap 11	42 89.797     	29 89.347     	47 89.070     	80 90.713     	74 90.184     	94 90.751     	98 90.309     	30 90.428     	81 90.131     	41 90.545     	31 90.856     	19 90.455     	69 90.400     	11 90.220     	53 90.206     	82 90.815     	 3 91.668     	35 91.993     	 2 91.274     	14 91.543     	26 91.139     	
Lap 12	42 89.193     	29 90.728     	47 90.289     	74 90.203     	80 90.228     	30 90.290     	94 90.398     	98 90.836     	31 90.444     	81 90.925     	41 90.991     	69 90.215     	19 90.701     	53 89.833     	11 91.222     	82 90.354     	 3 90.953     	35 91.748     	 2 91.709     	14 91.694     	26 92.097     	
Lap 13	42 89.817     	47 90.084     	29 90.544     	80 90.573     	30 90.071     	74 91.047     	94 90.680     	98 90.969     	81 90.307     	31 90.981     	41 91.249     	19 90.777     	69 91.016     	53 90.685     	11 91.037     	82 90.548     	 3 91.461     	 2 91.608     	14 91.282     	35 91.991     	26 91.887     	
Lap 14	42 89.269     	29 89.115     	47 90.722     	30 90.271     	80 90.623     	94 90.814     	74 91.274     	98 90.991     	81 91.079     	31 90.884     	41 90.634     	19 90.535     	69 90.989     	53 91.216     	11 90.780     	82 90.602     	 3 90.397     	 2 91.330     	35 91.691     	14 91.986     	26 91.977     	
Lap 15	42 89.775     	29 89.955     	47 89.264     	80 90.404     	30 90.838     	94 90.401     	98 90.270     	74 90.952     	81 90.458     	31 90.869     	19 90.939     	41 91.010     	69 91.489     	53 90.522     	11 91.657     	82 90.288     	 3 90.236     	 2 91.338     	35 91.981     	14 92.181     	26 91.644     	
Lap 16	42 89.773     	29 90.624     	47 90.082     	80 90.511     	30 90.479     	94 90.717     	98 90.697     	74 90.970     	81 90.610     	19 90.499     	31 91.096     	41 90.977     	69 90.547     	53 91.787     	11 90.495     	82 92.557     	 3 90.228     	 2 90.749     	14 91.596     	35 92.017     	26 92.306     	
Lap 17	42 90.180     	29 91.004     	47 90.835     	30 89.915     	80 90.128     	94 91.051     	98 91.230     	74 90.969     	81 91.505     	19 90.472     	31 90.553     	41 91.253     	69 91.260     	53 90.872     	11 91.631     	82 90.554     	 3 90.610     	 2 91.277     	14 92.211     	35 92.215     	26 91.822     	
Lap 18	42 91.176     	47 90.659     	29 91.074     	80 90.413     	30 91.198     	94 90.578     	74 91.073     	19 90.440     	98 91.285     	81 91.073     	31 91.883     	41 91.599     	69 91.203     	53 90.872     	11 91.051     	82 90.415     	 3 90.923     	 2 90.922     	14 92.105     	35 92.416     	26 91.950     	
Lap 19	42 89.648     	29 89.221     	47 90.708     	30 89.812     	80 90.456     	94 90.189     	74 90.848     	19 91.138     	98 91.196     	81 91.044     	31 90.476     	41 90.878     	69 91.447     	53 90.498     	11 89.955     	82 91.387     	 3 91.145     	 2 91.646     	14 91.725     	26 91.862     	35 92.397     	
Lap 20	42 89.593     	29 89.731     	47 89.542     	80 90.380     	30 90.887     	94 90.607     	74 90.902     	98 90.960     	19 91.204     	81 91.293     	31 91.450     	41 91.034     	69 90.975     	53 91.119     	11 92.064     	82 91.283     	 3 90.860     	 2 91.734     	14 92.572     	35 91.777     	26 92.747     	
Lap 21	42 90.024     	29 91.054     	47 90.722     	30 90.389     	80 90.920     	94 90.496     	74 90.909     	19 90.620     	81 90.681     	98 91.440     	31 91.335     	41 91.873     	69 91.455     	11 90.083     	53 92.053     	82 90.864     	 3 91.057     	 2 91.892     	35 92.010     	14 92.546     	26 91.928     	
Lap 22	42 89.740     	29 90.913     	47 90.470     	80 91.031     	30 91.536     	94 90.845     	74 91.638     	19 91.489     	98 91.275     	81 91.412     	31 90.285     	41 91.754     	69 91.632     	11 91.388     	53 92.569     	82 91.082     	 3 90.762     	 2 91.494     	14 92.132     	35 92.547     	26 92.576     	
Lap 23	42 90.242     	47 90.607     	80 90.817     	74 91.143     	98 90.948     	41 91.730     	29 109.741 PIT	30 109.779 PIT	94 109.172 PIT	 2 91.714     	19 110.291 PIT	81 109.981 PIT	31 110.061 PIT	69 110.079 PIT	11 110.640 PIT	53 110.493 PIT	35 92.760     	82 112.226 PIT	 3 109.859 PIT	14 109.860 PIT	26 111.163 PIT	
Lap 24	47 90.669     	42 109.081 PIT	98 92.478     	41 90.807     	29 89.643     	80 109.356 PIT	94 89.869     	30 90.521     	81 89.973     	19 90.270     	31 89.819     	 2 91.947     	74 110.794 PIT	69 91.041     	11 91.305     	53 90.370     	82 90.115     	35 92.724     	 3 89.971     	14 90.195     	26 91.246     	
Lap 25	42 89.463     	98 91.045     	29 88.630     	41 91.002     	47 109.457 PIT	80 89.922     	30 89.710     	94 89.992     	31 89.725     	19 90.089     	81 90.452     	74 90.741     	69 89.914     	11 90.700     	53 91.270     	82 90.693     	 3 90.895     	 2 112.094 PIT	14 89.876     	26 90.975     	35 110.596 PIT	
Lap 26	42 89.061     	29 90.211     	47 88.802     	30 89.845     	80 90.234     	94 89.781     	31 90.008     	19 90.209     	81 89.998     	74 89.204     	69 89.594     	98 109.815 PIT	11 89.526     	53 89.582     	41 111.873 PIT	82 90.025     	 3 90.351     	 2 91.650     	14 91.865     	26 90.311     	35 91.198     	
Lap 27	42 88.978     	29 89.175     	47 89.223     	94 89.851     	80 90.024     	30 90.054     	74 89.030     	19 89.833     	31 90.465     	81 90.335     	69 90.320     	98 90.555     	11 89.220     	53 89.282     	41 90.507     	 3 90.456     	82 92.325     	 2 90.692     	14 90.687     	26 90.434     	35 90.692     	
Lap 28	42 89.162     	29 88.901     	47 88.958     	30 89.759     	80 89.998     	94 90.185     	31 90.187     	74 90.373     	81 89.696     	19 90.489     	69 89.876     	98 90.261     	53 89.651     	11 91.354     	41 89.147     	 3 90.478     	82 90.840     	 2 90.625     	14 90.373     	26 90.228     	35 90.848     	
Lap 29	42 88.707     	29 89.131     	47 88.983     	30 89.808     	80 89.623     	94 89.603     	19 89.761     	74 89.998     	31 90.579     	81 90.643     	69 90.607     	98 89.783     	53 90.364     	11 91.169     	41 89.895     	 3 90.670     	82 91.104     	 2 91.384     	14 91.112     	26 90.837     	35 90.806     	
Lap 30	42 88.715     	29 89.066     	47 89.312     	94 90.004     	30 90.178     	80 90.480     	19 90.566     	74 90.536     	31 90.412     	81 90.327     	98 90.161     	69 90.743     	53 89.365     	11 90.113     	41 89.976     	 3 89.931     	82 90.197     	 2 91.499     	14 91.071     	26 90.060     	35 91.127     	
Lap 31	42 88.822     	29 89.286     	47 89.066     	94 90.082     	80 89.837     	30 90.458     	19 90.322     	81 89.912     	74 90.914     	31 90.701     	98 90.374     	69 90.355     	53 91.507     	11 90.018     	41 90.390     	 3 90.539     	82 90.104     	26 90.094     	 2 91.439     	14 91.579     	35 91.316     	
Lap 32	42 88.781     	29 89.330     	47 89.521     	94 89.950     	30 89.459     	80 90.342     	81 90.365     	19 90.621     	74 90.713     	31 91.278     	98 90.497     	69 90.464     	53 90.183     	11 90.484     	41 90.170     	 3 91.041     	82 90.936     	 2 91.287     	14 91.166     	26 91.787     	35 91.531     	
Lap 33	42 89.587     	29 89.044     	47 88.771     	30 89.941     	94 90.251     	80 90.115     	81 90.093     	19 90.545     	74 90.703     	31 91.006     	98 90.595     	69 90.711     	53 90.742     	11 90.377     	41 90.352     	 3 91.021     	82 91.739     	14 91.129     	 2 91.491     	26 91.455     	35 91.069     	
Lap 34	42 89.352     	29 89.669     	47 89.544     	30 89.957     	80 89.417     	94 90.460     	81 90.057     	19 90.572     	74 90.650     	31 89.606     	98 90.210     	69 90.896     	11 90.157     	53 90.961     	41 90.207     	 3 89.973     	82 89.958     	 2 91.607     	14 91.961     	26 91.892     	35 91.739     	
Lap 35	42 89.210     	29 89.014     	47 89.117     	30 90.091     	94 89.701     	80 90.458     	81 89.710     	19 90.371     	31 90.662     	74 91.081     	98 89.111     	69 90.572     	11 90.318     	41 90.167     	53 90.569     	 3 90.527     	82 89.976     	 2 91.700     	14 91.578     	26 91.479     	35 91.262     	
Lap 36	42 89.137     	29 89.333     	47 89.694     	80 89.447     	30 90.312     	94 90.618     	81 90.107     	19 89.684     	31 90.666     	74 90.459     	98 90.792     	69 90.310     	11 91.002     	41 90.714     	53 91.929     	 3 90.966     	82 91.426     	14 91.268     	 2 91.972     	26 91.658     	35 91.184     	
Lap 37	42 89.189     	29 89.739     	47 89.127     	80 90.830     	30 90.778     	94 90.617     	81 89.750     	19 89.847     	74 89.940     	31 90.344     	98 89.357     	69 90.303     	11 90.590     	41 90.538     	53 89.449     	 3 90.230     	82 90.638     	14 91.879     	 2 92.094     	26 92.494     	35 91.359     	
Lap 38	42 89.725     	29 89.779     	47 89.754     	80 89.995     	30 90.437     	94 90.825     	81 89.522     	19 89.454     	98 90.372     	74 90.894     	31 90.684     	69 89.844     	11 90.730     	41 90.819     	53 92.301     	 3 90.881     	82 90.196     	14 91.960     	 2 91.282     	26 91.802     	35 91.219     	
Lap 39	42 89.547     	29 89.459     	47 89.314     	80 90.892     	30 90.740     	94 90.631     	81 89.776     	19 89.957     	98 90.330     	74 90.764     	31 91.265     	69 90.541     	11 90.920     	41 91.168     	53 89.731     	 3 91.071     	82 90.713     	26 90.919     	 2 92.130     	14 92.306     	35 91.482     	
Lap 40	42 89.926     	29 90.156     	47 89.817     	80 90.407     	30 90.875     	94 91.058     	81 89.924     	19 90.250     	98 90.594     	74 90.600     	31 90.837     	69 89.681     	11 91.048     	41 91.326     	53 91.844     	 3 91.362     	82 91.215     	 2 91.432     	26 91.803     	14 92.172     	35 91.523     	
Lap 41	42 89.776     	29 90.395     	47 90.744     	80 90.608     	30 89.881     	94 90.025     	81 90.256     	19 90.043     	98 90.583     	74 90.957     	31 90.786     	69 91.034     	11 91.006     	41 91.088     	53 92.216     	 3 91.235     	82 92.146     	 2 91.786     	26 91.852     	14 92.477     	35 91.431     	
Lap 42	42 89.648     	47 90.041     	29 91.211     	30 89.929     	80 90.980     	94 90.113     	81 89.858     	19 89.601     	98 90.925     	74 91.548     	31 90.959     	69 90.939     	11 91.292     	41 90.731     	53 90.142     	 3 90.379     	82 91.180     	 2 92.295     	26 92.289     	14 91.290     	35 91.985     	
Lap 43	42 90.094     	29 89.731     	47 90.457     	30 90.988     	80 90.614     	94 90.172     	81 90.538     	19 90.040     	98 89.978     	74 90.840     	31 90.829     	69 91.386     	11 91.613     	41 91.469     	53 90.431     	 3 90.693     	82 91.069     	 2 91.956     	26 92.123     	14 92.440     	35 91.688     	
Lap 44	42 89.753     	29 90.535     	47 90.193     	94 90.605     	30 91.537     	80 91.321     	81 91.053     	19 90.585     	98 89.630     	74 90.898     	31 92.001     	69 90.863     	11 90.969     	41 91.052     	53 92.448     	 3 90.863     	82 91.567     	 2 92.211     	26 92.157     	14 92.543     	35 91.911     	
Lap 45	42 89.959     	47 90.878     	29 91.529     	94 91.370     	80 90.968     	30 91.517     	81 91.331     	19 91.348     	98 90.050     	74 90.272     	31 91.014     	69 91.073     	11 91.262     	41 91.310     	53 90.785     	 3 90.964     	82 91.176     	 2 91.857     	26 92.192     	14 91.899     	35 92.453     	
Lap 46	42 90.632     	47 91.174     	29 108.523 PIT	80 90.902     	19 91.152     	98 89.986     	74 90.933     	69 91.979     	94 109.687 PIT	41 91.070     	11 91.357     	30 109.665 PIT	81 109.928 PIT	82 90.876     	31 109.984 PIT	53 109.697 PIT	 3 109.821 PIT	 2 92.288     	35 92.655     	14 110.018 PIT	26 110.981 PIT	
Lap 47	42 89.951     	47 90.517     	29 89.048     	80 89.972     	98 90.365     	30 89.914     	94 90.665     	41 91.405     	11 92.128     	81 89.704     	19 109.351 PIT	82 91.883     	74 109.385 PIT	31 89.530     	69 109.259 PIT	53 89.484     	 3 89.810     	 2 91.854     	35 91.696     	26 91.238     	14 91.799     	
Lap 48	42 90.605     	29 88.618     	47 109.110 PIT	98 90.798     	80 108.749 PIT	30 89.847     	94 90.068     	41 91.083     	81 90.050     	19 89.347     	82 91.943     	74 89.803     	31 88.814     	69 89.225     	53 89.162     	 3 90.038     	11 110.897 PIT	 2 91.193     	14 91.228     	26 91.663     	35 108.949 PIT	
Lap 49	42 90.631     	29 88.862     	47 89.548     	98 90.656     	80 89.759     	30 90.204     	94 90.395     	81 90.184     	19 89.629     	41 91.592     	31 90.118     	74 90.619     	69 89.793     	53 89.347     	11 89.929     	 3 90.425     	82 111.506 PIT	 2 91.810     	26 91.135     	14 91.554     	35 91.334     	
Lap 50	42 109.681 PIT	29 88.649     	47 88.901     	80 90.318     	30 89.886     	94 90.525     	19 90.267     	81 90.421     	98 109.751 PIT	74 89.716     	31 90.442     	69 89.363     	53 89.467     	11 90.135     	41 110.527 PIT	 3 92.897     	82 90.479     	 2 92.252     	14 91.152     	26 91.378     	35 91.306     	
Lap 51	42 88.913     	29 89.105     	47 89.204     	30 89.648     	80 90.074     	94 88.856     	19 89.891     	81 90.341     	98 89.137     	74 90.694     	69 89.758     	31 90.954     	53 89.135     	11 89.821     	41 89.853     	 3 90.170     	82 89.834     	26 91.140     	14 91.304     	 2 110.043 PIT	35 91.041     	
Lap 52	42 89.196     	29 89.228     	47 88.832     	30 90.276     	94 90.145     	80 90.372     	19 89.606     	81 90.654     	98 88.658     	69 90.033     	31 90.137     	74 90.764     	53 89.126     	11 89.429     	41 89.667     	 3 89.758     	82 90.247     	26 91.864     	14 91.984     	35 90.780     	 2 91.898     	
Lap 53	42 89.022     	29 89.462     	47 89.011     	80 89.263     	30 89.745     	94 89.924     	19 88.948     	81 89.042     	98 89.212     	74 89.817     	31 90.142     	69 90.607     	53 89.640     	11 89.006     	41 89.857     	 3 89.825     	82 90.456     	26 91.141     	35 91.570     	14 91.710     	 2 91.043     	
Lap 54	42 88.731     	29 89.326     	47 88.587     	80 90.142     	30 90.334     	94 90.063     	19 89.178     	81 89.847     	98 89.548     	31 89.852     	74 90.862     	53 89.503     	69 90.823     	11 89.845     	41 89.517     	 3 90.387     	82 89.975     	26 91.211     	14 90.962     	35 91.180     	 2 91.410     	
Lap 55	42 89.423     	29 89.149     	47 88.598     	80 90.251     	30 90.049     	94 90.384     	19 90.541     	81 89.019     	98 89.305     	31 89.905     	74 90.053     	69 90.490     	53 90.614     	11 89.524     	41 89.130     	 3 90.599     	82 90.317     	14 91.076     	26 92.005     	35 91.590     	 2 91.676     	
Lap 56	42 89.374     	29 88.939     	47 88.646     	80 90.314     	30 90.538     	94 90.365     	19 90.233     	81 90.529     	98 89.768     	31 90.381     	74 90.336     	69 90.171     	53 91.348     	11 89.579     	41 89.866     	 3 90.235     	82 90.520     	26 91.391     	14 91.780     	35 91.553     	 2 91.463     	
Lap 57	42 89.284     	29 89.695     	47 89.573     	80 90.162     	30 90.495     	94 90.829     	19 90.146     	81 89.450     	98 89.330     	31 90.496     	74 90.162     	69 90.834     	53 90.025     	11 89.885     	41 89.582     	 3 89.940     	82 90.575     	26 91.237     	14 91.823     	 2 91.744     	35 93.594     	
Lap 58	42 89.185     	29 89.749     	47 89.616     	80 90.271     	30 90.769     	94 90.550     	19 90.779     	81 90.407     	98 89.595     	31 90.308     	74 90.500     	69 90.552     	53 91.795     	11 89.654     	41 89.784     	 3 90.831     	82 89.852     	26 91.201     	14 91.102     	 2 90.899     	35 91.812     	
Lap 59	42 89.350     	29 89.884     	47 89.642     	80 88.991     	30 90.949     	98 88.956     	81 90.477     	94 90.838     	19 90.498     	31 90.439     	74 89.955     	69 89.439     	53 89.840     	11 89.907     	41 89.258     	 3 90.261     	82 89.856     	26 91.650     	14 91.936     	 2 91.431     	35 91.307     	
Lap 60	42 89.723     	29 89.432     	47 89.368     	80 89.667     	30 90.489     	19 90.183     	81 90.212     	98 90.777     	94 91.019     	31 90.207     	74 90.578     	69 91.116     	53 90.254     	11 90.216     	41 89.349     	 3 90.004     	82 90.669     	26 91.404     	 2 91.098     	14 91.720     	35 91.714     	
Lap 61	42 89.615     	29 89.929     	47 88.952     	80 89.001     	30 90.233     	19 90.318     	81 90.932     	98 90.827     	94 90.441     	31 90.197     	74 90.057     	69 89.919     	53 90.234     	41 90.238     	11 90.673     	 3 90.878     	82 90.595     	26 91.713     	 2 91.378     	14 92.152     	35 91.417     	
Lap 62	42 89.079     	29 89.261     	47 89.381     	80 89.083     	19 90.175     	30 90.725     	94 90.125     	98 90.415     	81 91.184     	31 90.564     	74 90.224     	69 90.325     	53 90.539     	41 91.050     	11 91.326     	 3 90.926     	82 90.769     	26 91.943     	14 90.642     	 2 92.183     	35 91.580     	
Lap 63	42 89.318     	29 89.564     	47 89.684     	80 90.025     	19 90.360     	30 90.897     	98 90.712     	94 90.962     	81 91.044     	74 90.667     	31 90.955     	69 90.276     	53 89.747     	41 91.151     	11 91.296     	 3 90.675     	82 90.871     	14 91.464     	 2 91.350     	26 92.347     	35 91.832     	
Lap 64	42 89.015     	29 90.162     	47 89.901     	80 89.386     	19 90.870     	30 91.103     	98 90.645     	94 91.302     	81 90.890     	31 90.948     	74 91.274     	69 91.127     	53 89.896     	41 90.353     	11 91.278     	 3 90.754     	82 90.912     	14 92.242     	 2 92.092     	26 92.643     	35 91.701     	
Lap 65	42 89.326     	29 90.199     	47 89.472     	80 89.393     	19 89.611     	98 90.614     	30 91.063     	94 90.625     	81 91.252     	31 91.405     	74 91.336     	69 91.111     	53 92.435     	41 89.829     	11 89.866     	 3 91.149     	82 90.761     	 2 91.272     	14 91.671     	26 92.285     	35 92.167     	
Lap 66	42 89.826     	47 90.313     	29 90.869     	80 89.852     	19 89.873     	98 90.917     	30 91.233     	94 90.939     	81 90.624     	31 90.736     	74 91.406     	69 91.291     	53 90.742     	41 90.139     	11 90.001     	 3 90.737     	82 90.585     	 2 92.063     	14 92.880     	26 91.686     	35 91.600     	
Lap 67	42 90.015     	29 89.370     	47 90.451     	80 89.894     	19 89.747     	98 91.209     	30 91.145     	94 91.432     	81 90.891     	31 90.648     	69 90.827     	74 91.573     	53 91.379     	41 91.290     	11 90.450     	 3 91.021     	82 91.311     	 2 91.324     	14 92.262     	26 92.337     	35 92.089     	
Lap 68	42 89.413     	29 90.060     	47 89.658     	80 89.474     	19 90.094     	98 90.432     	30 91.519     	81 91.112     	94 91.490     	31 90.151     	74 91.321     	69 91.482     	53 91.338     	41 90.820     	11 91.609     	 3 91.447     	82 90.824     	 2 91.450     	14 92.117     	26 92.818     	35 91.985     	
Lap 69	42 90.230     	47 91.016     	29 109.326 PIT	80 89.952     	19 90.479     	98 90.550     	30 90.934     	94 90.786     	31 90.655     	74 91.017     	69 91.653     	41 91.370     	53 91.749     	11 90.575     	81 109.728 PIT	82 91.233     	 3 110.254 PIT	 2 90.638     	14 91.637     	35 92.409     	26 110.554 PIT	
Lap 70	42 90.375     	47 90.609     	29 89.020     	80 89.773     	19 90.895     	98 90.618     	31 90.653     	74 91.728     	69 91.936     	41 91.208     	53 91.859     	11 92.020     	81 89.003     	94 109.682 PIT	30 110.179 PIT	82 90.668     	 3 90.293     	 2 91.451     	35 91.723     	14 110.513 PIT	26 92.040     	
Lap 71	42 89.842     	29 89.291     	47 109.204 PIT	19 90.342     	98 90.285     	80 109.083 PIT	69 91.494     	41 91.063     	53 91.636     	81 90.376     	11 91.713     	30 90.129     	94 90.452     	31 109.809 PIT	82 91.164     	74 110.548 PIT	 3 90.253     	 2 91.051     	14 90.904     	35 109.941 PIT	26 91.548     	
Lap 72	42 90.153     	29 89.256     	47 89.308     	98 90.677     	80 89.238     	19 110.031 PIT	81 90.061     	41 91.960     	53 91.967     	30 89.705     	94 90.470     	31 89.094     	74 89.634     	82 91.209     	69 110.333 PIT	11 111.261 PIT	 3 89.554     	 2 91.146     	14 90.319     	26 91.194     	35 91.289     	
Lap 73	42 109.627 PIT	29 89.205     	47 88.757     	98 90.411     	80 88.799     	19 89.378     	81 89.949     	30 90.254     	94 90.058     	31 88.653     	74 90.578     	69 89.273     	82 93.462     	41 109.630 PIT	11 89.922     	53 111.321 PIT	 3 89.726     	 2 91.853     	14 90.599     	26 91.042     	35 91.074     	
Lap 74	42 89.035     	29 89.108     	47 88.916     	80 89.427     	19 88.847     	81 88.997     	98 110.231 PIT	30 90.044     	94 90.457     	31 89.015     	74 89.011     	41 89.802     	11 89.027     	53 89.514     	82 92.940     	 3 90.059     	69 112.794 PIT	 2 91.880     	14 90.097     	35 91.409     	26 91.729     	
Lap 75	42 88.518     	29 88.899     	47 88.678     	80 89.009     	19 88.984     	81 89.205     	98 90.210     	30 90.133     	94 90.138     	31 89.101     	74 89.826     	41 89.990     	11 90.680     	53 90.028     	 3 89.897     	69 89.906     	82 112.134 PIT	14 90.442     	 2 110.876 PIT	35 90.776     	26 91.542     	
Lap 76	42 88.975     	29 89.423     	47 89.453     	80 89.012     	19 89.348     	81 89.739     	98 89.975     	94 89.054     	30 90.122     	31 89.563     	74 89.680     	41 89.733     	11 89.083     	53 89.536     	 3 89.632     	69 89.810     	82 89.847     	14 90.562     	 2 91.015     	35 92.238     	26 91.789     	
Lap 77	42 88.841     	29 88.847     	47 89.213     	80 89.110     	19 89.325     	81 89.401     	30 89.210     	98 89.674     	94 89.755     	31 89.450     	74 89.254     	41 89.882     	53 89.001     	11 90.763     	 3 90.409     	69 89.220     	82 90.300     	14 90.202     	 2 90.010     	35 90.967     	26 91.054     	
Lap 78	42 88.979     	29 89.045     	47 89.027     	80 89.461     	19 89.363     	81 88.952     	98 90.071     	94 90.049     	30 90.754     	31 88.843     	74 89.922     	41 89.957     	53 90.468     	11 90.853     	 3 89.961     	69 89.516     	82 90.166     	14 90.833     	 2 90.183     	35 90.914     	26 91.745     	
Lap 79	42 89.499     	29 89.110     	47 88.827     	80 88.849     	19 88.969     	81 89.009     	30 89.188     	98 89.865     	94 89.989     	31 89.072     	74 89.228     	41 89.211     	53 90.693     	11 90.478     	 3 89.855     	69 89.285     	82 90.257     	14 90.466     	 2 90.516     	35 89.978     	26 91.257     	
Lap 80	42 89.068     	29 89.533     	47 88.795     	80 89.411     	19 89.420     	81 89.462     	98 89.748     	30 89.884     	94 89.794     	31 89.351     	74 89.730     	41 89.651     	11 90.487     	53 90.892     	 3 90.018     	69 89.819     	82 89.889     	14 91.048     	 2 90.029     	35 90.595     	26 91.133     	

-- OFFICIAL RESULTS --
Pos	#No	Driver						Team					Time		Diff		Pits	Best
01	#42	OOS	Frank Oosterhout		Cows Go Moo Racing		2:0:20.410	-0.000		3		88.518
02	#29	ALU	Sago Aludetsei			Dotruga Formula Racing	2:0:31.485	-11.075		3		88.618
03	#47	PAV	ketila léqa pavúteka	Team Solea Racing		2:0:33.833	-13.423		3		88.587
04	#80	AYA	Ifloenne é Aya			Team V.V. Imperial		2:1:00.899	-40.489		3		88.799
05	#19	ZAI	khélok atep zailunaɰ	Team Solea Racing		2:1:14.147	-53.737		3		88.847
06	#81	KÆR	Lyǽs Kæræsekæræn		Team V.V. Imperial		2:1:19.548	-59.138		3		88.952
07	#98	MOT	Gorga Motxev			Dotruga Formula Racing	2:1:26.054	-65.644		3		88.658
08	#30	WIS	Josh Wise				BONGATAR				2:1:26.060	-65.650		3		89.188
09	#94	NES	At'ipi Nesbeksë			Team Diigikwk Racers	2:1:26.547	-66.137		3		88.856
10	#31	ŠAŊ	xap'ít celentir šaŋév	Team Solea Racing		2:1:28.399	-67.989		3		88.653
11	#74	KON	Bařàsiz Konoca			Team Diigikwk Racers	2:1:38.160	-77.750		3		89.011
12	#41	CAN	Olga Candy				Cows Go Moo Racing		2:1:43.042	-82.632		3		89.130
13	#11	KEG	Tuto Keget				Dotruga Formula Racing	2:1:47.676	-87.266		3		89.006
14	#53	TÀC	Ešuro Tàcràɰë			Team Diigikwk Racers	2:1:47.906	-87.496		3		89.001
15	# 3	BOB	Bob						BONGATAR				2:1:49.963	-89.553		3		89.554
16	#69	SAN	Marisa Sanchez			Cows Go Moo Racing		2:2:03.069	-102.659	4		89.220
17	#82	SAN	Nukki Savra Sanda		Team V.V. Imperial		2:2:10.021	-109.611	3		89.834
18	#14	HÚC	Daseno Húctu			Team Vikasani			2:2:53.995	-153.585	3		89.876
19	# 2	HID	Body Hide				BONGATAR				2:2:54.293	-153.883	3		90.010
20	#35	AKA	Asaúni Akaleta			Team Vikasani			2:3:00.975	-160.565	3		89.978
21	#26	ILI	Rikvisi Iliria			Team Vikasani			2:3:04.231	-163.821	3		90.060

-- RACE INCIDENT REPORT --
Marisa Sanchez made a mistake while attempting an overtake on lap 2.
Bob made a mistake while attempting an overtake on lap 5.
khélok atep zailunaɰ made a mistake while attempting an overtake on lap 10.
Frank Oosterhout made a mistake on lap 18.
ketila léqa pavúteka made a mistake on lap 27.
Bob made a mistake while attempting an overtake on lap 50.
Asaúni Akaleta made a mistake while attempting an overtake on lap 57.
Marisa Sanchez made a pit stop to repair damage caused by a large incident on lap 74.
Asaúni Akaleta made a mistake while attempting an overtake on lap 76.
