-- LAP TIMES --
Lap 0	29 0.000     	30 0.000     	42 0.100     	53 0.100     	80 0.200     	74 0.200     	47 0.300     	 4 0.300     	31 0.400     	94 0.400     	81 0.500     	44 0.500     	19 0.600     	 3 0.600     	69 0.700     	 1 0.700     	11 0.800     	98 0.800     	41 0.900     	20 0.900     	 2 1.000     	22 1.000     	21 1.100     	 5 1.100     	
Lap 1	30 105.643     	29 105.999     	53 106.124     	 4 106.010     	42 106.216     	80 106.177     	74 106.395     	94 106.231     	31 106.421     	47 106.552     	 3 106.253     	81 106.688     	44 106.869     	98 106.760     	 1 106.917     	69 107.083     	19 107.403     	11 107.214     	41 107.119     	20 107.471     	22 107.453     	 2 107.542     	21 107.826     	 5 108.431     	
Lap 2	29 105.875     	30 106.328     	42 106.242     	53 106.546     	74 106.216     	 4 106.518     	80 106.499     	47 106.138     	94 106.731     	 3 106.927     	31 107.056     	44 106.860     	81 107.073     	98 107.227     	69 107.062     	19 106.924     	11 107.151     	 1 107.632     	41 107.444     	 2 107.284     	20 107.522     	22 107.855     	21 108.296     	 5 108.622     	
Lap 3	29 105.813     	30 105.794     	42 106.205     	47 106.131     	 4 106.330     	53 106.404     	74 106.508     	80 106.689     	94 106.277     	 3 106.279     	31 106.733     	81 106.977     	44 107.180     	98 107.059     	11 106.738     	 1 106.998     	41 106.813     	19 107.450     	69 107.757     	 2 107.735     	20 108.025     	22 108.091     	21 108.493     	 5 108.450     	
Lap 4	29 106.068     	30 106.519     	 4 106.071     	42 106.862     	74 106.326     	47 106.626     	53 106.658     	80 106.487     	 3 106.625     	94 107.212     	31 106.829     	81 107.013     	44 106.979     	41 106.627     	98 107.066     	19 106.775     	11 107.253     	 1 107.118     	69 107.368     	 2 107.568     	22 107.468     	20 107.979     	21 108.452     	 5 108.516     	
Lap 5	29 106.020     	30 105.681     	 4 106.634     	42 106.280     	47 106.414     	80 106.325     	74 106.860     	53 106.850     	 3 106.553     	94 106.841     	31 106.700     	44 107.137     	41 106.792     	81 107.520     	98 107.228     	19 107.164     	 1 107.167     	11 107.578     	69 107.495     	 2 107.566     	22 107.564     	20 108.117     	21 108.694     	 5 108.652     	
Lap 6	30 105.457     	29 106.482     	42 106.158     	 4 106.519     	53 105.980     	47 106.541     	74 106.617     	80 106.812     	 3 106.643     	94 107.096     	31 107.558     	41 106.802     	44 107.368     	81 107.230     	 1 106.895     	19 107.207     	11 106.893     	98 107.934     	69 107.082     	 2 107.629     	20 107.614     	22 108.278     	21 108.597     	 5 108.307     	
Lap 7	30 106.682     	29 106.029     	 4 106.150     	47 106.141     	42 106.802     	53 106.561     	80 107.024     	74 107.161     	 3 106.475     	94 107.084     	31 107.598     	81 106.972     	41 107.575     	44 107.239     	19 106.934     	11 107.507     	 1 107.819     	98 107.597     	69 107.888     	 2 106.524     	20 107.816     	22 108.446     	21 108.458     	 5 108.276     	
Lap 8	29 105.976     	30 106.538     	 4 106.843     	53 106.501     	47 106.983     	42 107.063     	74 106.716     	94 105.461     	 3 107.082     	80 107.251     	31 107.574     	81 107.234     	44 107.137     	41 107.496     	19 107.265     	11 107.028     	 1 107.222     	98 107.627     	69 107.502     	 2 107.378     	20 108.252     	22 108.042     	21 108.171     	 5 108.667     	
Lap 9	29 105.860     	30 105.553     	42 105.885     	 4 106.568     	47 106.486     	53 106.659     	80 105.525     	74 106.439     	94 107.083     	 3 107.449     	31 107.542     	81 107.250     	44 107.204     	19 107.078     	41 107.611     	11 107.256     	 1 107.623     	98 107.541     	69 107.485     	 2 108.072     	20 108.358     	22 107.909     	21 108.445     	 5 108.840     	
Lap 10	30 105.823     	29 106.331     	47 106.680     	42 107.206     	 4 107.201     	53 107.078     	80 106.980     	74 107.216     	94 106.909     	 3 107.703     	31 107.061     	44 107.000     	81 107.834     	19 107.776     	11 107.252     	41 107.559     	 1 107.704     	98 108.128     	69 107.627     	 2 107.471     	20 108.467     	22 108.523     	21 107.310     	 5 109.241     	
Lap 11	30 106.079     	29 106.684     	42 106.564     	47 106.845     	 4 107.209     	53 107.025     	80 106.609     	74 107.008     	94 107.170     	 3 106.052     	31 107.165     	44 107.893     	11 106.985     	81 107.493     	 1 106.267     	41 107.711     	19 108.023     	69 107.469     	98 107.754     	 2 108.248     	20 108.018     	22 108.639     	21 107.703     	 5 109.107     	
Lap 12	30 105.055     	29 105.899     	47 106.504     	53 106.413     	42 107.352     	 4 106.902     	80 106.894     	74 107.216     	 3 107.419     	94 107.622     	31 107.724     	44 107.586     	 1 107.297     	81 107.684     	11 107.918     	19 107.166     	41 107.950     	98 107.783     	 2 107.099     	20 108.492     	22 108.778     	21 107.921     	 5 108.680     	69 127.931 DRY	
Lap 13	30 105.181     	29 105.970     	47 107.108     	 4 106.432     	80 106.338     	53 107.025     	42 107.043     	74 106.235     	94 106.498     	 3 107.157     	44 107.031     	31 107.792     	81 107.319     	 1 107.678     	11 107.533     	19 108.048     	41 107.643     	98 108.234     	 2 108.565     	20 107.094     	22 107.802     	21 107.868     	 5 108.363     	69 107.663     	
Lap 14	30 105.052     	29 105.209     	47 106.790     	80 106.842     	53 107.119     	 4 107.372     	74 106.094     	42 108.172     	94 107.752     	 3 107.830     	44 107.346     	31 107.279     	 1 107.609     	11 107.600     	81 108.037     	41 107.340     	19 107.878     	98 107.915     	 2 107.898     	20 107.665     	22 106.897     	21 108.099     	 5 107.734     	69 107.739     	
Lap 15	30 106.112     	29 105.920     	47 107.161     	53 106.727     	 4 106.877     	80 107.671     	74 107.329     	42 106.482     	94 107.612     	 3 108.087     	44 107.737     	31 107.898     	 1 107.504     	11 107.899     	41 107.286     	81 108.176     	19 107.527     	98 107.880     	 2 108.228     	20 108.940     	22 108.731     	21 107.869     	 5 108.370     	69 107.674     	
Lap 16	30 105.745     	29 106.029     	47 106.953     	53 106.599     	 4 107.298     	80 107.067     	74 107.049     	42 107.353     	94 106.096     	 3 106.764     	31 107.292     	44 108.018     	 1 108.214     	81 107.596     	19 107.579     	41 108.164     	11 108.292     	98 106.854     	 2 107.261     	20 109.020     	22 108.900     	21 108.086     	 5 108.296     	69 107.319     	
Lap 17	30 105.542     	29 105.506     	47 107.173     	53 107.520     	80 107.183     	 4 107.726     	42 107.258     	74 107.790     	94 106.407     	 3 106.882     	31 107.581     	44 107.470     	 1 107.694     	81 107.752     	41 108.191     	11 108.165     	19 108.479     	98 107.512     	 2 107.364     	20 108.952     	22 108.385     	21 107.539     	 5 108.316     	69 107.075     	
Lap 18	30 105.436     	29 105.917     	47 107.361     	53 107.717     	42 106.881     	 4 107.458     	94 106.362     	74 107.649     	80 108.502     	 3 106.870     	44 107.666     	31 108.153     	 1 108.107     	81 108.406     	41 108.083     	19 107.876     	11 108.276     	98 106.982     	 2 107.660     	22 108.726     	20 109.047     	21 109.302     	 5 108.960     	69 107.193     	
Lap 19	30 106.326     	29 106.312     	47 107.832     	53 107.233     	 4 107.554     	42 107.884     	94 107.724     	74 107.553     	80 107.528     	 3 106.662     	44 108.311     	31 108.454     	 1 108.482     	19 107.917     	41 108.224     	11 108.393     	98 108.511     	81 110.486     	 2 107.469     	20 108.437     	22 108.896     	21 109.498     	69 107.646     	 5 110.160     	
Lap 20	30 105.866     	47 107.477     	53 107.409     	 4 107.477     	80 107.190     	29 124.288 DRY	94 108.432     	19 108.046     	11 108.530     	 2 108.239     	42 125.474 DRY	74 126.301 DRY	 3 124.973 DRY	22 108.936     	44 125.908 DRY	31 127.153 DRY	69 105.957     	41 125.873 DRY	 1 126.939 DRY	98 127.043 DRY	81 126.331 DRY	20 127.036 DRY	21 126.524 DRY	 5 127.536 DRY	
Lap 21	30 124.668 DRY	29 105.794     	47 107.977     	80 107.584     	11 107.376     	42 105.195     	53 125.808 DRY	 4 125.368 DRY	74 106.639     	 3 107.632     	94 126.019 DRY	44 105.770     	22 108.267     	31 107.561     	41 107.004     	69 107.553     	19 125.566 DRY	 1 107.352     	98 107.336     	 2 125.437 DRY	81 107.753     	20 107.038     	21 107.117     	 5 108.405     	
Lap 22	30 105.292     	29 105.767     	42 105.453     	53 106.207     	 4 106.269     	74 106.003     	47 126.097 DRY	94 105.740     	80 125.559 DRY	 3 107.173     	44 105.795     	31 107.044     	41 106.505     	19 107.019     	69 107.967     	 1 107.773     	11 125.810 DRY	81 106.982     	98 107.591     	 2 108.029     	20 107.157     	21 106.905     	22 126.820 DRY	 5 108.461     	
Lap 23	30 105.324     	29 105.429     	42 105.437     	 4 106.068     	74 106.802     	53 108.412     	80 106.086     	47 106.874     	 3 105.217     	94 106.798     	44 105.676     	41 106.771     	31 107.308     	19 106.911     	69 107.535     	 1 107.576     	11 107.525     	81 107.122     	98 107.513     	 2 107.092     	20 107.569     	21 108.356     	22 106.582     	 5 108.522     	
Lap 24	30 105.275     	29 104.908     	42 104.939     	 4 105.670     	74 106.390     	53 106.606     	94 105.805     	47 106.580     	80 106.714     	 3 107.124     	44 105.852     	41 106.788     	31 107.181     	19 106.986     	 1 107.045     	69 107.614     	11 107.282     	81 107.083     	98 107.617     	 2 107.428     	20 106.591     	22 107.688     	21 108.179     	 5 109.005     	
Lap 25	30 105.338     	29 105.420     	42 105.404     	 4 105.739     	53 106.477     	94 106.675     	80 106.351     	47 106.390     	 3 106.667     	74 108.390     	44 105.820     	41 107.008     	31 106.632     	19 107.515     	 1 107.562     	69 107.926     	81 107.127     	98 107.107     	11 108.535     	 2 107.376     	20 106.967     	22 108.280     	21 108.166     	 5 108.259     	
Lap 26	30 105.395     	29 105.536     	42 105.327     	 4 105.372     	47 106.014     	53 106.622     	80 106.571     	74 105.713     	94 106.972     	 3 107.348     	44 105.618     	41 106.865     	31 107.142     	19 105.984     	 1 107.668     	81 107.017     	69 107.945     	98 107.370     	11 107.212     	 2 107.769     	20 107.221     	21 107.856     	22 108.229     	 5 109.171     	
Lap 27	30 104.902     	29 105.090     	42 105.671     	 4 105.193     	47 106.063     	53 106.334     	80 106.264     	94 106.571     	74 106.937     	 3 106.235     	44 106.300     	41 107.216     	31 107.201     	19 107.328     	81 106.781     	 1 107.603     	11 107.173     	69 107.989     	98 107.818     	 2 107.535     	20 107.110     	22 107.347     	21 107.810     	 5 108.313     	
Lap 28	30 105.425     	29 105.055     	42 105.548     	 4 105.302     	47 106.729     	53 106.466     	80 106.778     	94 107.132     	74 107.185     	 3 107.861     	44 106.579     	41 106.970     	31 106.832     	19 107.648     	81 107.740     	 1 107.424     	11 107.180     	69 107.887     	98 107.924     	 2 107.377     	20 106.707     	22 107.594     	21 107.993     	 5 108.304     	
Lap 29	30 105.066     	29 104.897     	42 105.683     	 4 105.844     	47 106.424     	80 106.180     	53 107.016     	94 106.819     	74 106.699     	 3 105.943     	44 106.487     	41 106.793     	19 105.913     	31 107.350     	81 107.698     	 1 107.944     	11 107.569     	69 107.776     	98 107.831     	 2 108.275     	20 106.584     	22 107.782     	21 108.812     	 5 109.276     	
Lap 30	30 105.621     	29 105.009     	42 105.526     	 4 105.535     	47 106.141     	80 106.680     	53 107.135     	74 106.585     	94 107.033     	 3 107.374     	44 106.704     	41 107.723     	19 107.374     	31 107.488     	81 106.878     	 1 107.091     	11 107.487     	69 107.864     	98 108.094     	 2 108.344     	20 106.918     	22 106.901     	21 107.639     	 5 108.804     	
Lap 31	30 105.686     	29 105.526     	42 105.403     	 4 105.629     	47 105.253     	80 107.415     	53 106.789     	74 106.961     	94 106.976     	 3 106.395     	44 106.289     	41 107.416     	19 107.115     	31 108.274     	81 107.004     	 1 107.802     	11 107.391     	69 108.027     	98 107.826     	 2 108.038     	20 107.458     	22 107.457     	21 106.984     	 5 109.344     	
Lap 32	30 105.475     	29 105.398     	42 105.843     	 4 106.161     	47 105.318     	80 107.014     	53 107.933     	74 107.363     	94 107.249     	 3 107.112     	44 106.112     	41 107.629     	19 107.639     	31 106.346     	81 106.802     	11 107.472     	 1 108.090     	98 108.043     	 2 107.224     	20 107.335     	22 107.398     	21 107.949     	69 126.837 DRY	 5 109.409     	
Lap 33	30 105.442     	29 105.656     	42 105.658     	 4 105.963     	47 105.669     	80 106.110     	53 107.172     	74 107.324     	94 107.689     	 3 107.201     	44 107.169     	41 108.002     	19 107.960     	31 108.317     	81 106.251     	 1 107.386     	11 107.682     	98 107.466     	 2 108.445     	20 107.590     	22 106.704     	21 107.139     	69 106.395     	 5 109.386     	
Lap 34	30 105.853     	29 105.215     	42 106.279     	 4 105.570     	47 106.028     	80 105.764     	53 106.339     	74 107.346     	44 106.956     	94 107.202     	 3 107.310     	19 107.313     	41 107.761     	81 106.399     	31 108.113     	 1 107.351     	11 107.448     	98 107.029     	 2 107.217     	20 107.714     	22 107.065     	21 107.810     	69 106.472     	 5 108.961     	
Lap 35	30 105.733     	29 105.684     	42 105.797     	 4 105.798     	47 106.073     	80 105.685     	53 106.180     	74 107.603     	44 107.373     	94 107.378     	 3 107.418     	41 107.182     	19 107.944     	81 108.026     	31 107.807     	11 107.966     	 1 108.269     	98 106.749     	 2 106.826     	20 106.986     	22 106.999     	21 107.633     	69 106.258     	 5 108.833     	
Lap 36	30 105.956     	29 105.823     	42 106.601     	 4 106.187     	47 105.965     	80 106.645     	53 106.270     	94 107.490     	74 107.785     	44 108.040     	 3 108.009     	41 107.404     	19 107.516     	81 107.859     	31 108.027     	11 107.459     	98 106.626     	 1 108.484     	 2 107.285     	20 107.824     	22 107.127     	69 107.758     	21 108.503     	 5 109.697     	
Lap 37	30 105.299     	29 105.792     	42 106.067     	 4 105.762     	47 105.654     	80 105.951     	53 106.410     	74 107.148     	94 107.739     	 3 107.233     	44 108.047     	41 107.809     	19 108.110     	81 107.781     	31 108.082     	11 107.346     	98 108.275     	 1 108.161     	 2 107.007     	20 107.280     	22 107.495     	69 107.107     	21 108.638     	 5 109.222     	
Lap 38	30 105.734     	29 106.060     	42 106.367     	 4 106.080     	47 105.802     	80 106.016     	53 106.337     	74 107.416     	44 106.760     	94 107.521     	 3 108.082     	41 108.177     	19 107.960     	81 108.360     	31 107.816     	11 106.804     	98 108.621     	 1 108.241     	 2 108.115     	20 107.935     	22 107.472     	69 106.095     	21 108.440     	 5 109.984     	
Lap 39	30 106.394     	29 105.908     	42 106.223     	 4 105.859     	47 106.224     	80 106.230     	53 105.778     	74 107.825     	44 107.752     	94 107.750     	 3 107.592     	41 108.152     	19 108.118     	81 108.542     	31 108.335     	11 107.019     	98 108.054     	 2 108.155     	 1 108.601     	20 107.733     	22 107.851     	69 106.881     	21 108.540     	 5 109.882     	
Lap 40	30 105.727     	29 106.574     	 4 106.677     	47 106.297     	80 106.710     	42 124.338 DRY	53 105.912     	74 107.646     	94 107.472     	44 110.226     	41 107.943     	19 108.596     	11 106.843     	31 108.367     	 3 126.977 DRY	 2 108.010     	20 107.722     	22 107.976     	69 105.994     	81 127.182 DRY	21 107.812     	98 126.542 DRY	 1 127.278 DRY	 5 127.861 DRY	
Lap 41	30 106.285     	29 124.924 DRY	 4 106.163     	47 106.347     	80 106.880     	42 106.838     	53 125.865 DRY	41 107.623     	74 125.594 DRY	19 107.102     	94 125.730 DRY	44 124.615 DRY	 3 107.452     	11 107.921     	69 107.608     	22 108.449     	81 105.821     	31 126.596 DRY	98 107.828     	 2 126.203 DRY	 1 106.897     	21 109.144     	20 126.481 DRY	 5 108.747     	
Lap 42	30 106.573     	29 104.934     	47 106.841     	80 106.972     	42 105.518     	 4 123.660 DRY	53 105.029     	74 106.962     	94 106.875     	19 108.002     	44 107.036     	 3 106.835     	69 107.983     	41 126.962 DRY	81 107.350     	22 108.755     	11 125.439 DRY	31 106.556     	98 106.873     	 1 107.052     	 2 107.997     	20 107.094     	21 126.662 DRY	 5 108.698     	
Lap 43	30 106.071     	29 104.993     	42 106.090     	80 107.613     	 4 105.391     	47 124.966 DRY	53 105.043     	94 106.323     	74 106.871     	 3 106.518     	44 106.832     	69 107.426     	41 107.139     	81 107.466     	11 107.303     	31 107.502     	19 127.602 DRY	 1 106.829     	98 107.829     	 2 107.533     	20 106.269     	22 127.607 DRY	21 107.148     	 5 108.442     	
Lap 44	29 105.211     	30 124.547 DRY	42 106.607     	 4 105.005     	47 105.269     	53 105.112     	80 125.698 DRY	74 106.567     	94 106.729     	44 105.997     	 3 107.207     	41 106.688     	69 107.559     	81 107.185     	11 107.260     	31 107.182     	19 107.803     	 1 107.128     	 2 106.445     	98 108.078     	20 106.924     	22 106.690     	21 107.452     	 5 108.566     	
Lap 45	30 105.712     	29 106.466     	42 106.421     	 4 106.295     	47 105.013     	53 105.375     	80 105.608     	94 106.647     	74 106.926     	 3 106.530     	44 107.542     	41 106.950     	81 107.438     	69 108.080     	11 106.767     	31 107.113     	19 106.346     	 1 107.674     	 2 107.829     	98 107.911     	20 106.732     	22 106.619     	21 106.912     	 5 108.155     	
Lap 46	30 105.974     	29 106.404     	 4 105.681     	42 106.973     	47 105.219     	53 105.421     	80 105.636     	74 106.016     	94 107.214     	44 106.180     	 3 106.395     	41 105.864     	81 107.159     	69 107.637     	31 106.815     	11 107.592     	19 107.287     	 1 106.917     	 2 107.981     	98 107.713     	20 107.882     	22 106.946     	21 107.090     	 5 109.091     	
Lap 47	30 105.839     	29 105.731     	 4 106.276     	42 105.694     	47 105.259     	53 104.940     	80 105.328     	74 107.105     	94 106.922     	44 107.261     	 3 107.116     	41 106.121     	31 106.932     	81 107.543     	19 106.748     	69 107.677     	11 107.441     	 1 106.637     	98 107.253     	 2 107.766     	20 108.083     	22 107.089     	21 107.378     	 5 108.398     	
Lap 48	30 105.668     	29 105.859     	42 106.037     	 4 106.766     	47 105.688     	53 105.668     	80 106.044     	74 106.531     	94 106.990     	 3 106.738     	44 106.922     	41 106.135     	31 106.826     	81 106.800     	11 107.124     	19 107.397     	69 108.369     	 1 106.459     	 2 107.826     	98 108.035     	20 107.033     	22 106.724     	21 106.934     	 5 108.905     	
Lap 49	30 106.553     	29 106.021     	 4 105.947     	42 106.485     	47 105.041     	53 105.186     	80 105.414     	74 105.618     	94 105.585     	44 106.065     	 3 107.189     	41 106.536     	31 106.901     	81 107.445     	19 106.886     	11 107.513     	69 106.973     	 1 106.613     	98 107.400     	 2 107.454     	20 108.392     	22 106.610     	21 106.836     	 5 108.541     	
Lap 50	30 106.037     	29 106.572     	 4 106.385     	42 106.445     	47 105.832     	53 105.131     	80 105.941     	74 105.985     	94 106.161     	44 107.240     	 3 107.219     	41 105.970     	31 107.088     	81 107.612     	19 107.621     	11 107.421     	 1 106.863     	69 109.780     	 2 107.590     	98 108.135     	20 107.102     	22 107.348     	21 106.949     	 5 108.792     	
Lap 51	30 105.778     	29 106.371     	 4 106.625     	42 106.453     	47 105.187     	53 105.518     	80 105.272     	74 106.059     	94 105.852     	44 107.572     	 3 106.702     	41 105.979     	31 106.706     	81 107.223     	19 107.258     	11 107.856     	 1 107.565     	69 108.703     	 2 108.162     	98 108.003     	20 108.369     	22 107.408     	21 107.733     	 5 109.380     	
Lap 52	30 105.129     	29 105.271     	42 105.707     	 4 107.078     	47 105.132     	53 105.977     	80 105.335     	74 105.996     	94 106.221     	 3 106.845     	44 107.512     	41 106.329     	31 105.883     	81 107.438     	19 107.257     	11 107.566     	 1 106.185     	98 107.877     	 2 108.252     	20 107.103     	22 107.156     	69 125.875 DRY	21 106.947     	 5 109.502     	
Lap 53	30 105.380     	29 105.527     	42 106.176     	 4 106.418     	47 106.132     	53 105.643     	80 105.959     	74 106.072     	94 106.114     	44 106.330     	 3 107.567     	41 106.596     	31 106.122     	81 107.253     	19 106.811     	11 106.635     	 1 106.387     	98 107.489     	 2 107.900     	20 108.210     	22 107.311     	69 106.889     	21 107.484     	 5 109.214     	
Lap 54	30 104.852     	29 105.613     	42 105.557     	47 105.593     	 4 106.498     	53 105.631     	80 105.503     	74 105.706     	94 105.958     	44 107.878     	 3 107.332     	41 106.766     	31 106.078     	81 107.910     	19 108.019     	11 107.576     	 1 107.630     	 2 107.881     	98 108.336     	20 108.629     	22 106.859     	69 106.073     	21 107.773     	 5 109.570     	
Lap 55	30 105.604     	29 105.803     	42 105.752     	 4 105.453     	47 106.909     	53 105.746     	80 106.443     	74 105.706     	94 106.174     	44 107.339     	 3 107.310     	41 106.218     	31 106.737     	81 107.934     	19 108.083     	11 107.610     	 1 108.305     	 2 107.938     	20 107.239     	98 109.005     	22 107.638     	69 106.558     	21 107.453     	 5 109.248     	
Lap 56	30 105.208     	29 105.335     	42 105.872     	 4 105.996     	47 106.134     	53 105.849     	80 106.448     	74 106.748     	94 106.298     	 3 107.213     	44 107.500     	41 106.916     	31 106.286     	19 107.464     	81 107.808     	11 108.380     	 1 107.033     	 2 107.703     	20 108.279     	98 108.610     	22 107.741     	69 106.212     	21 107.274     	 5 109.650     	
Lap 57	30 105.971     	29 106.118     	42 105.933     	 4 106.504     	47 105.821     	53 106.189     	80 106.115     	74 106.162     	94 106.355     	44 106.562     	 3 107.620     	41 106.239     	31 107.099     	19 107.484     	81 107.767     	11 107.452     	 1 108.426     	 2 106.700     	20 109.060     	98 108.790     	22 107.792     	69 106.407     	21 107.788     	 5 109.101     	
Lap 58	30 105.111     	29 105.951     	42 106.754     	 4 107.058     	47 106.562     	53 106.036     	80 105.789     	74 106.898     	94 106.730     	44 107.734     	 3 107.837     	41 106.248     	31 106.966     	81 107.619     	19 108.261     	11 107.723     	 1 106.781     	 2 106.980     	20 108.330     	98 108.719     	22 107.935     	69 106.705     	21 108.061     	 5 109.707     	
Lap 59	30 105.876     	29 105.700     	42 106.828     	47 106.158     	 4 107.634     	53 106.399     	80 106.467     	74 106.147     	94 106.976     	44 108.434     	 3 108.205     	41 106.355     	31 106.402     	19 107.677     	81 108.194     	11 108.094     	 1 107.985     	 2 107.082     	69 107.521     	20 109.021     	98 108.515     	22 109.086     	21 107.492     	 5 109.743     	
Lap 60	30 105.236     	29 105.669     	47 105.896     	 4 106.640     	53 105.974     	80 106.022     	42 124.709 DRY	74 106.526     	94 106.520     	44 107.764     	41 106.622     	31 106.876     	 3 125.509 DRY	19 108.113     	11 107.639     	 2 107.730     	69 107.692     	20 108.720     	22 108.401     	81 127.093 DRY	 1 126.764 DRY	21 107.946     	98 126.149 DRY	 5 127.186 DRY	

-- OFFICIAL RESULTS --
Pos	#No	Driver						Team					Time		Diff		Pits	Best
01	#30	WIS	Josh Wise				BONGATAR				1:46:19.423	-0.000		2		104.852
02	#29	ALU	Sago Aludetsei			Dotruga Formula Racing	1:46:23.202	-3.780		2		104.897
03	#47	PAV	ketila léqa pavúteka	Team Solea Racing		1:46:54.766	-35.344		2		105.013
04	# 4	BLA	Zaku Blaxon				Team Blaland Racing		1:46:56.969	-37.546		2		105.005
05	#53	TÀC	Ešuro Tàcràɰë			Team Diigikwk Racers	1:47:00.179	-40.757		2		104.940
06	#80	AYA	Ifloenne é Aya			Team V.V. Imperial		1:47:06.587	-47.165		2		105.272
07	#42	OOS	Frank Oosterhout		Cows Go Moo Racing		1:47:11.087	-51.664		3		104.939
08	#74	KON	Bařàsiz Konoca			Team Diigikwk Racers	1:47:24.833	-65.410		2		105.618
09	#94	NES	At'ipi Nesbeksë			Team Diigikwk Racers	1:47:27.402	-67.980		2		105.461
10	#44	KAX	Kaxon Kaxutak			Team Blaland Racing		1:47:42.079	-82.656		2		105.618
11	#41	CAN	Olga Candy				Cows Go Moo Racing		1:47:46.578	-87.156		2		105.864
12	#31	ŠAŊ	xap'ít celentir šaŋév	Team Solea Racing		1:47:53.852	-94.429		2		105.883
13	# 3	BOB	Bob						BONGATAR				1:48:00.530	-101.107	3		105.217
14	#19	ZAI	khélok atep zailunaɰ	Team Solea Racing		1:48:06.850	-107.427	2		105.913
15	#11	KEG	Tuto Keget				Dotruga Formula Racing	1:48:07.148	-107.726	2		106.635
16	# 2	HID	Body Hide				BONGATAR				1:48:15.731	-116.309	2		106.445
17	#69	SAN	Marisa Sanchez			Cows Go Moo Racing		1:48:22.319	-122.897	3		105.957
18	#20	MAC	Mac						Team Vincent			1:48:23.612	-124.190	2		106.269
19	#22	PHI	Philipe					Team Vincent			1:48:24.518	-125.095	2		106.582
20	#81	KÆR	Lyǽs Kæræsekæræn		Team V.V. Imperial		1:48:26.016	-126.594	3		105.821
21	# 1	ROT	Robbie Rotten			Team V.V. Imperial		1:48:26.421	-126.998	3		106.185
22	#21	ORS	Orson					Team Vincent			1:48:30.982	-131.560	2		106.836
23	#98	MOT	Gorga Motxev			Dotruga Formula Racing	1:48:41.417	-141.994	3		106.626
24	# 5	NOX	Naxan Noxokolonaxon		Team Blaland Racing		1:49:50.356	-210.933	3		107.734

-- RACE INCIDENT REPORT --
Marisa Sanchez made a pit stop to repair damage caused by a large incident while attempting an overtake on lap 12.
Frank Oosterhout made a mistake while attempting an overtake on lap 14.
Ifloenne é Aya made a mistake while attempting an overtake on lap 18.
Lyǽs Kæræsekæræn made a mistake while attempting an overtake on lap 19.
Ešuro Tàcràɰë made a mistake while attempting an overtake on lap 23.
Bařàsiz Konoca made a mistake while attempting an overtake on lap 25.
Tuto Keget made a mistake while attempting an overtake on lap 25.
Kaxon Kaxutak made a mistake while attempting an overtake on lap 40.
Marisa Sanchez made a mistake while attempting an overtake on lap 50.
