-- LAP TIMES --
Lap 0	31 0.000     	80 0.000     	42 0.100     	30 0.100     	81 0.200     	 4 0.200     	19 0.300     	29 0.300     	47 0.400     	44 0.400     	98 0.500     	94 0.500     	11 0.600     	 3 0.600     	69 0.700     	74 0.700     	41 0.800     	53 0.800     	 1 0.900     	20 0.900     	 2 1.000     	 5 1.000     	21 1.100     	22 1.100     	
Lap 1	31 89.732     	80 90.191     	47 89.817     	 4 90.024     	19 90.137     	30 90.363     	29 90.283     	81 90.486     	53 90.078     	42 90.801     	98 90.410     	 3 90.414     	11 90.611     	74 90.587     	44 90.910     	94 90.881     	69 90.703     	41 90.892     	 1 90.896     	20 91.160     	 2 91.176     	22 91.152     	 5 91.457     	21 91.367     	
Lap 2	31 89.814     	47 89.825     	80 90.357     	 4 90.344     	29 90.126     	19 90.470     	30 90.557     	98 90.176     	81 90.440     	42 90.557     	11 90.502     	53 90.895     	94 90.451     	69 90.581     	 3 90.980     	 1 90.289     	74 90.872     	44 90.979     	41 90.638     	20 91.094     	22 91.122     	21 90.935     	 5 91.344     	 2 91.771     	
Lap 3	47 89.857     	31 90.577     	29 89.918     	 4 90.449     	80 90.691     	98 90.273     	19 90.476     	30 90.635     	42 90.317     	94 90.039     	81 90.836     	69 90.465     	44 90.188     	74 90.409     	11 91.029     	53 91.049     	 1 90.769     	41 90.763     	 3 91.124     	20 90.808     	22 90.675     	21 90.943     	 2 91.230     	 5 91.659     	
Lap 4	47 89.909     	31 90.780     	29 90.587     	 4 90.635     	80 90.629     	19 90.747     	98 90.923     	81 90.336     	30 90.680     	42 90.678     	94 90.952     	69 90.472     	11 90.438     	44 90.770     	 1 90.557     	53 90.605     	41 90.340     	74 90.951     	 3 91.194     	22 91.303     	20 91.416     	21 91.104     	 2 91.681     	 5 92.107     	
Lap 5	47 89.577     	31 89.846     	 4 90.627     	80 90.242     	29 89.844     	98 90.354     	19 90.017     	81 90.029     	30 90.532     	42 90.467     	94 90.265     	44 90.977     	41 90.780     	69 90.402     	53 90.958     	11 90.790     	 1 90.236     	74 90.289     	22 91.498     	20 91.292     	 3 91.436     	21 91.399     	 2 91.808     	
Lap 6	31 89.914     	29 89.659     	80 89.895     	19 90.408     	81 90.355     	 4 90.477     	98 90.302     	30 90.661     	42 90.668     	94 90.644     	69 90.995     	74 90.759     	 1 90.964     	53 90.636     	44 90.843     	11 91.157     	41 91.185     	 3 90.735     	20 90.605     	21 90.724     	22 91.327     	 2 91.841     	 5 91.910     	
Lap 7	31 89.888     	29 90.322     	80 90.392     	 4 90.114     	19 90.779     	81 90.841     	30 90.108     	98 90.907     	42 90.636     	94 90.625     	69 90.450     	74 90.566     	 1 90.770     	11 90.352     	44 90.711     	41 91.179     	53 91.965     	 3 91.053     	20 91.118     	21 91.102     	22 91.151     	 2 91.674     	 5 92.062     	
Lap 8	31 89.993     	29 90.120     	80 90.400     	81 90.153     	 4 90.897     	19 90.618     	30 90.600     	98 90.546     	94 90.209     	42 90.871     	69 90.762     	74 90.419     	11 90.481     	 1 90.619     	44 90.661     	41 90.951     	53 91.047     	 3 90.933     	20 91.380     	22 90.734     	21 91.639     	 2 90.271     	 5 91.817     	
Lap 9	29 89.680     	31 90.776     	80 90.890     	81 90.410     	19 90.248     	 4 90.589     	30 90.265     	94 90.190     	98 90.604     	42 91.019     	11 90.444     	74 90.944     	69 91.378     	 1 91.215     	44 91.163     	41 90.945     	53 90.683     	 3 91.454     	20 91.290     	22 91.112     	21 91.573     	 2 90.224     	 5 92.097     	
Lap 10	29 90.531     	31 91.169     	80 90.043     	 4 90.276     	19 90.477     	30 90.314     	81 90.943     	94 90.645     	98 91.331     	42 90.637     	11 91.134     	74 91.261     	69 91.143     	 1 91.254     	44 91.150     	41 91.245     	53 91.523     	 3 90.500     	20 91.028     	22 91.337     	21 91.638     	 2 92.134     	 5 91.473     	
Lap 11	29 89.162     	31 90.101     	80 90.147     	19 90.346     	 4 90.750     	30 90.669     	81 90.619     	98 90.703     	42 90.470     	94 93.195     	11 91.098     	74 90.899     	44 90.359     	69 91.420     	 1 91.030     	41 90.772     	53 90.923     	 3 91.288     	20 91.525     	21 90.298     	22 91.606     	 2 91.109     	 5 92.062     	
Lap 12	29 89.795     	31 90.006     	80 89.220     	19 90.688     	 4 90.829     	30 90.758     	81 91.049     	98 90.560     	42 90.494     	74 90.645     	94 90.794     	11 91.418     	 1 90.585     	44 91.126     	69 91.481     	41 90.820     	53 91.093     	 3 91.772     	20 90.903     	21 91.526     	22 91.752     	 2 90.954     	 5 91.648     	
Lap 13	29 89.778     	80 89.687     	31 90.928     	 4 90.584     	19 91.189     	30 91.017     	81 91.243     	42 90.583     	98 91.298     	74 90.543     	94 90.634     	44 90.554     	 1 91.122     	11 91.173     	69 91.376     	41 91.551     	 3 90.331     	53 91.886     	20 91.365     	21 91.729     	22 91.277     	 2 91.012     	 5 91.569     	
Lap 14	29 89.203     	80 90.726     	31 90.759     	30 90.529     	19 91.060     	 4 91.275     	81 91.071     	98 90.483     	42 91.198     	94 90.769     	74 91.384     	 1 90.752     	44 91.409     	11 91.363     	69 91.099     	41 90.737     	53 90.675     	 3 91.331     	20 90.810     	21 91.228     	22 91.937     	 2 92.019     	 5 91.696     	
Lap 15	29 89.601     	80 90.414     	31 90.822     	30 90.518     	19 90.442     	 4 91.051     	42 90.341     	98 90.782     	81 91.341     	94 90.600     	74 90.560     	 1 91.017     	11 90.872     	44 91.443     	69 90.895     	41 91.187     	53 90.872     	 3 91.492     	20 90.789     	21 91.782     	22 91.982     	 2 92.097     	 5 92.502     	
Lap 16	29 90.089     	80 90.047     	31 90.210     	30 90.874     	19 90.937     	 4 91.068     	42 91.443     	98 91.345     	81 91.317     	94 90.626     	74 90.945     	 1 90.975     	44 90.870     	11 91.078     	69 91.159     	41 91.701     	53 91.527     	 3 91.315     	20 90.551     	21 91.165     	22 91.550     	 2 91.686     	 5 92.171     	
Lap 17	29 89.842     	80 89.443     	31 89.789     	30 90.405     	19 90.870     	 4 91.233     	98 90.744     	42 91.035     	81 91.134     	94 90.958     	74 90.855     	 1 90.814     	11 91.071     	44 91.588     	69 91.274     	41 91.217     	53 90.784     	20 90.902     	 3 91.641     	21 90.646     	22 90.461     	 2 90.614     	 5 92.463     	
Lap 18	29 89.981     	80 89.653     	31 90.383     	30 91.094     	19 91.296     	 4 91.290     	98 90.565     	42 90.837     	81 90.978     	74 90.419     	94 91.219     	 1 90.787     	44 91.200     	11 91.778     	69 91.430     	41 91.092     	53 91.426     	20 91.461     	 3 91.526     	21 91.260     	22 90.826     	 2 91.090     	 5 92.593     	
Lap 19	29 89.533     	80 90.051     	31 89.890     	30 90.844     	19 91.598     	42 90.778     	 4 91.367     	98 91.361     	81 90.859     	94 90.551     	 1 90.121     	74 91.682     	11 90.979     	44 91.474     	69 91.047     	41 91.301     	53 91.089     	20 91.099     	 3 92.169     	21 92.140     	22 91.536     	 2 91.112     	 5 92.470     	
Lap 20	29 89.523     	80 90.095     	31 90.255     	30 90.484     	19 91.598     	 4 90.953     	42 91.499     	81 90.826     	98 91.627     	74 90.573     	94 91.571     	 1 91.568     	44 91.055     	11 91.934     	69 91.831     	53 91.306     	41 91.837     	20 91.518     	 3 90.119     	21 91.669     	22 92.052     	 2 91.364     	 5 91.983     	
Lap 21	29 89.797     	80 90.498     	31 90.591     	30 90.108     	 4 91.054     	19 91.418     	81 90.825     	98 90.987     	42 91.565     	74 91.049     	94 91.006     	 1 91.070     	44 91.429     	11 91.098     	69 91.251     	53 91.395     	41 91.948     	20 91.504     	 3 91.968     	21 92.244     	22 91.919     	 2 92.072     	 5 92.294     	
Lap 22	29 89.964     	80 90.267     	31 89.938     	30 90.501     	81 91.164     	19 91.416     	 4 91.460     	98 91.128     	42 90.920     	94 91.350     	74 91.665     	 1 91.976     	11 91.103     	44 91.854     	69 91.124     	53 91.044     	41 91.570     	20 92.107     	 3 91.724     	21 91.881     	22 92.047     	 2 92.845     	 5 92.073     	
Lap 23	30 90.433     	29 107.924 DRY	81 91.105     	98 91.002     	19 91.730     	 1 90.863     	80 108.369 DRY	11 91.496     	44 91.519     	31 108.615 DRY	69 91.947     	41 91.234     	20 91.784     	 2 91.470     	 4 109.326 DRY	42 110.452 DRY	94 109.911 DRY	74 109.643 DRY	53 110.544 DRY	 5 92.644     	 3 110.323 DRY	22 110.424 DRY	21 111.123 DRY	
Lap 24	30 90.054     	29 89.764     	81 91.928     	98 91.934     	 1 90.741     	80 89.803     	31 90.166     	69 91.645     	41 91.186     	20 91.253     	 2 91.199     	 4 89.918     	74 89.999     	19 109.486 DRY	42 91.063     	94 90.873     	44 109.251 DRY	11 109.978 DRY	53 89.419     	 3 90.724     	22 91.741     	21 91.424     	 5 111.145 DRY	
Lap 25	29 88.920     	80 89.550     	98 91.438     	 1 91.866     	31 89.189     	41 91.810     	30 108.236 DRY	 4 89.235     	 2 91.861     	42 89.897     	19 90.587     	74 90.872     	81 109.361 DRY	94 90.538     	11 90.554     	44 90.767     	53 91.286     	69 110.020 DRY	 3 90.269     	20 110.688 DRY	21 90.755     	22 90.784     	 5 92.171     	
Lap 26	29 89.564     	80 90.390     	31 90.506     	30 89.757     	 4 89.109     	74 90.297     	19 90.561     	42 90.617     	94 90.059     	81 90.714     	98 110.396 DRY	 1 110.949 DRY	11 90.734     	44 90.795     	53 91.223     	69 89.682     	 3 90.005     	41 109.027 DRY	20 89.939     	22 90.794     	21 91.214     	 2 109.496 DRY	 5 91.614     	
Lap 27	29 89.643     	80 89.708     	31 89.812     	30 89.331     	 4 89.655     	42 89.934     	74 90.632     	94 90.409     	19 90.837     	81 90.297     	98 89.879     	 1 90.972     	11 90.966     	44 90.883     	69 90.930     	53 90.969     	41 90.134     	 3 91.135     	20 90.243     	21 90.927     	22 91.585     	 2 90.306     	 5 91.954     	
Lap 28	29 88.934     	80 89.732     	31 88.960     	30 89.607     	 4 89.209     	94 90.215     	42 90.823     	74 90.724     	19 90.696     	81 90.952     	98 89.291     	 1 90.717     	44 90.805     	11 91.220     	69 90.512     	53 91.342     	41 91.028     	20 89.649     	 3 90.812     	22 90.924     	21 91.279     	 2 91.676     	 5 91.374     	
Lap 29	29 89.493     	80 89.736     	31 89.480     	30 89.226     	 4 89.680     	42 90.293     	94 90.852     	74 90.452     	81 90.196     	19 90.582     	98 90.926     	 1 90.593     	44 90.152     	11 90.554     	69 90.742     	53 91.041     	41 90.835     	20 90.791     	 3 91.332     	22 91.019     	21 91.712     	 2 91.542     	 5 91.303     	
Lap 30	29 89.453     	80 89.234     	31 89.594     	30 89.755     	 4 89.968     	42 90.216     	81 90.010     	19 90.058     	74 90.733     	94 90.849     	98 91.240     	 1 90.284     	44 90.911     	11 90.642     	69 90.397     	53 91.076     	41 90.800     	20 91.086     	 3 91.277     	22 91.293     	21 91.314     	 2 91.173     	 5 91.217     	
Lap 31	29 89.365     	80 89.623     	31 89.498     	30 89.458     	 4 89.951     	42 90.986     	81 90.732     	94 90.405     	19 90.983     	74 91.002     	98 89.796     	 1 91.129     	44 90.453     	11 90.977     	69 91.260     	53 90.426     	41 90.438     	20 91.184     	 3 91.320     	22 91.354     	21 91.642     	 2 91.948     	 5 91.446     	
Lap 32	29 89.707     	80 89.845     	31 89.077     	30 89.361     	 4 89.504     	42 90.398     	19 90.206     	81 90.520     	94 90.861     	74 90.561     	98 91.437     	44 90.494     	 1 91.091     	11 91.168     	69 91.334     	53 90.493     	41 91.124     	20 90.460     	 3 89.747     	22 90.782     	21 90.892     	 2 91.170     	 5 91.596     	
Lap 33	29 89.341     	80 89.670     	31 89.497     	30 89.095     	 4 89.777     	42 90.438     	81 90.463     	19 90.682     	74 90.159     	94 90.857     	98 90.028     	 1 90.241     	44 90.881     	11 89.708     	53 90.628     	69 91.036     	41 90.928     	20 91.420     	 3 91.271     	22 90.722     	21 90.751     	 2 90.360     	 5 91.401     	
Lap 34	29 89.301     	80 90.206     	31 91.045     	30 90.052     	 4 90.122     	42 90.994     	19 90.287     	81 91.052     	74 90.909     	94 91.057     	98 90.629     	 1 90.809     	44 90.655     	11 91.093     	53 90.920     	69 90.723     	41 90.292     	20 90.902     	 3 91.895     	22 90.788     	21 91.383     	 2 91.886     	 5 91.392     	
Lap 35	29 89.652     	80 89.206     	31 90.017     	30 89.438     	 4 90.170     	42 91.090     	19 91.090     	74 90.627     	81 90.897     	94 91.100     	98 91.345     	 1 90.397     	44 91.300     	11 91.335     	53 90.756     	69 90.720     	41 91.216     	20 90.108     	 3 90.390     	22 90.152     	21 90.755     	 2 90.873     	 5 92.200     	
Lap 36	29 89.379     	80 89.616     	31 89.843     	30 89.784     	 4 90.119     	42 90.419     	19 90.670     	74 90.644     	81 90.895     	94 91.157     	98 90.600     	 1 89.485     	44 91.015     	11 91.063     	69 90.566     	53 90.991     	41 90.654     	20 91.046     	 3 90.381     	22 90.863     	21 90.761     	 2 90.786     	 5 91.898     	
Lap 37	29 89.429     	80 89.254     	31 89.266     	30 89.478     	 4 89.611     	19 90.363     	42 90.983     	74 90.638     	81 90.687     	94 90.389     	98 91.444     	 1 90.356     	44 90.468     	11 90.928     	69 90.768     	53 91.356     	41 91.204     	20 90.808     	 3 91.481     	22 90.363     	21 90.585     	 2 90.468     	 5 91.859     	
Lap 38	29 90.208     	80 89.932     	31 89.719     	30 89.402     	 4 89.687     	19 90.573     	42 91.103     	81 90.684     	74 91.312     	98 89.538     	94 90.714     	 1 90.210     	44 89.784     	11 90.782     	69 90.582     	53 91.204     	41 90.911     	20 90.618     	 3 90.344     	22 90.881     	21 90.460     	 2 91.239     	 5 91.761     	
Lap 39	29 89.500     	80 90.111     	31 89.633     	30 89.381     	 4 89.604     	19 91.310     	42 91.129     	81 91.177     	94 90.665     	74 91.450     	98 91.078     	 1 90.350     	44 90.264     	11 91.450     	69 91.424     	53 90.876     	41 90.756     	20 91.309     	 3 90.392     	22 91.224     	21 91.140     	 2 91.073     	 5 91.700     	
Lap 40	29 90.020     	80 89.904     	31 90.235     	30 90.153     	 4 90.270     	42 90.831     	81 90.688     	19 92.314     	74 91.284     	 1 89.714     	94 91.476     	98 91.170     	44 90.003     	11 90.749     	69 91.584     	53 91.343     	41 91.402     	20 91.167     	 3 91.409     	22 90.343     	21 90.831     	 2 91.084     	 5 91.919     	
Lap 41	29 90.113     	80 89.763     	31 90.095     	30 89.805     	 4 89.789     	81 91.192     	42 91.457     	19 90.904     	 1 90.588     	74 91.023     	94 91.134     	98 91.365     	44 90.518     	11 90.769     	69 90.809     	53 91.038     	41 90.805     	20 91.368     	 3 92.386     	22 91.192     	21 90.848     	 2 91.283     	 5 91.828     	
Lap 42	29 90.283     	80 90.131     	31 90.490     	30 89.527     	 4 91.252     	81 90.824     	19 90.547     	42 91.126     	 1 91.052     	98 91.096     	94 91.356     	74 91.697     	44 90.460     	11 90.876     	69 90.562     	41 90.886     	20 90.125     	53 92.296     	 3 90.968     	22 90.622     	21 90.598     	 2 91.314     	 5 91.734     	
Lap 43	29 90.006     	80 90.526     	31 90.267     	30 90.283     	 4 89.982     	81 90.573     	19 91.366     	 1 90.713     	42 91.407     	74 90.939     	94 91.216     	98 91.272     	44 91.020     	11 90.699     	69 89.957     	41 91.160     	20 91.339     	 3 90.304     	53 92.501     	22 90.996     	21 91.039     	 2 90.887     	 5 92.470     	
Lap 44	29 90.152     	80 89.938     	31 89.669     	30 90.535     	 4 90.145     	81 91.040     	42 90.721     	 1 90.893     	19 91.526     	98 91.426     	74 91.838     	94 91.644     	44 91.012     	11 91.138     	69 90.977     	41 91.115     	20 90.951     	 3 91.916     	53 91.201     	22 91.213     	21 90.708     	 2 91.073     	 5 92.142     	
Lap 45	29 90.200     	80 89.739     	31 90.238     	30 89.981     	 4 90.341     	81 91.221     	 1 91.050     	42 91.193     	19 91.613     	98 91.191     	94 91.097     	44 91.527     	74 91.907     	69 91.282     	11 91.873     	41 91.487     	20 91.775     	 3 91.501     	53 91.568     	22 90.735     	21 91.477     	 2 91.124     	 5 92.495     	
Lap 46	29 89.940     	30 90.221     	80 108.745 DRY	31 108.223 DRY	 4 108.974 DRY	81 91.231     	42 90.999     	 1 91.370     	19 90.997     	98 91.290     	44 91.733     	69 91.183     	11 91.543     	41 91.872     	20 91.423     	53 91.131     	94 109.157 DRY	74 109.588 DRY	 2 91.050     	 3 109.931 DRY	22 109.015 DRY	21 109.780 DRY	 5 92.291     	
Lap 47	29 90.758     	30 90.211     	80 89.236     	31 89.270     	 4 89.418     	81 91.682     	 1 91.207     	19 91.380     	98 90.706     	44 91.062     	69 91.734     	11 91.442     	41 91.382     	20 91.978     	53 90.285     	42 109.435 DRY	94 89.378     	74 90.166     	 2 90.966     	 3 89.797     	22 90.540     	21 90.901     	 5 92.753     	
Lap 48	30 90.079     	29 108.717 DRY	80 88.912     	31 89.369     	 4 89.182     	 1 91.777     	19 91.549     	44 90.307     	98 92.009     	41 91.151     	20 91.780     	53 93.194     	94 90.397     	42 90.604     	81 109.444 DRY	74 89.477     	 2 91.364     	69 109.820 DRY	11 110.652 DRY	 3 89.373     	22 90.311     	21 90.008     	 5 92.820     	
Lap 49	30 90.376     	29 89.223     	80 89.483     	31 89.207     	 4 89.264     	 1 91.191     	19 91.380     	98 90.942     	44 91.742     	41 90.339     	94 90.178     	42 90.701     	81 90.538     	74 90.032     	 2 91.682     	69 89.786     	11 91.341     	 3 91.447     	20 109.282 DRY	22 89.992     	53 109.335 DRY	21 90.387     	 5 92.992     	
Lap 50	29 90.366     	30 91.748     	80 89.242     	31 89.131     	 4 89.933     	41 91.073     	94 90.811     	81 90.281     	42 90.703     	74 90.495     	98 109.020 DRY	19 109.751 DRY	 1 110.710 DRY	44 109.645 DRY	69 89.531     	11 90.919     	 3 91.016     	20 89.783     	22 91.642     	53 92.161     	21 90.640     	 2 109.455 DRY	 5 93.295     	
Lap 51	29 89.727     	80 89.054     	31 89.921     	30 109.504 DRY	 4 89.144     	41 90.611     	81 89.983     	94 90.508     	42 90.388     	74 90.277     	98 90.939     	19 90.923     	 1 91.312     	44 91.256     	69 89.563     	11 89.775     	20 89.628     	 3 90.825     	22 90.064     	53 90.023     	21 90.696     	 2 90.883     	 5 110.633 DRY	
Lap 52	29 89.605     	80 89.096     	31 89.495     	30 89.610     	 4 89.096     	81 90.095     	42 90.117     	94 90.556     	74 90.161     	19 90.020     	98 90.741     	 1 90.718     	44 90.611     	69 90.349     	11 89.578     	41 108.785 DRY	20 90.983     	 3 91.444     	22 90.020     	53 89.433     	21 90.473     	 2 90.237     	 5 91.842     	
Lap 53	29 89.782     	80 88.969     	31 89.263     	30 89.454     	 4 89.128     	81 90.056     	74 90.287     	42 90.535     	94 91.088     	19 90.233     	98 90.140     	 1 90.767     	44 91.012     	69 90.629     	11 90.257     	20 90.393     	41 91.282     	 3 90.092     	22 90.879     	53 91.473     	21 90.207     	 2 90.379     	 5 91.797     	
Lap 54	29 89.085     	80 89.265     	31 89.045     	30 89.575     	 4 89.839     	81 90.015     	74 90.533     	42 90.840     	94 90.228     	19 90.590     	 1 89.640     	98 91.391     	44 90.267     	69 90.933     	11 89.619     	41 90.619     	20 91.200     	 3 90.805     	22 89.977     	53 89.668     	21 90.415     	 2 90.009     	 5 92.008     	
Lap 55	29 89.496     	80 89.675     	31 89.158     	30 89.240     	 4 89.197     	81 89.640     	74 90.529     	94 90.641     	42 90.828     	19 90.936     	 1 90.599     	98 90.503     	44 90.261     	69 90.565     	11 89.660     	41 90.768     	20 90.931     	 3 91.700     	22 90.925     	53 91.769     	21 90.290     	 2 90.350     	 5 91.933     	
Lap 56	29 88.959     	80 89.117     	31 89.698     	30 89.174     	 4 89.966     	81 90.053     	74 90.906     	42 90.291     	94 90.628     	19 90.739     	 1 91.126     	98 90.727     	44 90.459     	69 90.023     	11 89.647     	20 90.774     	41 91.154     	 3 90.504     	22 90.289     	53 90.269     	21 90.697     	 2 90.509     	 5 91.173     	
Lap 57	29 89.382     	80 89.838     	31 89.516     	30 89.895     	 4 90.000     	81 89.636     	94 89.975     	42 90.876     	74 91.099     	19 90.902     	 1 90.355     	98 90.455     	44 90.632     	69 90.516     	11 90.676     	41 91.063     	20 91.302     	22 90.308     	 3 90.708     	53 89.575     	21 90.404     	 2 90.623     	 5 91.331     	
Lap 58	29 89.959     	80 89.328     	31 89.440     	30 89.033     	 4 90.231     	81 89.334     	42 90.285     	94 91.187     	74 90.905     	19 90.110     	98 90.540     	 1 90.827     	44 90.853     	69 90.711     	11 90.741     	20 90.662     	41 91.158     	22 91.118     	53 90.687     	21 90.171     	 2 90.670     	 3 112.369 DRY	 5 92.129     	
Lap 59	29 89.331     	80 89.428     	31 89.974     	30 89.366     	 4 89.933     	81 90.241     	42 90.633     	94 90.805     	74 90.428     	19 90.280     	98 90.572     	 1 90.780     	44 91.052     	69 90.945     	11 90.870     	41 90.425     	20 91.051     	22 91.922     	53 91.847     	21 90.295     	 2 90.757     	 3 89.737     	 5 91.416     	
Lap 60	29 89.856     	80 90.106     	31 90.190     	30 89.637     	 4 89.511     	81 90.203     	42 90.260     	74 90.475     	94 90.758     	19 90.210     	98 90.905     	 1 91.236     	44 90.552     	69 90.711     	11 91.419     	41 90.715     	20 90.932     	53 90.344     	22 91.986     	21 91.645     	 2 90.631     	 3 89.829     	 5 91.533     	
Lap 61	29 89.734     	80 89.287     	31 89.494     	30 89.146     	 4 89.827     	81 90.160     	42 90.468     	74 90.668     	94 90.788     	19 89.335     	98 90.499     	 1 91.196     	44 91.121     	69 90.779     	11 90.365     	41 90.457     	20 90.689     	53 89.564     	22 92.096     	21 91.677     	 2 90.922     	 3 89.769     	 5 91.344     	
Lap 62	29 89.752     	80 89.447     	31 90.779     	30 89.514     	 4 89.767     	81 89.824     	42 90.554     	94 90.416     	19 89.819     	74 91.449     	98 89.664     	44 90.634     	69 90.741     	 1 91.350     	11 90.656     	41 90.860     	20 90.967     	53 91.730     	21 91.996     	22 92.091     	 2 91.161     	 3 90.133     	 5 92.029     	
Lap 63	29 89.352     	80 89.797     	31 90.276     	30 89.706     	 4 90.466     	81 89.736     	42 90.229     	94 90.742     	19 90.872     	74 91.239     	98 89.628     	44 90.603     	69 91.197     	 1 91.396     	11 91.650     	41 91.142     	20 91.726     	53 91.914     	22 91.200     	21 91.335     	 2 90.902     	 3 90.014     	 5 92.036     	
Lap 64	29 89.312     	80 90.297     	31 89.977     	30 89.539     	 4 89.781     	81 89.815     	42 89.894     	94 90.601     	19 90.924     	98 89.976     	74 91.336     	44 90.670     	 1 90.759     	69 91.301     	11 90.321     	41 89.830     	20 90.869     	53 90.121     	21 91.527     	22 92.125     	 2 90.846     	 3 89.773     	 5 92.125     	
Lap 65	29 89.984     	80 90.438     	31 89.777     	30 89.936     	 4 89.864     	81 90.015     	42 90.467     	94 89.857     	19 90.629     	98 91.349     	74 91.427     	44 89.682     	 1 90.858     	69 91.494     	11 91.652     	41 90.290     	20 91.092     	53 92.387     	21 91.604     	22 92.148     	 2 90.424     	 3 90.159     	 5 91.750     	

-- OFFICIAL RESULTS --
Pos	#No	Driver						Team					Time		Diff		Pits	Best
01	#29	ALU	Sago Aludetsei			Dotruga Formula Racing	1:37:50.311	-0.000		2		88.920
02	#80	AYA	Ifloenne é Aya			Team V.V. Imperial		1:37:56.727	-6.417		2		88.912
03	#31	ŠAŊ	xap'ít celentir šaŋév	Team Solea Racing		1:38:02.279	-11.968		2		88.960
04	#30	WIS	Josh Wise				BONGATAR				1:38:09.715	-19.404		2		89.033
05	# 4	BLA	Zaku Blaxon				Team Blaland Racing		1:38:16.486	-26.175		2		89.096
06	#81	KÆR	Lyǽs Kæræsekæræn		Team V.V. Imperial		1:38:46.648	-56.337		2		89.334
07	#42	OOS	Frank Oosterhout		Cows Go Moo Racing		1:38:54.589	-64.278		2		89.894
08	#94	NES	At'ipi Nesbeksë			Team Diigikwk Racers	1:38:56.209	-65.898		2		89.378
09	#19	ZAI	khélok atep zailunaɰ	Team Solea Racing		1:38:58.090	-67.779		2		89.335
10	#98	MOT	Gorga Motxev			Dotruga Formula Racing	1:38:59.433	-69.122		2		89.291
11	#74	KON	Bařàsiz Konoca			Team Diigikwk Racers	1:38:59.797	-69.486		2		89.477
12	#44	KAX	Kaxon Kaxutak			Team Blaland Racing		1:39:02.204	-71.893		2		89.682
13	# 1	ROT	Robbie Rotten			Team V.V. Imperial		1:39:04.519	-74.208		2		89.485
14	#69	SAN	Marisa Sanchez			Cows Go Moo Racing		1:39:05.410	-75.099		2		89.531
15	#11	KEG	Tuto Keget				Dotruga Formula Racing	1:39:06.043	-75.732		2		89.578
16	#41	CAN	Olga Candy				Cows Go Moo Racing		1:39:10.858	-80.547		2		89.830
17	#20	MAC	Mac						Team Vincent			1:39:14.086	-83.776		2		89.628
18	#53	TÀC	Ešuro Tàcràɰë			Team Diigikwk Racers	1:39:15.665	-85.354		2		89.419
19	#21	ORS	Orson					Team Vincent			1:39:19.855	-89.545		2		90.008
20	#22	PHI	Philipe					Team Vincent			1:39:20.896	-90.585		2		89.977
21	# 2	HID	Body Hide				BONGATAR				1:39:21.895	-91.584		2		90.009
22	# 3	BOB	Bob						BONGATAR				1:39:28.105	-97.794		3		89.373
23	# 5	NOX	Naxan Noxokolonaxon		Team Blaland Racing		1:40:14.849	-144.538	2		91.173
24	#47	PAV	ketila léqa pavúteka	Team Solea Racing		RETIRED		DNF			0		89.577

-- RACE INCIDENT REPORT --
ketila léqa pavúteka crashed out on lap 5.
Ešuro Tàcràɰë made a mistake while attempting an overtake on lap 7.
At'ipi Nesbeksë made a mistake while attempting an overtake on lap 11.
Frank Oosterhout made a mistake while attempting an overtake on lap 16.
Mac made a mistake on lap 25.
khélok atep zailunaɰ made a mistake while attempting an overtake on lap 40.
Zaku Blaxon made a mistake on lap 42.
Ešuro Tàcràɰë made a mistake while attempting an overtake on lap 42.
Bob made a pit stop to repair damage caused by a large incident while attempting an overtake on lap 58.
xap'ít celentir šaŋév made a mistake on lap 62.
