-- LAP TIMES --
Lap 0	30 0.000     	80 0.000     	29 0.100     	 4 0.100     	47 0.200     	42 0.200     	53 0.300     	44 0.300     	74 0.400     	94 0.400     	11 0.500     	 3 0.500     	19 0.600     	81 0.600     	31 0.700     	98 0.700     	41 0.800     	 1 0.800     	20 0.900     	22 0.900     	69 1.000     	 2 1.000     	21 1.100     	 5 1.100     	
Lap 1	30 103.220     	47 103.145     	53 103.099     	42 103.329     	29 103.538     	 4 103.690     	80 103.817     	 3 103.476     	74 103.649     	94 103.680     	81 103.713     	31 103.634     	44 104.243     	41 103.951     	11 104.416     	19 104.348     	69 104.192     	98 104.511     	 1 104.477     	 2 104.446     	22 105.132     	20 105.355     	 5 105.583     	21 105.649     	
Lap 2	30 102.755     	29 103.343     	80 103.169     	53 103.610     	47 103.761     	 4 103.431     	42 103.726     	94 103.276     	 3 103.609     	74 103.897     	31 104.205     	19 103.629     	44 104.051     	81 104.290     	41 103.916     	69 104.058     	11 104.381     	 1 104.498     	98 104.677     	 2 104.454     	22 105.230     	20 105.232     	21 105.109     	 5 105.359     	
Lap 3	30 102.169     	47 103.070     	53 103.232     	80 103.331     	29 103.496     	 4 103.652     	94 103.890     	 3 103.869     	74 104.054     	31 103.953     	42 105.252     	41 103.869     	19 103.977     	81 103.957     	11 103.717     	44 104.555     	69 104.425     	 1 104.029     	98 104.532     	 2 104.522     	22 104.777     	20 105.298     	21 104.968     	 5 105.800     	
Lap 4	30 101.769     	47 102.945     	29 102.719     	80 103.640     	 4 103.252     	53 103.930     	94 103.646     	 3 103.681     	74 103.965     	42 103.902     	41 104.189     	44 103.602     	31 104.260     	11 104.090     	81 104.547     	19 104.609     	 1 104.172     	69 104.750     	98 104.596     	 2 104.885     	22 104.950     	20 105.182     	21 105.451     	 5 105.330     	
Lap 5	30 102.285     	47 103.278     	29 103.627     	 4 103.086     	53 103.139     	80 104.093     	94 103.923     	 3 103.963     	74 103.802     	42 103.615     	41 103.967     	31 103.983     	19 103.778     	44 104.295     	81 104.120     	11 104.290     	 1 104.871     	69 104.487     	98 104.545     	22 105.533     	 2 107.678     	20 105.050     	21 105.504     	 5 105.706     	
Lap 6	30 102.202     	29 103.289     	47 103.831     	 4 103.389     	53 103.953     	80 103.302     	94 103.715     	 3 103.747     	42 103.676     	74 104.290     	31 104.290     	19 104.305     	41 104.612     	81 104.149     	44 104.501     	11 104.566     	 1 104.218     	69 105.054     	98 104.433     	22 105.499     	 2 105.236     	20 105.339     	21 105.659     	 5 105.412     	
Lap 7	30 101.803     	29 103.135     	 4 103.088     	47 103.861     	80 102.955     	53 103.307     	 3 103.901     	94 104.230     	42 103.799     	74 104.425     	19 103.812     	44 103.722     	31 104.403     	81 104.176     	41 104.872     	11 104.419     	 1 104.970     	69 104.633     	98 105.158     	22 104.704     	 2 105.120     	20 105.426     	21 105.634     	 5 106.126     	
Lap 8	30 102.658     	29 103.086     	47 103.142     	 4 103.925     	80 103.398     	53 103.929     	94 103.861     	 3 104.515     	42 103.820     	74 103.874     	19 104.128     	31 104.107     	44 104.349     	81 104.532     	41 104.017     	11 104.465     	 1 104.948     	98 104.736     	69 107.130     	22 105.659     	 2 105.347     	21 104.027     	20 105.526     	 5 106.424     	
Lap 9	30 102.322     	29 103.376     	47 103.491     	 4 103.716     	80 103.770     	53 104.007     	42 102.391     	94 104.186     	 3 104.110     	74 104.391     	19 104.235     	31 104.117     	44 104.067     	81 104.235     	41 104.738     	11 104.283     	 1 104.656     	98 105.287     	69 103.584     	 2 105.116     	22 105.528     	20 105.235     	21 105.659     	 5 106.021     	
Lap 10	30 102.790     	29 102.229     	80 102.669     	47 103.719     	 4 103.208     	53 102.720     	42 102.945     	94 104.377     	 3 104.356     	74 103.656     	44 104.445     	19 104.760     	31 104.762     	41 104.166     	11 104.398     	81 106.405     	 1 103.650     	98 104.560     	69 105.465     	 2 104.820     	22 105.633     	20 105.821     	21 106.002     	 5 106.230     	
Lap 11	30 101.967     	29 102.801     	 4 103.594     	80 104.006     	47 104.100     	42 102.411     	53 104.092     	94 103.828     	74 102.896     	 3 104.632     	44 104.319     	19 104.758     	31 104.709     	41 104.403     	11 104.736     	81 104.192     	98 103.791     	69 103.417     	 1 107.044     	 2 104.758     	22 105.686     	20 105.093     	21 105.941     	 5 106.452     	
Lap 12	74 103.337     	30 120.859 WET	94 104.404     	 3 103.653     	44 104.230     	31 104.294     	19 104.676     	41 104.273     	11 105.047     	81 104.918     	29 120.958 WET	98 104.582     	 1 105.243     	69 105.450     	 4 121.908 WET	80 122.098 WET	47 123.039 WET	 2 104.208     	53 122.428 WET	42 123.121 WET	22 105.371     	20 105.350     	21 104.216     	 5 105.683     	
Lap 13	74 103.927     	94 104.212     	 3 104.988     	44 104.819     	31 104.204     	19 104.998     	41 105.419     	11 104.253     	81 104.939     	98 105.203     	 1 104.431     	69 104.949     	 2 105.640     	30 122.612 DRY	20 104.999     	22 105.657     	21 106.046     	 5 105.836     	29 122.575 DRY	 4 122.518 DRY	80 123.057 DRY	53 124.022 DRY	42 123.606 DRY	47 124.335 DRY	
Lap 14	74 121.883 WET	94 122.128 WET	 3 121.841 WET	44 122.405 WET	31 122.665 WET	19 122.993 WET	41 123.087 WET	81 121.622 WET	11 123.743 WET	98 123.661 WET	 1 123.648 WET	69 123.287 WET	 2 123.605 WET	30 121.436 WET	22 123.400 WET	20 124.755 WET	21 124.252 WET	29 120.654 WET	 5 123.249 WET	 4 121.104 WET	80 122.617 WET	42 122.089 WET	47 122.301 WET	53 122.609 WET	
Lap 15	74 105.057     	94 104.764     	 3 104.855     	44 105.982     	31 106.469     	19 105.977     	81 106.131     	41 106.296     	11 105.804     	98 106.533     	69 106.600     	 1 106.867     	30 104.042     	 2 106.376     	22 107.156     	20 107.236     	21 106.858     	29 103.675     	 4 103.782     	 5 107.210     	80 103.839     	47 105.248     	53 105.187     	42 105.719     	
Lap 16	74 122.908 DRY	94 122.749 DRY	 3 123.934 DRY	44 124.255 DRY	31 124.242 DRY	41 124.883 DRY	81 125.207 DRY	11 124.645 DRY	19 127.125 DRY	98 124.563 DRY	30 122.008 DRY	69 124.937 DRY	 1 125.236 DRY	 2 124.852 DRY	29 123.174 DRY	22 125.278 DRY	20 125.246 DRY	21 125.589 DRY	 4 123.027 DRY	80 122.828 DRY	 5 125.749 DRY	47 123.431 DRY	42 123.444 DRY	53 123.929 DRY	
Lap 17	74 104.161     	94 103.999     	 3 102.961     	44 104.158     	31 104.424     	11 104.220     	81 104.293     	41 104.604     	19 104.823     	98 104.323     	30 103.679     	69 104.948     	 1 105.134     	 2 103.455     	29 103.389     	22 105.644     	20 105.142     	 4 102.370     	21 105.743     	80 104.045     	 5 106.077     	47 103.766     	53 103.386     	42 103.915     	
Lap 18	74 103.695     	94 103.356     	 3 102.895     	44 103.039     	31 103.387     	81 104.043     	41 104.314     	11 104.546     	19 103.291     	30 102.581     	98 104.159     	69 104.076     	 1 104.113     	 2 103.148     	29 102.083     	22 104.512     	 4 103.732     	20 105.071     	21 104.882     	80 102.894     	47 103.066     	42 102.938     	 5 104.674     	53 103.525     	
Lap 19	74 103.880     	94 104.070     	 3 103.932     	44 103.293     	31 102.931     	81 103.806     	11 103.726     	41 104.584     	19 104.358     	30 102.149     	98 103.619     	69 104.121     	 1 104.453     	 2 103.178     	29 102.508     	 4 103.723     	20 104.164     	22 105.263     	80 102.891     	21 104.181     	47 103.719     	42 103.911     	53 103.514     	 5 105.394     	
Lap 20	74 104.117     	94 104.203     	 3 103.984     	44 102.809     	31 102.587     	81 104.126     	30 102.769     	11 104.111     	41 103.862     	19 104.277     	98 103.590     	69 104.723     	29 101.971     	 1 104.280     	 2 104.528     	 4 102.273     	80 103.386     	20 104.659     	22 105.538     	21 105.360     	47 103.528     	42 103.591     	53 103.832     	 5 105.893     	
Lap 21	74 103.406     	94 103.686     	 3 104.258     	44 104.532     	31 104.518     	30 102.982     	81 104.125     	11 103.886     	41 104.036     	19 104.096     	98 102.963     	29 103.170     	 1 104.324     	69 104.873     	 2 104.860     	 4 102.556     	80 103.787     	20 105.590     	22 105.155     	21 105.877     	47 103.334     	42 103.201     	53 104.270     	 5 105.441     	
Lap 22	74 103.476     	94 103.593     	 3 102.858     	44 104.637     	31 104.033     	30 101.948     	11 104.368     	81 104.636     	41 104.057     	19 104.261     	98 103.189     	29 102.049     	69 104.430     	 1 104.905     	 2 104.136     	 4 102.681     	80 102.943     	20 104.938     	42 102.200     	22 105.179     	47 103.539     	53 102.066     	21 105.906     	 5 105.881     	
Lap 23	74 103.358     	94 104.315     	 3 104.263     	44 104.068     	31 104.250     	30 102.651     	11 104.081     	81 104.467     	19 103.851     	41 104.884     	29 101.837     	98 105.211     	 1 104.361     	69 105.079     	 4 102.067     	 2 104.652     	80 102.454     	42 103.610     	20 104.869     	47 103.810     	53 103.850     	22 105.433     	21 104.888     	 5 105.839     	
Lap 24	74 102.904     	94 104.052     	 3 104.350     	30 102.345     	44 104.543     	31 104.309     	11 104.048     	81 103.971     	19 104.251     	41 104.306     	29 103.695     	98 104.614     	 4 103.062     	69 104.402     	 1 105.090     	 2 105.100     	80 102.858     	42 102.220     	47 103.280     	53 103.374     	20 104.974     	22 105.003     	21 103.983     	 5 105.688     	
Lap 25	74 102.497     	94 104.273     	 3 104.844     	30 102.423     	31 103.836     	44 104.416     	11 104.246     	81 104.331     	29 103.139     	19 103.991     	41 104.678     	98 103.974     	 4 102.635     	69 105.189     	 1 104.868     	 2 105.285     	80 103.069     	42 102.800     	47 103.354     	53 103.371     	20 104.333     	22 105.237     	21 105.468     	 5 105.520     	
Lap 26	74 103.365     	94 103.223     	 3 103.268     	30 101.925     	31 104.651     	44 104.839     	29 103.889     	11 104.847     	19 104.146     	81 104.579     	41 104.189     	98 104.912     	 4 102.450     	 1 104.255     	69 104.995     	80 104.051     	 2 105.404     	42 103.065     	47 103.970     	53 104.151     	20 104.392     	22 105.787     	21 105.193     	 5 106.401     	
Lap 27	74 103.582     	94 102.725     	 3 102.829     	30 102.183     	31 104.083     	44 103.920     	29 103.708     	11 104.937     	19 104.922     	81 104.957     	41 104.511     	98 103.453     	 4 102.292     	 1 104.320     	80 103.520     	69 104.919     	 2 105.474     	42 102.864     	47 103.724     	53 103.738     	20 104.394     	22 105.475     	21 106.033     	 5 105.809     	
Lap 28	74 103.097     	94 103.647     	30 101.944     	 3 104.513     	31 104.589     	44 104.841     	29 102.587     	19 104.057     	81 104.184     	 4 103.430     	11 105.056     	41 104.681     	98 104.468     	80 104.264     	 1 105.291     	69 105.245     	42 103.886     	 2 105.106     	47 103.856     	53 103.923     	20 104.890     	22 105.226     	21 106.046     	 5 105.675     	
Lap 29	74 102.912     	30 102.743     	94 104.365     	 3 103.268     	31 104.926     	44 104.510     	29 102.588     	19 104.617     	 4 104.152     	81 104.737     	11 104.623     	41 104.349     	98 104.643     	80 103.674     	 1 105.048     	42 103.026     	69 105.133     	 2 104.507     	47 103.398     	53 104.025     	20 104.746     	22 104.249     	21 104.416     	 5 106.310     	
Lap 30	74 103.362     	30 102.827     	94 102.914     	 3 103.348     	29 102.893     	31 104.493     	44 104.692     	 4 103.776     	19 105.107     	81 105.046     	41 104.818     	11 104.896     	98 105.511     	80 103.503     	42 103.724     	 1 105.007     	69 104.086     	 2 104.239     	47 103.300     	53 103.273     	20 104.141     	22 104.108     	21 104.498     	 5 106.036     	
Lap 31	74 102.980     	30 103.049     	94 103.043     	 3 103.956     	29 104.124     	44 104.253     	31 104.711     	 4 102.736     	19 104.335     	11 104.548     	41 104.813     	81 105.163     	98 104.245     	80 103.070     	42 103.470     	 1 104.873     	69 104.966     	 2 103.806     	47 103.290     	53 103.221     	20 104.586     	22 104.837     	21 104.456     	 5 106.280     	
Lap 32	74 103.118     	30 102.855     	94 103.537     	 3 103.804     	29 102.551     	44 104.790     	31 104.980     	 4 102.851     	11 104.416     	19 105.260     	81 104.335     	41 105.384     	98 105.293     	80 102.736     	42 103.542     	 1 105.404     	47 103.831     	69 105.304     	53 103.193     	 2 105.662     	20 104.900     	22 104.622     	21 104.714     	 5 106.889     	
Lap 33	74 103.227     	30 103.110     	94 103.883     	 3 104.003     	29 102.887     	31 104.259     	44 104.885     	 4 104.712     	19 104.529     	11 105.226     	81 105.251     	41 105.461     	80 103.604     	98 105.124     	42 103.549     	47 104.055     	53 103.851     	 1 105.225     	69 105.633     	 2 105.903     	20 104.754     	22 104.694     	21 104.668     	 5 106.849     	
Lap 34	74 103.486     	30 103.161     	94 103.227     	 3 103.820     	29 103.415     	 4 103.191     	31 105.275     	44 105.090     	19 104.677     	11 104.814     	81 105.370     	80 103.961     	41 105.417     	98 105.869     	42 103.125     	47 104.668     	53 104.632     	 1 105.532     	69 105.779     	 2 105.193     	20 105.259     	22 104.526     	21 105.497     	 5 107.079     	
Lap 35	74 103.443     	30 102.779     	94 104.107     	 3 103.956     	29 102.641     	 4 104.120     	31 104.976     	44 104.782     	19 105.106     	80 103.920     	11 105.191     	81 104.898     	41 104.803     	42 103.867     	98 105.758     	47 104.363     	53 104.459     	 1 104.078     	69 105.181     	 2 106.083     	20 104.648     	22 105.140     	21 104.868     	 5 106.471     	
Lap 36	74 104.047     	30 103.127     	94 103.798     	 3 104.223     	29 103.241     	 4 104.079     	44 105.075     	31 105.204     	19 105.284     	80 104.876     	11 104.880     	81 104.736     	42 104.296     	41 105.657     	98 104.024     	47 104.526     	53 104.842     	 1 104.285     	69 104.749     	 2 104.454     	20 104.518     	22 104.805     	21 105.356     	 5 106.988     	
Lap 37	74 103.562     	94 103.942     	30 121.477 DRY	 4 103.044     	 3 121.631 DRY	31 105.180     	29 121.602 DRY	19 105.684     	98 105.556     	47 104.443     	53 104.540     	44 122.745 DRY	 1 105.520     	69 105.854     	 2 106.091     	80 122.476 DRY	11 123.339 DRY	42 122.224 DRY	81 123.769 DRY	20 105.087     	41 124.685 DRY	21 105.768     	22 124.280 DRY	 5 125.202 DRY	
Lap 38	30 102.374     	74 122.710 DRY	94 122.487 DRY	 3 104.028     	29 102.157     	98 104.579     	 4 120.524 DRY	47 105.029     	44 104.382     	 1 105.825     	31 123.577 DRY	69 104.627     	 2 104.715     	80 102.676     	42 103.587     	11 104.143     	19 123.183 DRY	81 104.464     	20 105.231     	41 103.040     	53 122.549 DRY	21 105.360     	22 104.211     	 5 106.021     	
Lap 39	30 103.412     	74 104.010     	94 102.870     	 3 102.966     	29 102.097     	 4 102.460     	44 104.881     	31 104.285     	80 102.880     	42 103.823     	11 103.723     	81 104.360     	19 104.826     	41 104.773     	98 123.054 DRY	47 121.246 DRY	53 102.978     	21 105.390     	 1 123.587 DRY	69 123.510 DRY	 2 124.124 DRY	20 124.491 DRY	22 103.704     	 5 105.794     	
Lap 40	30 101.707     	74 102.400     	94 102.246     	 3 102.865     	29 101.865     	 4 102.566     	44 102.814     	31 102.862     	80 102.281     	42 103.329     	11 104.499     	19 103.808     	81 104.081     	41 103.871     	98 105.015     	47 103.201     	53 103.575     	 1 103.224     	69 103.314     	 2 103.856     	20 103.848     	22 103.879     	21 124.202 DRY	 5 105.813     	
Lap 41	30 101.618     	74 102.273     	94 102.946     	 3 102.467     	29 102.374     	 4 101.986     	44 103.009     	31 102.463     	80 102.525     	42 102.092     	11 103.271     	19 104.396     	81 104.703     	41 103.764     	98 103.091     	53 103.041     	47 103.568     	 1 103.743     	69 103.864     	 2 103.260     	20 103.647     	22 104.418     	21 104.527     	 5 105.345     	
Lap 42	30 102.562     	74 102.832     	94 102.921     	 3 102.709     	29 102.048     	 4 102.060     	44 103.770     	80 102.230     	31 103.999     	42 102.525     	11 103.014     	19 104.161     	81 104.057     	41 104.086     	98 102.872     	53 103.255     	47 103.291     	 1 103.489     	69 103.354     	 2 104.108     	20 104.458     	22 104.050     	21 104.182     	 5 106.109     	
Lap 43	30 102.632     	74 102.866     	94 103.058     	29 102.140     	 3 103.772     	 4 101.899     	80 103.391     	44 104.651     	31 104.010     	42 102.899     	11 103.353     	19 104.078     	81 104.151     	98 104.238     	41 104.627     	47 103.323     	53 103.478     	 1 103.068     	69 103.212     	 2 103.309     	20 104.352     	22 104.141     	21 104.668     	 5 105.744     	
Lap 44	30 101.901     	74 102.898     	94 102.714     	29 103.776     	 3 104.485     	 4 102.712     	80 102.623     	44 103.851     	31 103.799     	42 102.474     	11 103.321     	19 104.349     	81 104.727     	98 104.574     	53 103.063     	41 104.914     	47 103.872     	 1 103.830     	69 103.709     	 2 103.851     	20 104.350     	22 104.496     	21 104.567     	 5 106.256     	
Lap 45	30 102.573     	74 102.732     	94 102.868     	29 102.086     	 3 102.884     	 4 102.246     	80 102.719     	44 103.765     	42 102.672     	31 103.987     	11 103.493     	19 104.122     	81 103.966     	47 102.625     	53 103.430     	41 104.064     	98 104.921     	 1 103.813     	69 103.936     	 2 103.738     	20 103.921     	22 103.852     	21 104.269     	 5 105.935     	
Lap 46	30 101.887     	74 103.341     	94 102.810     	29 102.612     	 3 103.298     	 4 102.351     	80 102.607     	42 103.328     	44 103.916     	31 104.082     	11 103.828     	19 104.029     	47 103.537     	81 104.390     	53 103.844     	41 104.490     	98 104.755     	 1 103.391     	69 103.670     	 2 104.194     	20 104.235     	22 104.097     	21 104.878     	 5 105.689     	
Lap 47	30 102.152     	74 102.642     	94 103.473     	29 102.738     	 3 103.321     	 4 102.890     	80 103.253     	42 104.164     	44 104.422     	31 103.860     	11 103.135     	47 103.714     	19 104.624     	53 104.366     	81 104.869     	41 104.755     	98 105.286     	 1 103.611     	69 104.133     	 2 104.051     	20 104.082     	22 103.897     	21 104.423     	 5 105.580     	
Lap 48	30 101.903     	74 102.989     	94 103.296     	29 102.840     	 3 102.793     	 4 102.555     	80 102.768     	42 103.827     	44 104.126     	31 104.288     	11 103.083     	47 103.804     	53 103.261     	19 104.222     	81 104.193     	41 103.781     	98 103.654     	 1 103.937     	69 103.677     	 2 103.453     	20 103.969     	22 104.563     	21 104.787     	 5 106.149     	
Lap 49	30 102.303     	74 103.174     	94 103.400     	29 102.923     	 3 103.636     	 4 102.349     	80 103.303     	42 103.576     	31 104.498     	44 104.703     	11 103.516     	47 103.561     	53 103.727     	81 103.184     	19 104.497     	41 104.667     	98 105.132     	 1 103.872     	69 104.155     	 2 104.073     	20 104.003     	22 104.360     	21 104.973     	 5 105.927     	
Lap 50	30 102.579     	74 102.722     	94 103.455     	29 102.555     	 3 103.231     	 4 102.735     	80 103.318     	42 102.806     	31 104.666     	44 104.930     	11 103.312     	47 103.428     	53 103.693     	19 103.823     	81 104.289     	41 104.175     	98 104.064     	 1 104.059     	69 104.115     	 2 103.996     	20 104.034     	22 104.415     	21 104.427     	 5 105.814     	
Lap 51	30 102.558     	74 102.860     	29 103.030     	94 103.857     	 3 103.392     	 4 102.516     	80 102.964     	42 103.206     	31 104.317     	44 104.410     	11 104.258     	47 103.473     	53 104.367     	19 104.272     	81 105.359     	41 103.508     	98 103.920     	 1 103.904     	69 103.557     	 2 104.113     	20 104.396     	22 104.527     	21 104.290     	 5 106.314     	
Lap 52	30 102.629     	74 103.561     	29 103.863     	94 104.110     	 3 103.179     	 4 103.128     	80 103.338     	42 103.074     	31 104.939     	44 104.893     	11 105.209     	47 103.037     	53 104.335     	19 104.787     	81 104.451     	41 104.377     	98 103.917     	 1 104.298     	69 104.143     	 2 103.908     	20 104.860     	22 104.805     	21 104.584     	 5 106.757     	
Lap 53	30 102.482     	74 103.657     	29 104.228     	94 104.343     	 3 103.670     	 4 102.745     	80 102.865     	42 103.055     	31 104.822     	44 105.000     	11 104.743     	47 102.735     	53 102.849     	19 104.889     	81 104.774     	41 104.287     	98 103.459     	 1 103.578     	69 105.864     	 2 104.434     	20 104.595     	22 104.744     	21 104.245     	 5 106.839     	
Lap 54	30 103.022     	74 103.761     	29 102.995     	94 103.771     	 4 102.466     	 3 104.277     	80 103.027     	42 102.766     	31 104.789     	11 104.537     	44 104.983     	47 103.078     	53 103.135     	19 104.389     	41 105.045     	81 105.312     	98 105.620     	 1 104.467     	69 104.514     	 2 103.767     	20 104.893     	22 105.063     	21 104.588     	 5 106.565     	
Lap 55	30 103.178     	74 103.460     	29 102.994     	94 103.568     	 4 103.695     	 3 105.207     	80 102.990     	42 103.071     	31 104.602     	47 103.179     	11 105.323     	44 105.268     	53 103.560     	19 104.249     	81 104.663     	98 104.649     	41 105.603     	 1 103.856     	69 105.335     	 2 105.608     	20 104.327     	22 104.901     	21 105.157     	 5 106.565     	
Lap 56	30 103.336     	74 103.583     	29 103.033     	94 103.152     	 4 102.589     	 3 103.934     	80 103.963     	42 103.547     	31 105.095     	47 104.592     	11 104.715     	44 105.358     	53 102.761     	19 103.454     	81 104.793     	98 105.370     	41 105.434     	 1 105.204     	69 104.313     	 2 104.149     	20 104.337     	22 104.730     	21 105.006     	 5 106.785     	
Lap 57	30 103.466     	74 103.355     	29 103.072     	94 103.575     	 4 102.908     	 3 104.155     	80 103.509     	42 103.265     	47 103.914     	31 105.079     	11 105.295     	44 105.578     	53 105.309     	19 104.294     	81 104.569     	98 104.948     	 1 105.142     	41 105.237     	69 105.801     	 2 105.961     	20 104.862     	22 105.461     	21 104.948     	 5 108.268     	
Lap 58	74 103.757     	30 120.953 DRY	29 103.457     	94 103.685     	 4 103.717     	80 104.163     	 3 121.448 DRY	47 104.779     	31 105.305     	42 121.205 DRY	11 105.589     	53 104.920     	19 103.859     	81 104.503     	98 105.387     	41 105.076     	 1 105.514     	69 104.169     	 2 104.263     	44 122.648 DRY	20 104.799     	21 104.994     	22 123.135 DRY	 5 123.846 DRY	
Lap 59	74 104.227     	30 101.915     	 4 103.561     	29 120.763 DRY	94 122.066 DRY	80 104.168     	 3 103.551     	47 103.509     	42 103.204     	31 105.131     	19 104.411     	81 104.766     	41 105.341     	 1 104.982     	98 105.803     	69 104.375     	44 104.508     	11 123.683 DRY	 2 105.892     	53 123.241 DRY	20 105.052     	21 105.234     	22 104.325     	 5 106.099     	
Lap 60	30 101.984     	74 122.190 DRY	29 102.146     	94 103.110     	 4 120.424 DRY	 3 102.488     	80 122.541 DRY	47 103.365     	42 102.528     	31 103.764     	19 104.605     	 1 105.998     	98 105.993     	44 104.435     	11 104.140     	53 104.372     	81 122.354 DRY	20 105.077     	41 124.172 DRY	69 123.042 DRY	 2 124.081 DRY	21 105.669     	22 104.366     	 5 105.631     	
Lap 61	30 102.312     	74 103.351     	29 101.913     	 4 103.060     	94 103.817     	 3 103.049     	80 103.454     	42 102.615     	31 104.358     	19 104.725     	47 122.892 DRY	44 103.630     	11 104.302     	53 104.423     	81 103.741     	20 105.611     	41 102.993     	 1 124.037 DRY	98 124.016 DRY	69 103.674     	 2 103.625     	22 103.525     	21 124.032 DRY	 5 106.093     	
Lap 62	30 102.238     	74 102.621     	29 102.036     	 4 102.868     	94 103.174     	 3 102.642     	80 103.625     	42 103.069     	19 104.437     	47 102.780     	44 103.078     	31 123.098 DRY	11 104.381     	53 103.706     	81 103.293     	41 102.914     	20 105.652     	98 104.528     	69 104.323     	 1 105.139     	 2 103.155     	22 103.741     	21 104.394     	 5 105.523     	
Lap 63	30 101.667     	74 103.232     	29 102.041     	 4 103.710     	94 103.186     	 3 103.430     	42 102.709     	80 103.724     	47 102.300     	44 102.784     	31 103.277     	53 103.809     	11 104.675     	19 123.134 DRY	81 103.139     	41 103.409     	69 104.606     	98 104.802     	 1 104.583     	 2 103.521     	22 103.799     	20 123.278 DRY	21 104.465     	 5 105.415     	
Lap 64	30 102.111     	29 103.285     	74 103.546     	94 102.859     	 4 103.184     	 3 102.667     	42 103.477     	80 103.626     	47 102.224     	44 103.308     	31 102.872     	53 103.243     	11 104.168     	19 104.012     	81 103.965     	41 102.889     	69 104.645     	98 104.679     	 2 103.526     	 1 105.049     	22 104.173     	20 104.542     	21 103.870     	 5 105.923     	
Lap 65	30 101.744     	29 103.266     	74 103.515     	 4 102.996     	94 104.106     	 3 103.251     	42 102.268     	80 102.841     	47 102.330     	44 102.851     	31 103.332     	53 102.483     	11 103.591     	19 104.215     	81 104.742     	41 103.792     	69 104.604     	98 104.806     	 2 104.817     	 1 104.700     	22 104.114     	20 103.915     	21 104.281     	 5 105.603     	
Lap 66	30 102.281     	29 103.804     	74 103.812     	 4 103.265     	94 103.128     	 3 103.252     	42 102.222     	80 102.227     	47 102.523     	44 103.312     	31 103.448     	53 102.167     	11 103.479     	19 104.097     	81 104.893     	41 103.525     	69 104.693     	98 104.610     	 1 104.386     	 2 104.742     	22 104.247     	20 103.571     	21 104.587     	 5 105.624     	
Lap 67	30 102.505     	29 103.779     	74 103.499     	 4 103.738     	94 103.032     	 3 103.118     	42 102.454     	80 102.756     	47 102.950     	44 103.271     	31 104.256     	53 104.846     	11 103.798     	19 103.439     	81 104.249     	41 104.564     	98 104.608     	 1 104.575     	 2 104.405     	69 105.038     	22 105.412     	20 105.203     	21 103.969     	 5 106.500     	
Lap 68	30 102.429     	29 102.951     	74 103.410     	94 103.218     	 4 103.612     	 3 103.052     	42 103.049     	80 102.669     	47 102.218     	44 103.528     	31 103.816     	53 103.984     	11 103.730     	19 103.627     	81 103.219     	41 103.088     	98 104.766     	 1 105.045     	69 105.156     	 2 105.258     	22 105.145     	20 105.002     	21 104.464     	 5 105.881     	
Lap 69	30 102.504     	29 103.860     	74 104.139     	94 103.620     	 4 103.558     	 3 103.583     	42 102.457     	80 103.086     	47 102.352     	44 103.154     	31 102.612     	53 103.144     	11 103.071     	19 103.283     	81 102.929     	41 103.778     	 1 104.368     	98 104.909     	69 104.514     	 2 105.424     	22 105.053     	20 105.139     	21 104.853     	 5 105.683     	
Lap 70	30 102.262     	29 103.705     	74 103.496     	 4 103.149     	94 103.775     	 3 103.462     	42 102.636     	80 102.941     	47 103.082     	44 103.861     	31 102.861     	53 102.581     	11 103.547     	19 103.381     	81 103.413     	41 103.883     	98 104.206     	 1 104.918     	69 105.048     	 2 105.121     	22 105.506     	20 105.107     	21 104.523     	 5 106.023     	

-- OFFICIAL RESULTS --
Pos	#No	Driver						Team					Time		Diff		Pits	Best
01	#30	WIS	Josh Wise				BONGATAR				2:1:28.784	-0.000		6		101.618
02	#29	ALU	Sago Aludetsei			Dotruga Formula Racing	2:1:58.174	-29.390		6		101.837
03	#74	KON	Bařàsiz Konoca			Team Diigikwk Racers	2:1:58.707	-29.923		4		102.273
04	# 4	BLA	Zaku Blaxon				Team Blaland Racing		2:2:06.623	-37.839		6		101.899
05	#94	NES	At'ipi Nesbeksë			Team Diigikwk Racers	2:2:06.923	-38.139		4		102.246
06	# 3	BOB	Bob						BONGATAR				2:2:09.857	-41.073		4		102.467
07	#42	OOS	Frank Oosterhout		Cows Go Moo Racing		2:2:23.044	-54.260		6		102.092
08	#80	AYA	Ifloenne é Aya			Team V.V. Imperial		2:2:25.627	-56.843		6		102.227
09	#47	PAV	ketila léqa pavúteka	Team Solea Racing		2:2:41.231	-72.447		6		102.218
10	#44	KAX	Kaxon Kaxutak			Team Blaland Racing		2:2:51.136	-82.352		4		102.784
11	#31	ŠAŊ	xap'ít celentir šaŋév	Team Solea Racing		2:2:52.749	-83.965		4		102.463
12	#53	TÀC	Ešuro Tàcràɰë			Team Diigikwk Racers	2:2:54.024	-85.240		6		102.066
13	#11	KEG	Tuto Keget				Dotruga Formula Racing	2:2:57.682	-88.898		4		103.014
14	#19	ZAI	khélok atep zailunaɰ	Team Solea Racing		2:3:03.310	-94.526		4		103.283
15	#81	KÆR	Lyǽs Kæræsekæræn		Team V.V. Imperial		2:3:05.118	-96.334		4		102.929
16	#41	CAN	Olga Candy				Cows Go Moo Racing		2:3:07.473	-98.689		4		102.889
17	#98	MOT	Gorga Motxev			Dotruga Formula Racing	2:3:20.792	-112.008	4		102.872
18	# 1	ROT	Robbie Rotten			Team V.V. Imperial		2:3:21.318	-112.534	4		103.068
19	#69	SAN	Marisa Sanchez			Cows Go Moo Racing		2:3:21.790	-113.006	4		103.212
20	# 2	HID	Body Hide				BONGATAR				2:3:22.821	-114.037	4		103.148
21	#22	PHI	Philipe					Team Vincent			2:3:35.665	-126.881	4		103.525
22	#20	MAC	Mac						Team Vincent			2:3:35.936	-127.152	4		103.571
23	#21	ORS	Orson					Team Vincent			2:3:48.269	-139.485	4		103.870
24	# 5	NOX	Naxan Noxokolonaxon		Team Blaland Racing		2:4:57.779	-208.995	4		104.674

-- RACE INCIDENT REPORT --
Frank Oosterhout made a mistake while attempting an overtake on lap 3.
Body Hide made a mistake while attempting an overtake on lap 5.
Marisa Sanchez made a mistake while attempting an overtake on lap 8.
Lyǽs Kæræsekæræn made a mistake while attempting an overtake on lap 10.
Robbie Rotten made a mistake while attempting an overtake on lap 11.
The rain ceased on lap 16.
khélok atep zailunaɰ made a mistake while attempting an overtake on lap 16.
Zaku Blaxon made a mistake on lap 33.
Kaxon Kaxutak made a mistake on lap 39.
Marisa Sanchez made a mistake on lap 53.
The track dried on lap 57.
Naxan Noxokolonaxon made a mistake while attempting an overtake on lap 57.
