-- LAP TIMES --
Lap 0	29 0.000     	30 0.000     	47 0.100     	42 0.100     	53 0.200     	 4 0.200     	80 0.300     	74 0.300     	31 0.400     	94 0.400     	 3 0.500     	81 0.500     	98 0.600     	 2 0.600     	19 0.700     	41 0.700     	11 0.800     	44 0.800     	69 0.900     	 1 0.900     	20 1.000     	22 1.000     	21 1.100     	 5 1.100     	
Lap 1	30 105.928     	47 106.516     	42 106.529     	29 106.697     	 4 106.687     	53 107.143     	80 107.172     	94 107.152     	 3 107.182     	74 107.636     	31 107.682     	41 107.422     	11 107.351     	19 107.487     	44 107.397     	98 107.598     	81 107.717     	69 107.679     	 1 107.793     	 2 108.289     	20 108.358     	22 108.780     	21 108.750     	 5 109.838     	
Lap 2	29 105.924     	30 106.740     	42 106.563     	47 106.773     	 4 106.912     	80 106.718     	 3 106.871     	53 107.256     	74 106.788     	94 107.321     	31 107.373     	81 107.374     	19 107.444     	41 107.670     	11 107.928     	44 108.022     	 1 107.526     	69 107.728     	98 108.304     	 2 108.422     	20 108.917     	22 108.574     	21 109.211     	 5 109.620     	
Lap 3	30 105.949     	29 106.336     	47 107.060     	42 107.340     	 4 107.556     	80 107.380     	53 107.314     	74 107.251     	94 107.187     	 3 107.748     	41 107.138     	31 107.776     	81 107.785     	11 107.467     	44 107.418     	19 108.045     	 1 107.549     	69 107.590     	98 108.041     	 2 107.566     	22 108.238     	20 108.627     	21 108.964     	 5 109.620     	
Lap 4	30 106.626     	29 106.519     	47 106.617     	42 106.739     	 4 107.472     	80 107.360     	53 107.239     	74 107.394     	94 107.488     	 3 107.452     	31 107.265     	41 107.715     	44 107.647     	81 107.916     	11 107.779     	 1 107.690     	19 107.894     	69 107.964     	98 108.122     	 2 108.765     	22 108.239     	20 108.767     	21 108.450     	 5 109.775     	
Lap 5	30 106.117     	29 106.732     	42 105.574     	47 107.176     	 4 107.153     	80 107.220     	53 107.225     	74 107.051     	94 107.746     	 3 107.687     	31 107.748     	41 107.610     	44 107.544     	11 107.607     	19 107.776     	81 108.108     	 1 107.970     	69 107.945     	98 108.034     	 2 108.082     	22 109.243     	20 109.041     	21 109.002     	 5 110.081     	
Lap 6	30 106.941     	29 106.956     	42 106.706     	47 105.720     	 4 106.892     	53 106.790     	80 107.555     	74 107.541     	94 106.986     	 3 107.529     	41 107.686     	31 107.986     	44 107.795     	19 107.354     	81 107.516     	11 108.163     	 1 107.968     	69 107.952     	 2 106.977     	98 108.301     	22 108.964     	20 108.835     	21 109.185     	 5 109.660     	
Lap 7	30 106.878     	29 107.073     	47 106.370     	42 107.521     	53 106.773     	 4 107.628     	80 107.157     	74 107.806     	94 107.565     	 3 107.435     	41 107.378     	31 107.248     	44 107.663     	19 107.662     	81 108.000     	11 107.928     	 1 107.926     	69 108.422     	 2 108.370     	98 109.011     	22 108.797     	20 108.994     	21 107.903     	 5 109.314     	
Lap 8	30 105.288     	29 106.455     	42 106.027     	47 106.786     	53 107.463     	80 106.967     	 4 107.580     	74 107.813     	 3 107.190     	94 107.785     	41 108.090     	31 108.153     	19 107.486     	44 107.872     	81 107.933     	11 107.972     	 1 107.692     	69 108.217     	 2 108.065     	98 108.503     	22 108.846     	20 108.800     	21 108.856     	 5 109.860     	
Lap 9	30 105.487     	47 106.499     	29 107.224     	42 107.576     	 4 106.637     	80 107.726     	94 106.345     	53 108.831     	 3 107.876     	74 107.972     	41 107.551     	31 108.272     	19 108.455     	44 108.306     	81 108.237     	11 108.289     	 1 108.533     	69 108.389     	 2 108.152     	98 106.977     	22 108.594     	20 108.771     	21 108.781     	 5 110.140     	
Lap 10	30 106.162     	29 106.728     	47 107.106     	42 106.721     	 4 107.053     	80 107.724     	94 107.397     	53 107.774     	74 106.594     	 3 107.313     	31 107.348     	41 108.438     	19 108.178     	44 108.172     	81 108.200     	 1 107.776     	11 108.416     	69 107.998     	 2 108.638     	98 108.674     	22 108.840     	20 108.987     	21 109.655     	 5 110.229     	
Lap 11	30 106.171     	42 105.750     	29 107.111     	47 107.460     	 4 106.656     	80 107.369     	94 107.442     	53 106.814     	74 107.413     	 3 107.916     	31 107.521     	41 107.981     	19 107.769     	44 108.608     	81 108.177     	69 107.126     	11 108.288     	 1 108.695     	 2 108.531     	98 108.535     	22 109.369     	20 108.942     	21 108.883     	 5 110.001     	
Lap 12	30 106.298     	47 106.461     	42 107.550     	29 107.181     	 4 106.944     	53 106.990     	80 107.398     	94 107.916     	74 107.271     	 3 106.905     	31 108.279     	41 108.063     	19 108.516     	44 108.621     	81 108.425     	 1 107.915     	69 108.062     	11 108.215     	 2 108.217     	98 108.905     	22 109.022     	20 109.258     	21 108.974     	 5 109.664     	
Lap 13	30 106.181     	29 106.626     	47 107.112     	42 107.336     	 4 106.413     	53 107.203     	80 107.381     	74 107.436     	94 107.671     	 3 107.882     	31 107.963     	41 108.522     	19 107.287     	81 107.838     	69 108.040     	44 108.271     	11 108.344     	 1 108.666     	 2 108.861     	98 108.809     	22 109.442     	20 109.491     	21 109.612     	 5 109.750     	
Lap 14	30 106.318     	42 106.065     	29 107.390     	47 107.771     	 4 107.123     	53 107.362     	80 107.874     	74 107.376     	 3 106.451     	94 107.896     	31 108.201     	41 108.067     	19 108.765     	81 108.428     	69 108.338     	 1 108.211     	44 108.756     	11 108.639     	 2 108.643     	98 108.596     	22 109.131     	20 109.407     	21 109.338     	 5 110.514     	
Lap 15	30 106.071     	42 107.536     	29 107.188     	47 106.738     	 4 106.734     	53 108.023     	80 107.394     	94 107.195     	74 108.322     	 3 108.286     	31 108.231     	41 108.015     	19 108.822     	81 108.270     	44 108.034     	69 109.048     	11 108.264     	 1 108.883     	 2 109.825     	98 109.026     	22 108.663     	20 109.264     	21 109.739     	 5 110.175     	
Lap 16	30 105.918     	42 107.683     	29 107.509     	47 107.746     	 4 106.393     	53 107.722     	80 108.034     	94 107.968     	74 107.687     	 3 108.697     	31 108.262     	41 108.027     	19 108.369     	81 107.999     	44 108.292     	11 108.947     	 1 108.999     	69 110.523     	 2 108.965     	98 109.472     	22 108.639     	20 109.308     	21 109.459     	 5 110.410     	
Lap 17	30 106.279     	29 107.330     	42 107.883     	47 107.843     	 4 106.545     	53 107.677     	80 108.155     	74 107.362     	94 108.508     	 3 107.091     	31 108.746     	41 108.640     	19 108.067     	81 108.209     	44 108.573     	11 108.691     	69 107.332     	 1 108.714     	 2 108.582     	98 109.214     	22 108.095     	20 108.392     	21 108.283     	 5 110.652     	
Lap 18	30 106.577     	29 106.992     	42 108.102     	47 107.632     	 4 107.086     	53 106.928     	80 108.278     	74 108.260     	 3 108.450     	94 108.513     	31 108.169     	41 108.781     	19 108.965     	44 107.346     	81 108.640     	11 108.716     	69 108.560     	 1 109.239     	 2 107.527     	98 107.808     	22 108.546     	20 109.487     	21 110.156     	 5 110.293     	
Lap 19	30 105.909     	29 106.608     	 4 107.395     	47 107.596     	42 108.368     	53 106.578     	74 107.929     	94 107.255     	80 108.647     	 3 108.751     	31 108.330     	41 108.405     	81 108.226     	44 108.441     	19 108.972     	11 109.188     	69 109.348     	 1 108.697     	 2 107.706     	98 107.752     	22 108.473     	20 108.696     	21 108.990     	 5 110.562     	
Lap 20	42 107.157     	47 107.762     	30 124.865 DRY	80 108.082     	 3 107.327     	29 125.573 DRY	 4 126.169 DRY	31 109.054     	19 108.833     	53 125.120 DRY	11 108.429     	98 107.622     	94 125.905 DRY	74 126.688 DRY	41 126.863 DRY	81 126.103 DRY	44 126.136 DRY	20 108.844     	69 127.511 DRY	 1 127.698 DRY	 2 126.513 DRY	22 126.329 DRY	21 127.455 DRY	 5 129.028 DRY	
Lap 21	47 107.494     	42 107.806     	30 106.000     	29 105.323     	 4 107.134     	19 108.254     	53 107.512     	11 109.081     	94 107.272     	74 107.465     	80 126.427 DRY	 3 127.324 DRY	41 107.625     	81 107.581     	31 127.214 DRY	44 107.608     	69 108.538     	 1 108.375     	 2 108.471     	98 126.201 DRY	22 107.655     	20 127.976 DRY	21 108.594     	 5 109.823     	
Lap 22	30 105.321     	29 105.099     	 4 105.856     	47 126.277 DRY	42 127.052 DRY	53 108.141     	94 107.319     	74 107.046     	80 106.808     	 3 106.405     	41 107.288     	81 107.385     	31 107.479     	44 107.573     	19 127.653 DRY	11 125.707 DRY	69 107.931     	 1 107.740     	 2 107.738     	98 108.871     	22 107.789     	20 107.717     	21 108.308     	 5 109.504     	
Lap 23	30 105.384     	29 105.058     	 4 106.256     	47 105.784     	42 106.145     	53 106.253     	94 107.068     	74 107.102     	80 106.410     	 3 106.218     	41 107.760     	81 107.631     	31 107.864     	44 108.334     	19 107.122     	11 107.471     	 1 107.621     	69 107.679     	98 106.398     	 2 108.375     	22 107.108     	20 107.579     	21 107.699     	 5 110.009     	
Lap 24	30 105.410     	29 105.628     	 4 106.481     	47 105.689     	42 105.324     	53 106.021     	80 107.005     	94 107.276     	74 107.554     	 3 107.689     	41 107.385     	81 107.681     	31 107.463     	44 107.789     	19 106.871     	11 106.555     	 1 107.979     	69 108.235     	98 108.179     	 2 108.111     	22 107.504     	20 107.311     	21 107.839     	 5 110.092     	
Lap 25	30 105.118     	29 105.244     	 4 106.056     	47 105.307     	42 105.938     	53 105.551     	80 107.025     	74 106.955     	 3 106.091     	94 107.820     	41 106.432     	31 107.333     	81 107.652     	44 107.485     	19 106.761     	11 107.111     	 1 107.833     	69 107.577     	98 107.697     	 2 108.744     	22 107.455     	20 107.941     	21 108.057     	 5 109.479     	
Lap 26	30 105.350     	29 105.583     	47 106.136     	 4 107.363     	42 105.729     	53 105.502     	94 106.153     	74 107.131     	80 107.592     	 3 107.683     	41 107.075     	31 107.392     	81 108.120     	44 107.478     	19 107.009     	11 106.205     	69 107.950     	 1 108.038     	98 108.766     	 2 107.545     	22 109.124     	20 107.942     	21 107.855     	 5 109.427     	
Lap 27	30 105.790     	29 105.343     	42 105.839     	47 107.265     	 4 107.338     	53 105.517     	80 107.028     	94 107.686     	74 107.837     	 3 108.164     	41 106.340     	31 107.782     	81 107.944     	44 107.739     	19 107.829     	11 106.995     	 1 108.096     	69 108.528     	98 107.961     	 2 108.324     	22 107.620     	20 107.550     	21 107.896     	 5 109.955     	
Lap 28	30 106.085     	29 105.319     	47 106.748     	42 107.221     	 4 106.251     	53 106.333     	80 107.174     	94 107.363     	74 107.342     	 3 106.465     	41 106.481     	31 107.006     	44 107.850     	81 107.980     	19 107.593     	11 108.399     	 1 107.946     	69 108.023     	98 107.857     	 2 110.779     	22 107.861     	20 107.926     	21 108.146     	 5 109.683     	
Lap 29	30 105.438     	29 105.422     	47 106.552     	42 107.112     	 4 107.517     	53 105.682     	80 106.892     	94 107.482     	74 107.292     	 3 107.731     	41 106.965     	31 107.029     	11 106.564     	44 107.955     	81 108.211     	19 107.951     	 1 107.881     	69 108.324     	98 108.728     	 2 107.566     	22 107.522     	20 107.718     	21 108.409     	 5 109.691     	
Lap 30	30 105.847     	29 105.248     	47 106.566     	 4 106.644     	42 107.524     	53 106.090     	80 106.884     	94 107.889     	74 107.404     	 3 107.788     	41 106.694     	31 107.126     	19 107.497     	81 107.655     	11 108.046     	44 108.445     	 1 108.162     	98 106.783     	69 107.978     	 2 107.022     	22 108.372     	20 107.523     	21 108.472     	 5 109.787     	
Lap 31	30 105.779     	29 105.546     	47 105.511     	 4 107.413     	42 107.069     	53 108.004     	94 107.835     	74 107.339     	80 106.686     	 3 106.590     	41 106.629     	31 106.626     	19 107.728     	81 108.494     	11 108.403     	44 108.590     	 1 107.891     	98 108.033     	69 108.281     	 2 106.971     	22 107.778     	20 107.724     	21 108.301     	
Lap 32	30 105.553     	47 106.013     	42 106.275     	 4 107.683     	53 106.433     	80 105.971     	94 106.263     	74 107.300     	 3 107.851     	41 107.223     	31 106.619     	81 107.582     	19 108.494     	11 108.086     	44 108.672     	 1 108.445     	98 108.282     	69 108.429     	 2 107.806     	22 108.278     	20 107.762     	21 108.068     	 5 110.138     	
Lap 33	30 105.813     	47 106.434     	42 106.276     	53 107.536     	 4 107.892     	80 106.641     	94 107.565     	74 108.239     	 3 108.331     	41 106.596     	31 107.248     	81 108.124     	19 108.101     	44 106.923     	11 108.348     	 1 108.249     	98 108.717     	69 108.569     	 2 109.047     	22 107.713     	20 107.761     	21 108.707     	 5 109.975     	
Lap 34	30 105.490     	47 106.299     	42 106.210     	53 107.087     	 4 107.383     	80 106.800     	94 106.789     	74 107.712     	 3 108.474     	41 106.662     	31 107.420     	81 107.893     	44 108.502     	19 108.349     	11 107.941     	69 108.394     	98 108.894     	 1 107.294     	 2 107.119     	22 108.460     	20 107.824     	21 108.104     	
Lap 35	30 105.829     	47 105.902     	42 106.093     	 4 106.561     	80 106.919     	94 107.128     	74 106.498     	 3 107.893     	41 107.599     	31 106.795     	19 108.001     	81 108.570     	44 108.138     	11 108.713     	 1 107.495     	69 108.307     	 2 108.675     	98 108.650     	22 108.430     	20 108.145     	21 109.014     	 5 110.574     	
Lap 36	30 106.250     	47 106.087     	42 106.586     	 4 108.502     	80 106.611     	94 107.139     	74 107.199     	41 107.654     	 3 108.068     	31 106.672     	81 108.162     	19 108.303     	11 108.574     	44 108.896     	 1 108.094     	69 108.281     	98 108.794     	 2 109.148     	22 108.756     	20 108.565     	21 108.579     	 5 110.607     	
Lap 37	30 106.005     	47 106.092     	42 106.485     	 4 107.375     	80 106.916     	94 106.700     	74 106.989     	41 108.070     	 3 108.460     	31 106.871     	19 107.787     	81 108.154     	11 108.255     	44 108.464     	 1 107.754     	69 107.771     	98 108.788     	 2 108.930     	22 108.113     	20 108.810     	21 108.594     	 5 110.050     	
Lap 38	30 106.778     	47 106.169     	42 106.551     	 4 106.769     	80 107.356     	94 106.773     	74 107.113     	41 108.087     	 3 108.275     	31 107.224     	19 108.613     	81 108.852     	11 108.859     	44 108.766     	 1 107.314     	69 107.920     	98 108.851     	 2 109.686     	22 109.016     	20 108.812     	21 109.256     	 5 110.484     	
Lap 39	30 106.611     	47 106.695     	42 106.276     	 4 107.125     	80 107.438     	94 106.957     	74 107.592     	41 108.860     	 3 108.592     	31 107.761     	19 108.298     	81 108.762     	11 108.976     	44 109.314     	 1 107.740     	69 108.122     	98 108.698     	 2 109.410     	22 108.896     	20 108.239     	21 109.125     	 5 110.973     	
Lap 40	30 124.782 DRY	47 106.444     	42 107.105     	 4 107.380     	80 107.334     	94 107.068     	 3 107.964     	31 107.739     	41 108.553     	74 125.189 DRY	19 108.587     	81 108.780     	11 108.822     	 1 127.315 DRY	69 107.828     	22 126.881 DRY	44 108.921     	98 107.882     	 2 126.525 DRY	20 109.147     	21 127.795 DRY	
Lap 41	30 105.214     	47 107.277     	42 106.841     	80 107.465     	94 107.462     	 4 125.065 DRY	 3 108.046     	74 106.659     	19 107.497     	31 126.335 DRY	44 108.003     	41 127.004 DRY	69 108.036     	98 107.779     	81 125.502 DRY	 1 106.730     	 2 107.164     	22 107.976     	20 126.390 DRY	21 108.324     	 5 129.075 DRY	
Lap 42	30 104.976     	42 107.288     	47 125.056 DRY	 4 106.780     	 3 107.641     	80 125.141 DRY	94 126.043 DRY	74 105.927     	19 107.949     	31 108.050     	41 107.389     	81 106.763     	 1 106.716     	44 126.823 DRY	69 126.214 DRY	98 125.506 DRY	 2 107.395     	22 107.933     	20 107.952     	21 107.729     	 5 109.535     	
Lap 43	30 105.222     	42 107.400     	47 105.984     	 4 105.754     	80 106.423     	74 107.088     	94 107.227     	19 107.727     	 3 126.262 DRY	31 107.656     	41 107.796     	81 106.712     	 1 106.576     	44 107.503     	69 106.735     	98 106.954     	 2 106.780     	22 107.461     	20 107.232     	21 107.979     	 5 110.057     	
Lap 44	30 105.361     	47 105.433     	42 126.083 DRY	 4 106.566     	80 106.153     	94 106.645     	74 107.277     	 3 107.435     	31 107.492     	41 107.601     	81 106.045     	19 125.626 DRY	 1 106.559     	44 107.054     	69 106.768     	98 106.940     	 2 107.254     	22 107.591     	20 108.072     	21 108.462     	 5 110.090     	
Lap 45	30 105.799     	47 105.476     	42 106.412     	 4 106.389     	80 106.256     	94 107.216     	74 106.837     	 3 107.000     	31 107.699     	41 107.611     	81 106.662     	19 107.837     	 1 107.842     	44 106.379     	69 106.661     	98 107.071     	 2 107.139     	22 108.126     	20 107.750     	21 107.707     	 5 109.339     	
Lap 46	30 105.909     	47 106.094     	42 106.111     	 4 106.591     	80 106.288     	74 106.804     	94 107.336     	 3 107.624     	41 107.275     	31 107.810     	81 107.097     	19 107.718     	 1 107.861     	44 106.651     	69 107.120     	98 106.831     	 2 107.602     	22 108.122     	20 107.868     	21 108.284     	 5 109.412     	
Lap 47	30 105.228     	47 105.887     	42 106.107     	 4 106.197     	80 106.606     	94 106.956     	74 107.638     	 3 107.207     	41 107.487     	31 108.086     	81 107.130     	19 107.509     	 1 107.996     	44 108.239     	69 106.688     	98 107.125     	 2 106.933     	22 108.259     	20 107.864     	21 107.831     	 5 109.574     	
Lap 48	30 106.037     	47 106.337     	42 105.568     	 4 105.969     	80 106.043     	94 106.901     	74 107.543     	 3 106.407     	41 107.721     	31 107.789     	81 106.902     	19 106.965     	 1 106.956     	44 106.957     	69 107.250     	98 106.542     	 2 107.139     	22 107.445     	20 107.757     	21 107.928     	 5 109.937     	
Lap 49	30 105.166     	47 105.508     	42 105.487     	 4 105.888     	80 106.358     	94 107.539     	74 106.775     	 3 105.897     	41 107.742     	31 108.240     	81 106.760     	19 106.211     	 1 106.735     	44 106.502     	69 107.024     	98 106.968     	 2 107.512     	22 107.999     	20 107.573     	21 108.702     	 5 109.991     	
Lap 50	30 105.886     	47 106.429     	42 105.871     	 4 105.904     	80 106.181     	74 107.127     	94 107.393     	 3 106.423     	41 107.050     	31 106.322     	81 106.468     	19 106.801     	 1 107.958     	44 107.624     	69 107.378     	98 106.901     	 2 107.043     	22 108.271     	20 107.648     	21 108.062     	 5 109.933     	
Lap 51	30 105.857     	47 106.449     	42 106.207     	 4 106.504     	80 106.203     	94 107.579     	74 108.081     	 3 106.765     	41 108.156     	31 108.183     	81 106.593     	19 107.094     	 1 107.891     	44 108.371     	69 107.316     	98 107.400     	 2 107.369     	22 108.140     	20 108.128     	21 108.274     	
Lap 52	30 105.498     	47 105.665     	42 105.836     	 4 106.276     	80 106.640     	94 107.289     	74 107.239     	 3 106.625     	41 107.662     	31 107.693     	81 107.183     	19 106.737     	 1 107.411     	69 106.934     	98 106.725     	 2 107.749     	22 108.539     	20 108.406     	21 108.491     	 5 110.313     	
Lap 53	30 106.309     	47 106.462     	42 106.504     	 4 106.265     	80 106.393     	94 107.853     	74 107.776     	 3 107.021     	41 107.974     	31 108.476     	81 107.010     	19 107.292     	 1 107.490     	69 106.735     	98 106.944     	 2 107.127     	22 108.146     	20 107.676     	21 108.874     	 5 110.504     	
Lap 54	30 105.592     	47 105.694     	42 105.973     	 4 106.716     	80 106.478     	74 107.636     	94 108.073     	 3 106.222     	41 106.936     	31 106.747     	81 107.110     	19 106.721     	 1 107.499     	69 106.995     	98 106.965     	 2 107.701     	22 107.771     	20 108.601     	21 108.957     	 5 109.997     	
Lap 55	30 105.554     	47 106.029     	42 106.397     	 4 106.841     	80 106.085     	94 107.588     	74 107.956     	 3 106.765     	41 107.152     	31 106.888     	81 107.062     	19 107.020     	 1 108.112     	69 108.756     	98 107.249     	 2 107.502     	22 108.573     	20 107.790     	21 108.936     	 5 109.993     	
Lap 56	30 106.496     	47 106.633     	42 106.318     	 4 107.000     	80 106.691     	94 108.019     	74 107.784     	 3 106.762     	41 108.736     	31 108.609     	81 106.996     	19 107.390     	 1 107.736     	69 108.365     	98 108.994     	 2 108.173     	22 108.405     	20 108.618     	21 108.216     	 5 109.976     	
Lap 57	30 106.462     	47 105.995     	42 106.067     	 4 106.706     	80 106.708     	94 107.986     	74 108.119     	 3 106.553     	41 107.869     	31 108.712     	81 107.781     	19 106.699     	 1 108.048     	69 107.274     	98 107.943     	 2 107.621     	22 108.793     	20 108.490     	21 109.137     	 5 110.740     	
Lap 58	30 106.322     	47 106.244     	42 105.903     	 4 107.024     	80 106.750     	94 108.045     	74 108.264     	 3 106.530     	41 107.221     	31 107.237     	81 107.502     	19 106.924     	 1 107.498     	69 107.169     	98 107.926     	 2 107.789     	22 108.089     	20 108.832     	21 109.044     	 5 110.861     	
Lap 59	30 106.285     	47 106.355     	42 106.819     	 4 107.417     	80 106.474     	74 107.534     	 3 106.519     	94 108.037     	41 107.754     	31 106.950     	81 107.342     	19 107.288     	 1 108.542     	69 108.979     	98 107.397     	 2 108.010     	22 108.793     	20 108.517     	21 109.319     	 5 110.940     	
Lap 60	30 125.087 DRY	47 107.077     	42 106.916     	 4 106.846     	80 106.609     	94 107.252     	 3 108.086     	74 108.193     	41 108.991     	31 108.809     	81 107.105     	19 107.238     	69 107.310     	98 107.688     	 1 126.101 DRY	22 108.927     	 2 126.276 DRY	20 108.457     	21 127.367 DRY	 5 111.022     	
Lap 61	30 105.553     	47 106.318     	42 106.994     	80 106.797     	 4 124.972 DRY	94 108.203     	 3 108.031     	41 108.390     	81 109.252     	74 125.543 DRY	19 107.549     	69 107.522     	98 107.387     	31 126.470 DRY	 1 107.252     	 2 107.085     	22 109.133     	20 109.282     	21 107.837     	 5 110.797     	
Lap 62	30 105.241     	42 107.132     	47 125.056 DRY	80 107.129     	 4 106.106     	 3 108.628     	41 107.606     	74 107.042     	94 126.039 DRY	19 107.502     	31 106.817     	81 126.271 DRY	 1 106.859     	69 126.112 DRY	98 126.518 DRY	 2 108.043     	22 127.947 DRY	20 126.957 DRY	21 108.187     	 5 129.140 DRY	
Lap 63	30 105.082     	42 106.954     	47 106.249     	 4 106.112     	80 126.179 DRY	74 107.525     	94 107.264     	19 107.328     	 3 125.964 DRY	31 106.825     	41 126.335 DRY	81 106.408     	 1 107.092     	69 106.804     	98 106.894     	 2 107.097     	22 107.460     	20 108.082     	21 108.396     	 5 110.283     	
Lap 64	30 105.192     	47 105.298     	42 124.694 DRY	 4 106.080     	80 106.638     	74 107.583     	94 107.068     	 3 107.878     	31 106.266     	81 107.270     	41 107.574     	19 127.447 DRY	 1 106.930     	69 107.082     	98 107.245     	 2 107.522     	22 107.065     	20 107.607     	21 107.645     	 5 109.689     	
Lap 65	30 105.179     	47 106.164     	42 106.000     	 4 106.072     	80 106.398     	74 106.999     	94 107.003     	 3 106.241     	31 106.557     	41 107.229     	81 108.054     	19 106.890     	 1 106.480     	69 106.973     	98 106.405     	 2 107.247     	22 107.459     	20 107.754     	21 107.564     	 5 109.443     	
Lap 66	30 105.568     	47 105.461     	42 105.693     	 4 106.145     	80 105.746     	74 107.074     	94 107.277     	 3 106.305     	31 106.398     	41 107.385     	81 107.559     	19 106.874     	 1 107.288     	69 106.857     	98 107.279     	 2 106.636     	22 107.863     	20 107.846     	21 108.220     	 5 110.118     	
Lap 67	30 105.524     	47 105.546     	42 105.367     	 4 106.306     	80 105.668     	74 107.219     	94 107.652     	 3 107.268     	31 106.840     	41 107.184     	81 107.925     	19 106.193     	 1 107.039     	69 107.186     	98 106.757     	 2 106.948     	22 107.935     	20 107.805     	21 107.793     	 5 109.543     	
Lap 68	30 105.321     	47 105.694     	42 105.804     	 4 106.355     	80 106.479     	74 107.810     	94 107.874     	 3 107.312     	31 107.113     	41 106.666     	81 107.550     	19 107.771     	 1 107.374     	69 106.909     	98 107.188     	 2 107.617     	22 107.618     	20 107.829     	21 108.623     	 5 109.749     	
Lap 69	30 105.434     	47 105.640     	42 105.647     	 4 106.599     	80 106.653     	74 107.372     	 3 107.287     	94 107.842     	31 106.606     	41 106.819     	19 107.040     	81 107.849     	 1 107.148     	69 107.229     	98 107.006     	 2 107.664     	22 108.060     	20 107.608     	21 108.276     	 5 109.599     	
Lap 70	30 105.891     	47 106.101     	42 106.062     	 4 106.171     	80 106.488     	74 107.154     	94 106.671     	 3 107.221     	31 107.108     	41 107.051     	81 107.976     	19 108.313     	 1 107.648     	69 106.803     	98 107.417     	 2 107.332     	22 107.436     	20 107.846     	21 108.200     	 5 110.054     	
Lap 71	30 105.926     	47 106.412     	42 105.956     	 4 106.386     	80 105.790     	74 107.336     	 3 107.393     	94 107.977     	31 107.213     	41 106.509     	81 107.515     	19 107.824     	 1 108.697     	69 108.606     	98 106.645     	 2 107.692     	22 107.689     	20 107.377     	21 107.916     	 5 110.044     	
Lap 72	30 105.373     	47 106.100     	42 105.636     	 4 106.951     	80 106.458     	74 107.238     	94 106.271     	 3 107.576     	31 107.054     	41 106.373     	81 107.444     	19 108.046     	 1 108.128     	69 108.626     	98 108.772     	 2 107.002     	22 107.991     	20 108.205     	21 108.272     	 5 109.504     	
Lap 73	30 106.211     	47 106.072     	42 106.432     	 4 106.931     	80 106.131     	74 107.671     	94 107.498     	 3 108.081     	31 106.393     	41 107.359     	81 106.894     	19 107.171     	 1 107.100     	69 108.788     	98 108.478     	 2 107.658     	22 108.367     	20 107.836     	21 108.253     	 5 110.476     	
Lap 74	30 106.317     	47 106.573     	42 105.957     	 4 107.023     	80 106.814     	94 107.164     	 3 106.372     	74 107.972     	31 107.274     	41 107.248     	81 106.763     	19 107.145     	 1 107.296     	69 108.719     	98 108.856     	 2 107.914     	22 107.638     	20 108.357     	21 108.979     	 5 110.321     	
Lap 75	30 105.751     	47 106.074     	42 105.898     	 4 106.588     	80 106.052     	74 106.897     	94 107.813     	 3 107.955     	31 107.005     	41 107.092     	81 106.740     	19 106.531     	 1 107.776     	69 108.489     	98 109.195     	 2 108.071     	22 107.904     	20 107.992     	21 108.557     	 5 109.710     	

-- OFFICIAL RESULTS --
Pos	#No	Driver						Team					Time		Diff		Pits	Best
01	#30	WIS	Josh Wise				BONGATAR				2:13:15.156	-0.000		3		104.976
02	#47	PAV	ketila léqa pavúteka	Team Solea Racing		2:13:57.151	-41.995		3		105.298
03	#42	OOS	Frank Oosterhout		Cows Go Moo Racing		2:14:07.770	-52.614		3		105.324
04	# 4	BLA	Zaku Blaxon				Team Blaland Racing		2:14:23.703	-68.547		3		105.754
05	#80	AYA	Ifloenne é Aya			Team V.V. Imperial		2:14:33.170	-78.014		3		105.668
06	#74	KON	Bařàsiz Konoca			Team Diigikwk Racers	2:15:10.876	-115.720	3		105.927
07	#94	NES	At'ipi Nesbeksë			Team Diigikwk Racers	2:15:11.242	-116.086	3		106.153
08	# 3	BOB	Bob						BONGATAR				2:15:11.899	-116.743	3		105.897
09	#31	ŠAŊ	xap'ít celentir šaŋév	Team Solea Racing		2:15:20.392	-125.235	3		106.266
10	#41	CAN	Olga Candy				Cows Go Moo Racing		2:15:24.688	-129.532	3		106.340
11	#81	KÆR	Lyǽs Kæræsekæræn		Team V.V. Imperial		2:15:30.008	-134.852	3		106.045
12	#19	ZAI	khélok atep zailunaɰ	Team Solea Racing		2:15:31.513	-136.357	3		106.193
13	# 1	ROT	Robbie Rotten			Team V.V. Imperial		2:15:40.667	-145.511	3		106.480
14	#69	SAN	Marisa Sanchez			Cows Go Moo Racing		2:15:45.753	-150.597	3		106.661
15	#98	MOT	Gorga Motxev			Dotruga Formula Racing	2:15:46.829	-151.672	3		106.398
16	# 2	HID	Body Hide				BONGATAR				2:15:50.096	-154.940	3		106.636
17	#22	PHI	Philipe					Team Vincent			2:16:15.075	-179.919	3		107.065
18	#20	MAC	Mac						Team Vincent			2:16:18.160	-183.004	3		107.232
19	#21	ORS	Orson					Team Vincent			2:16:37.906	-202.749	3		107.564
20	# 5	NOX	Naxan Noxokolonaxon		Team Blaland Racing		2:18:31.697	-316.541	3		109.314
21	#44	KAX	Kaxon Kaxutak			Team Blaland Racing		RETIRED		DNF			2		106.379
22	#53	TÀC	Ešuro Tàcràɰë			Team Diigikwk Racers	RETIRED		DNF			1		105.502
23	#11	KEG	Tuto Keget				Dotruga Formula Racing	RETIRED		DNF			1		106.205
24	#29	ALU	Sago Aludetsei			Dotruga Formula Racing	RETIRED		DNF			1		105.058

-- RACE INCIDENT REPORT --
Ešuro Tàcràɰë made a mistake while attempting an overtake on lap 9.
Body Hide made a mistake while attempting an overtake on lap 15.
Marisa Sanchez made a mistake while attempting an overtake on lap 16.
Philipe made a mistake on lap 26.
Body Hide made a mistake while attempting an overtake on lap 28.
Sago Aludetsei crashed out on lap 31.
Ešuro Tàcràɰë crashed out while attempting an overtake on lap 34.
Zaku Blaxon made a mistake on lap 36.
Tuto Keget crashed out while attempting an overtake on lap 40.
Kaxon Kaxutak crashed out while attempting an overtake on lap 51.
