-- LAP TIMES --
Lap 0	80 0.000     	 4 0.000     	47 0.100     	81 0.100     	11 0.200     	74 0.200     	42 0.300     	44 0.300     	30 0.400     	94 0.400     	31 0.500     	98 0.500     	29 0.600     	 1 0.600     	19 0.700     	53 0.700     	69 0.800     	20 0.800     	41 0.900     	 3 0.900     	22 1.000     	 5 1.000     	 2 1.100     	21 1.100     	
Lap 1	80 77.500     	 4 77.645     	47 77.760     	81 77.788     	94 78.013     	74 78.285     	30 78.237     	11 78.437     	29 78.057     	98 78.256     	44 78.473     	42 78.550     	41 78.042     	53 78.341     	31 78.575     	19 78.402     	69 78.464     	 1 78.781     	 3 78.530     	20 78.732     	22 78.622     	21 78.800     	 2 79.135     	 5 79.301     	
Lap 2	80 77.719     	 4 77.720     	47 78.099     	81 78.457     	30 77.754     	29 77.959     	94 78.224     	11 78.042     	74 78.334     	31 77.851     	98 78.349     	53 78.177     	44 78.489     	 1 78.011     	42 78.544     	 3 78.035     	69 78.233     	19 78.487     	41 78.874     	20 78.585     	22 78.690     	21 78.613     	 2 79.099     	 5 79.557     	
Lap 3	80 78.355     	 4 78.235     	47 77.797     	30 77.640     	81 78.216     	44 77.635     	94 78.299     	74 78.568     	53 78.270     	42 78.132     	31 78.667     	69 78.213     	 3 78.314     	98 78.703     	 1 78.608     	19 78.558     	41 78.337     	20 78.221     	22 78.826     	21 79.061     	 2 79.290     	 5 79.301     	29 93.597 DRY	11 94.720 DRY	
Lap 4	80 77.629     	 4 77.671     	47 78.525     	30 78.342     	81 78.424     	44 78.310     	94 78.381     	74 77.965     	42 77.949     	53 78.477     	31 78.411     	98 78.402     	41 78.232     	19 78.295     	 3 78.834     	69 79.056     	 1 78.781     	20 79.098     	22 79.029     	21 79.195     	 2 78.521     	 5 79.695     	29 77.872     	11 78.806     	
Lap 5	80 77.610     	 4 77.794     	47 78.007     	30 77.981     	44 77.872     	81 78.400     	42 77.933     	94 78.254     	74 78.596     	31 78.011     	53 78.543     	41 78.263     	19 78.232     	98 78.560     	 3 78.958     	 1 78.868     	69 79.062     	20 78.605     	22 79.055     	21 78.480     	 2 79.436     	 5 78.105     	29 77.481     	11 77.840     	
Lap 6	 4 77.260     	80 77.930     	47 78.342     	30 78.583     	44 77.995     	42 77.713     	81 78.227     	94 78.566     	31 78.389     	74 78.563     	98 78.170     	41 78.360     	53 78.695     	19 78.580     	 3 78.229     	 1 78.238     	69 78.988     	20 78.865     	22 78.524     	21 79.272     	 2 79.162     	 5 79.583     	29 77.381     	11 78.551     	
Lap 7	80 77.415     	 4 77.895     	47 77.794     	30 77.899     	42 78.268     	44 78.681     	81 78.224     	31 78.082     	94 78.643     	41 78.085     	74 78.746     	19 78.149     	53 78.493     	98 78.834     	 1 78.142     	 3 78.545     	69 78.497     	20 78.582     	22 78.565     	21 78.855     	 2 79.052     	 5 79.468     	29 77.622     	11 78.076     	
Lap 8	 4 77.248     	80 78.001     	47 78.084     	30 78.163     	81 77.941     	44 78.109     	42 78.693     	31 78.011     	41 78.180     	74 78.211     	94 78.831     	53 78.358     	19 78.714     	98 78.679     	 1 78.435     	 3 78.916     	69 78.839     	20 78.804     	22 78.913     	21 78.190     	 2 78.076     	 5 78.129     	29 77.184     	11 78.450     	
Lap 9	 4 77.769     	80 77.814     	47 77.865     	30 77.841     	81 77.922     	31 77.929     	42 78.446     	44 78.690     	74 78.281     	94 78.389     	41 79.019     	53 78.296     	19 78.663     	 1 78.828     	98 78.929     	 3 78.358     	69 78.600     	20 78.678     	22 78.907     	21 79.252     	 2 78.365     	 5 78.236     	29 77.274     	11 78.333     	
Lap 10	 4 77.650     	80 77.623     	47 77.813     	30 78.148     	81 78.480     	42 78.013     	44 78.189     	31 78.360     	74 78.158     	94 78.323     	53 78.315     	41 78.456     	19 78.180     	 1 78.086     	98 78.015     	 3 79.026     	20 78.090     	69 79.198     	22 79.161     	21 79.013     	 2 78.913     	 5 78.233     	29 78.608     	11 78.663     	
Lap 11	 4 77.556     	80 77.740     	30 77.647     	47 78.577     	81 77.912     	31 78.110     	44 78.323     	42 78.655     	74 78.577     	94 78.257     	53 78.303     	41 78.579     	19 78.538     	 1 78.651     	98 78.670     	20 78.404     	 3 78.942     	69 79.379     	22 78.794     	21 78.650     	 2 79.096     	 5 79.547     	29 77.358     	11 78.327     	
Lap 12	 4 78.291     	80 78.035     	30 77.771     	47 78.479     	81 78.095     	44 78.196     	42 78.135     	31 78.932     	74 78.103     	94 78.301     	53 77.978     	19 78.018     	 1 78.124     	41 78.893     	98 78.312     	20 78.392     	 3 79.112     	69 78.826     	22 78.933     	21 79.187     	 2 78.926     	29 77.724     	 5 79.249     	11 78.411     	
Lap 13	 4 78.225     	80 77.813     	30 78.411     	47 77.817     	81 77.822     	31 78.171     	44 78.751     	42 78.804     	74 78.290     	94 78.806     	53 78.816     	19 78.667     	41 78.844     	 1 78.962     	98 78.931     	20 79.133     	 3 79.396     	69 78.638     	22 79.288     	29 77.765     	21 79.176     	 2 79.459     	 5 79.812     	11 78.650     	
Lap 14	80 77.207     	 4 77.764     	30 77.967     	47 77.760     	81 78.215     	42 78.032     	44 78.336     	31 78.556     	74 78.162     	94 78.171     	19 78.234     	53 78.742     	 1 78.028     	41 78.517     	98 78.555     	20 78.104     	 3 78.224     	69 78.138     	29 77.938     	22 79.028     	21 79.467     	 2 78.984     	 5 78.249     	11 78.783     	
Lap 15	 4 77.686     	80 78.031     	47 77.941     	30 78.324     	81 77.739     	42 78.236     	31 78.385     	44 78.812     	74 78.463     	94 78.182     	19 78.728     	53 78.951     	98 78.539     	41 78.992     	 1 79.878     	20 78.471     	 3 78.587     	69 78.021     	29 78.162     	22 79.001     	21 78.525     	 2 79.110     	 5 79.646     	11 78.240     	
Lap 16	80 78.024     	 4 78.386     	30 78.168     	47 78.573     	81 78.384     	44 78.037     	42 78.804     	74 78.333     	31 78.984     	94 78.278     	19 78.150     	53 78.662     	41 78.425     	98 78.822     	 1 78.631     	20 78.665     	69 78.194     	 3 78.893     	29 77.231     	22 79.008     	21 78.876     	 2 79.036     	 5 78.689     	11 78.341     	
Lap 17	80 78.217     	 4 77.931     	30 77.840     	81 77.518     	47 78.623     	42 78.542     	44 78.806     	31 78.109     	74 78.784     	94 78.824     	19 78.650     	53 78.299     	98 78.473     	41 78.782     	 1 78.384     	20 78.832     	29 77.402     	69 78.406     	 3 78.272     	22 79.243     	21 79.258     	 2 78.633     	 5 79.094     	11 78.229     	
Lap 18	 4 77.745     	80 78.165     	30 77.880     	47 77.651     	81 78.054     	42 78.613     	31 78.414     	44 78.567     	74 78.760     	94 78.489     	19 78.860     	98 78.273     	53 79.566     	41 78.486     	29 77.840     	 1 79.079     	20 79.364     	69 79.157     	 3 78.785     	21 79.044     	22 79.486     	 2 78.967     	 5 78.751     	11 78.213     	
Lap 19	80 77.732     	 4 78.586     	30 78.410     	81 77.854     	47 78.720     	42 78.015     	44 78.009     	31 79.034     	19 77.523     	74 78.993     	94 78.958     	98 78.337     	53 78.473     	41 78.624     	29 78.132     	 1 78.500     	20 78.961     	 3 78.841     	69 79.091     	22 78.781     	21 78.948     	 2 79.113     	 5 81.996     	11 78.515     	
Lap 20	 4 77.783     	80 78.629     	30 78.425     	47 77.627     	81 78.771     	42 78.251     	44 78.753     	31 78.198     	19 78.552     	74 78.743     	94 78.764     	98 78.508     	29 77.744     	53 78.926     	41 78.930     	 1 78.658     	69 78.586     	 3 78.906     	20 79.337     	21 79.209     	22 79.454     	 2 79.089     	11 78.581     	 5 79.561     	
Lap 21	 4 77.756     	80 77.985     	81 77.607     	30 78.659     	47 78.830     	42 78.063     	44 78.257     	31 78.982     	19 78.444     	94 78.384     	74 79.071     	29 78.460     	53 78.609     	98 79.192     	41 79.079     	 1 78.728     	20 78.004     	 3 78.386     	69 79.263     	21 78.736     	22 79.557     	 2 79.834     	11 78.734     	 5 79.303     	
Lap 22	 4 77.916     	80 77.512     	81 78.266     	47 78.001     	30 78.511     	42 78.095     	44 78.046     	31 78.344     	19 78.252     	74 77.975     	94 78.997     	29 78.553     	53 78.945     	98 79.081     	41 78.927     	 1 78.992     	20 78.628     	 3 79.081     	69 78.868     	21 79.519     	22 79.405     	 2 79.784     	11 78.099     	 5 79.544     	
Lap 23	80 77.634     	 4 78.707     	30 77.033     	81 78.439     	47 78.854     	42 79.681     	44 78.973     	31 78.720     	19 78.956     	74 78.690     	94 79.034     	29 78.406     	53 78.371     	98 78.746     	 1 78.342     	41 79.261     	20 78.651     	 3 78.722     	69 78.531     	21 79.438     	22 79.134     	11 78.006     	 2 79.698     	 5 79.653     	
Lap 24	80 78.581     	 4 78.292     	30 78.515     	81 78.518     	47 77.842     	42 78.882     	31 78.552     	44 80.195     	19 78.333     	74 78.350     	94 78.629     	29 78.242     	53 78.566     	98 78.895     	 1 78.955     	41 78.899     	20 79.098     	69 78.139     	 3 79.326     	21 79.305     	22 79.229     	11 79.014     	 2 78.808     	 5 79.287     	
Lap 25	 4 77.945     	80 78.807     	47 77.628     	30 78.595     	81 78.825     	42 78.705     	31 78.373     	19 78.436     	74 78.155     	44 78.764     	29 78.481     	94 79.126     	53 79.127     	98 78.622     	 1 78.907     	41 79.125     	20 79.494     	69 79.482     	 3 79.552     	21 78.991     	22 78.968     	11 78.996     	 2 79.317     	 5 79.181     	
Lap 26	 4 77.956     	80 78.012     	30 77.506     	47 78.745     	81 77.963     	42 78.124     	31 78.688     	74 78.804     	44 78.710     	19 79.241     	29 78.373     	53 78.646     	94 80.278     	98 79.318     	 1 78.868     	41 79.052     	69 79.060     	 3 78.359     	20 79.546     	21 78.881     	22 79.515     	11 78.947     	 2 78.939     	 5 80.048     	
Lap 27	80 78.257     	 4 78.859     	30 78.198     	81 78.240     	47 78.895     	42 78.202     	31 78.509     	44 78.383     	74 78.727     	19 78.386     	29 77.961     	94 78.580     	53 78.987     	98 78.515     	 1 78.676     	41 78.158     	20 78.195     	69 79.192     	 3 79.437     	21 78.615     	11 78.674     	22 79.336     	 2 79.312     	 5 79.609     	
Lap 28	 4 77.818     	80 78.822     	30 77.959     	81 78.530     	47 78.495     	42 77.773     	31 78.762     	44 78.539     	74 78.523     	19 78.756     	29 78.694     	94 79.206     	53 79.194     	98 78.721     	 1 78.502     	41 79.372     	20 79.325     	69 78.801     	 3 79.369     	21 78.593     	11 79.086     	22 79.250     	 2 79.593     	 5 79.418     	
Lap 29	 4 78.638     	80 78.059     	30 77.974     	47 77.669     	81 79.166     	42 77.510     	31 78.701     	44 78.582     	74 78.957     	29 78.372     	19 79.389     	94 78.486     	98 78.552     	53 78.837     	 1 79.271     	41 78.142     	 3 78.062     	20 79.321     	69 79.396     	21 78.155     	11 78.536     	22 79.292     	 2 78.645     	 5 79.795     	
Lap 30	80 78.098     	 4 78.367     	30 78.294     	47 77.970     	81 77.702     	42 78.008     	31 78.919     	29 78.289     	44 78.992     	74 78.514     	19 79.385     	94 78.894     	53 79.137     	98 79.449     	 1 79.126     	41 78.980     	 3 78.812     	20 78.946     	69 79.202     	21 78.774     	11 78.270     	22 79.226     	 2 79.716     	 5 80.004     	
Lap 31	80 78.229     	 4 78.708     	30 77.871     	47 78.314     	81 78.595     	42 78.234     	44 78.341     	31 79.028     	29 78.609     	74 78.717     	19 78.322     	94 79.256     	98 78.663     	53 78.977     	 1 78.484     	41 78.826     	20 79.274     	 3 79.584     	69 79.077     	21 78.585     	11 78.244     	22 79.599     	 2 79.739     	 5 79.635     	
Lap 32	80 78.467     	 4 78.685     	30 77.703     	47 77.846     	81 77.977     	42 78.264     	29 78.225     	44 78.644     	74 78.449     	31 78.926     	19 78.653     	94 79.243     	 1 78.679     	98 79.347     	53 79.374     	41 78.994     	69 78.653     	20 78.990     	 3 79.257     	21 78.535     	11 77.783     	22 78.694     	 2 79.217     	 5 79.911     	
Lap 33	80 78.765     	 4 78.586     	30 78.389     	47 78.230     	81 77.658     	42 78.273     	29 78.223     	74 78.612     	44 79.155     	31 79.163     	19 78.630     	98 78.656     	94 79.175     	53 78.923     	 1 79.549     	41 79.329     	69 78.966     	20 79.513     	 3 79.786     	21 79.145     	11 79.063     	22 78.833     	 2 78.366     	 5 80.263     	
Lap 34	80 78.977     	 4 78.494     	30 77.906     	47 78.518     	81 78.176     	42 77.755     	29 78.300     	74 79.002     	44 78.764     	31 78.931     	19 78.634     	94 79.043     	98 79.423     	53 79.101     	 1 79.567     	41 79.249     	69 79.294     	20 79.623     	 3 79.800     	21 79.137     	11 79.009     	22 78.844     	 2 79.241     	 5 80.352     	
Lap 35	80 78.336     	 4 78.609     	30 77.734     	81 77.986     	47 78.531     	42 77.744     	29 78.144     	74 78.984     	44 79.244     	31 78.683     	19 79.137     	94 78.869     	98 78.868     	53 78.866     	 1 79.524     	41 79.449     	69 78.314     	20 79.264     	 3 80.024     	11 79.054     	21 79.767     	22 78.784     	 2 78.676     	 5 79.653     	
Lap 36	 4 78.343     	30 78.078     	80 79.102     	47 78.005     	81 79.243     	42 77.756     	29 78.037     	31 78.960     	74 79.317     	44 79.214     	19 79.555     	94 79.521     	53 79.329     	98 81.044     	 1 79.539     	41 79.479     	69 78.314     	20 78.463     	 3 78.708     	11 79.331     	21 79.746     	22 78.632     	 2 79.093     	 5 80.163     	
Lap 37	 4 78.684     	47 78.483     	29 78.081     	44 79.059     	31 79.310     	80 97.311 DRY	30 97.765 DRY	81 97.082 DRY	94 79.693     	53 79.602     	42 96.414 DRY	 1 79.072     	41 79.416     	98 79.683     	69 79.653     	 3 78.399     	11 78.973     	74 96.940 DRY	22 78.587     	19 96.648 DRY	 2 79.446     	20 97.091 DRY	 5 79.887     	21 97.249 DRY	
Lap 38	 4 77.609     	47 78.609     	29 78.328     	31 78.766     	44 78.882     	30 77.651     	80 78.573     	81 78.056     	94 78.784     	42 78.798     	 1 79.179     	41 79.652     	 3 78.481     	11 78.142     	74 78.151     	19 79.278     	 2 79.201     	53 98.070 DRY	98 97.188 DRY	20 78.153     	69 98.315 DRY	21 78.872     	 5 79.840     	22 97.882 DRY	
Lap 39	 4 77.601     	29 78.529     	30 77.743     	80 77.890     	31 79.439     	47 96.375 DRY	81 77.344     	42 77.649     	 1 79.301     	41 79.752     	11 78.714     	74 77.215     	19 77.251     	44 96.690 DRY	 2 79.478     	94 97.698 DRY	53 78.358     	98 78.649     	20 78.813     	69 79.385     	 3 97.251 DRY	21 78.506     	22 78.638     	 5 98.468 DRY	
Lap 40	 4 78.615     	29 77.600     	30 78.519     	80 78.493     	81 77.261     	47 78.051     	42 77.221     	 1 78.260     	74 77.926     	19 78.459     	44 78.940     	31 97.684 DRY	94 78.523     	98 77.460     	53 78.738     	20 77.568     	41 97.733 DRY	69 78.645     	 3 78.967     	11 97.268 DRY	21 78.158     	22 78.058     	 2 97.687 DRY	 5 79.681     	
Lap 41	 4 78.625     	30 77.605     	80 77.430     	47 77.185     	81 78.187     	42 77.489     	29 95.612 DRY	74 77.695     	19 78.087     	44 78.677     	31 78.054     	98 77.926     	94 78.771     	53 79.242     	20 78.154     	 1 97.114 DRY	69 78.229     	41 78.656     	 3 77.419     	11 78.291     	21 78.162     	22 78.341     	 2 78.066     	 5 79.611     	
Lap 42	 4 96.122 DRY	30 77.999     	80 78.201     	81 77.974     	47 78.409     	42 77.442     	29 77.756     	74 77.934     	19 77.244     	44 78.362     	31 78.182     	98 77.974     	94 78.525     	53 77.963     	20 78.414     	 1 79.165     	69 78.282     	41 78.390     	 3 78.787     	11 78.232     	21 78.901     	22 78.103     	 2 77.975     	 5 79.237     	
Lap 43	 4 77.646     	30 78.546     	80 78.365     	47 77.859     	81 78.171     	42 77.741     	29 76.840     	74 77.795     	19 77.183     	44 77.805     	31 78.712     	98 77.571     	94 78.371     	53 78.615     	20 79.213     	 1 78.711     	69 78.393     	41 78.419     	 3 78.598     	11 77.505     	21 78.547     	22 77.958     	 2 77.746     	 5 79.639     	
Lap 44	 4 77.522     	80 77.627     	30 78.152     	47 77.955     	81 77.994     	42 77.320     	29 77.269     	74 77.330     	19 77.139     	44 77.690     	31 77.556     	98 78.026     	94 77.926     	53 78.922     	 1 78.296     	20 78.618     	69 78.958     	41 78.851     	11 77.197     	 3 79.110     	21 78.158     	22 77.600     	 2 77.900     	 5 78.764     	
Lap 45	 4 77.401     	80 77.716     	30 78.130     	42 77.407     	47 78.000     	81 78.149     	29 76.819     	74 78.013     	19 77.991     	44 76.946     	31 77.297     	98 77.466     	94 77.832     	53 77.264     	 1 78.306     	20 78.533     	41 78.360     	11 77.953     	69 79.120     	 3 78.512     	21 77.807     	22 78.389     	 2 78.315     	 5 79.010     	
Lap 46	 4 77.598     	80 78.180     	30 78.007     	42 77.760     	47 77.988     	81 78.161     	29 76.886     	74 77.768     	19 77.522     	44 77.263     	31 78.054     	98 77.807     	94 78.006     	53 78.888     	 1 78.376     	20 78.303     	41 78.677     	11 78.543     	69 78.215     	 3 78.868     	21 78.584     	22 77.776     	 2 78.537     	 5 79.631     	
Lap 47	 4 77.362     	30 77.368     	80 77.828     	47 77.696     	42 78.591     	81 78.072     	29 76.773     	74 77.231     	19 77.407     	44 77.648     	31 77.126     	98 77.933     	94 77.281     	53 77.826     	 1 78.623     	20 78.894     	11 78.030     	 3 77.451     	41 78.737     	69 78.926     	21 78.690     	22 78.682     	 2 78.019     	 5 79.141     	
Lap 48	 4 77.296     	80 77.671     	30 78.422     	47 77.905     	42 78.580     	81 78.431     	29 77.750     	74 77.344     	19 77.460     	44 77.502     	31 77.447     	98 77.756     	94 78.064     	53 78.050     	 1 78.633     	20 78.774     	11 78.334     	41 78.422     	 3 78.707     	69 78.823     	21 78.812     	22 79.049     	 2 78.465     	 5 79.267     	
Lap 49	 4 77.510     	30 78.044     	80 78.629     	47 77.453     	42 77.965     	81 78.236     	29 77.472     	74 77.409     	19 77.495     	44 77.019     	31 77.493     	98 77.614     	94 78.036     	53 77.192     	 1 78.721     	20 78.416     	11 78.233     	 3 78.127     	41 78.672     	69 78.288     	21 78.056     	22 78.041     	 2 78.041     	 5 79.477     	
Lap 50	 4 76.985     	30 77.845     	80 78.502     	47 77.794     	42 78.376     	81 78.478     	29 77.453     	74 77.317     	19 77.613     	44 77.447     	31 77.210     	98 77.666     	94 78.110     	53 77.540     	 1 78.390     	11 78.052     	20 78.933     	41 78.081     	 3 78.521     	69 79.189     	21 78.290     	22 78.604     	 2 78.317     	 5 78.995     	
Lap 51	 4 77.673     	30 78.063     	80 77.748     	47 78.374     	42 78.354     	29 77.714     	81 78.649     	74 77.728     	19 77.344     	44 77.662     	31 77.482     	98 78.023     	94 78.803     	53 78.660     	 1 78.339     	11 78.228     	20 78.410     	41 78.261     	 3 78.335     	69 78.232     	21 77.923     	22 77.960     	 2 77.830     	 5 79.189     	
Lap 52	 4 77.556     	30 78.209     	80 78.031     	47 77.292     	42 78.357     	29 78.479     	81 78.559     	74 77.630     	19 77.995     	44 77.306     	31 77.466     	98 77.498     	94 78.608     	53 79.473     	 1 78.330     	11 78.759     	20 79.131     	 3 78.604     	41 79.102     	69 78.225     	21 78.189     	22 78.592     	 2 78.596     	 5 79.441     	
Lap 53	 4 77.316     	30 78.083     	47 77.736     	80 78.589     	42 78.387     	29 78.554     	81 78.819     	74 77.287     	19 77.314     	44 77.513     	31 77.291     	98 77.676     	94 77.931     	53 77.349     	 1 78.056     	11 78.211     	20 78.556     	 3 78.962     	41 78.716     	21 78.075     	69 79.552     	22 78.265     	 2 78.399     	 5 79.542     	
Lap 54	 4 77.380     	80 77.642     	47 78.091     	30 78.729     	29 78.031     	42 78.787     	81 78.475     	74 77.730     	19 77.999     	44 77.068     	31 78.185     	98 77.550     	94 77.673     	53 77.627     	 1 77.658     	11 77.877     	41 77.920     	20 79.182     	 3 79.127     	21 79.212     	69 79.306     	22 78.394     	 2 78.682     	 5 79.449     	
Lap 55	 4 77.724     	30 77.474     	80 77.858     	47 78.085     	42 78.388     	29 78.481     	81 78.136     	74 77.455     	19 78.470     	44 78.776     	31 77.557     	98 77.384     	94 77.821     	53 77.867     	 1 77.694     	11 77.950     	41 79.116     	20 79.174     	 3 78.964     	69 78.430     	21 79.454     	22 79.254     	 2 77.971     	 5 79.828     	
Lap 56	 4 77.643     	80 78.076     	30 78.166     	47 78.064     	29 77.896     	42 78.905     	81 78.589     	74 77.720     	19 77.511     	44 77.429     	31 77.419     	98 77.630     	94 77.857     	53 78.047     	 1 78.120     	11 78.203     	20 78.643     	41 79.182     	 3 79.211     	69 78.701     	21 78.570     	22 78.303     	 2 78.573     	 5 78.919     	
Lap 57	 4 77.381     	80 78.573     	30 78.631     	47 78.385     	29 77.604     	42 78.200     	81 78.351     	74 77.426     	19 77.620     	44 77.999     	31 78.241     	98 77.947     	94 77.607     	53 77.963     	 1 77.377     	11 77.538     	20 79.205     	41 79.192     	 3 78.741     	69 78.954     	21 79.538     	22 78.786     	 2 77.881     	 5 79.619     	
Lap 58	 4 77.714     	47 78.071     	80 78.442     	30 78.886     	29 77.620     	42 78.833     	74 77.880     	81 78.815     	19 78.170     	44 77.234     	31 77.282     	98 77.680     	94 77.372     	53 77.983     	 1 77.682     	11 77.696     	41 78.336     	 3 78.340     	20 79.435     	69 78.152     	21 78.670     	22 79.256     	 2 77.969     	 5 79.056     	
Lap 59	 4 77.391     	30 77.503     	80 78.103     	47 78.488     	29 77.566     	42 78.439     	74 78.749     	81 79.047     	19 78.730     	44 78.571     	31 77.466     	98 77.967     	94 77.955     	53 78.079     	 1 77.640     	11 77.351     	 3 78.290     	41 79.090     	20 79.378     	69 79.259     	22 78.920     	21 79.584     	 2 78.956     	 5 79.347     	
Lap 60	 4 77.441     	47 77.748     	30 78.143     	80 78.681     	29 77.133     	42 78.505     	74 78.240     	81 78.949     	44 78.363     	31 77.846     	19 79.194     	98 77.705     	94 78.115     	53 78.198     	 1 77.779     	11 78.086     	 3 78.455     	41 78.429     	20 78.629     	69 79.129     	22 78.788     	21 79.532     	 2 79.748     	 5 79.803     	
Lap 61	 4 77.832     	47 78.109     	30 78.560     	80 78.344     	29 77.759     	42 78.204     	74 78.149     	81 77.690     	44 78.351     	31 78.302     	19 78.298     	98 77.972     	94 78.178     	53 78.224     	 1 77.423     	11 77.665     	 3 78.409     	41 78.584     	20 79.286     	69 79.510     	22 79.652     	21 79.363     	 2 79.823     	 5 79.932     	
Lap 62	 4 77.502     	47 78.104     	30 78.679     	80 78.846     	29 78.233     	74 78.493     	42 79.038     	81 78.240     	44 78.274     	19 78.524     	31 78.743     	98 77.565     	94 77.861     	53 77.509     	 1 78.214     	11 78.160     	 3 78.765     	41 78.713     	20 79.431     	69 78.805     	22 78.885     	21 79.434     	 2 78.920     	 5 79.253     	
Lap 63	 4 77.573     	47 77.487     	30 78.411     	80 78.207     	29 78.153     	42 78.379     	74 78.953     	81 78.831     	44 78.746     	19 78.362     	31 78.566     	98 77.578     	94 77.594     	53 77.743     	 1 77.436     	11 78.198     	41 77.793     	 3 78.949     	20 78.870     	69 79.738     	22 78.359     	21 79.155     	 2 79.724     	 5 79.845     	
Lap 64	 4 77.558     	47 77.454     	30 78.621     	29 78.376     	80 78.821     	42 78.321     	74 78.619     	81 78.814     	44 78.114     	19 79.337     	31 79.182     	98 78.225     	94 77.534     	53 77.688     	 1 77.616     	11 77.989     	41 78.969     	 3 79.067     	20 78.788     	69 79.122     	22 78.922     	21 78.851     	 2 78.829     	 5 79.566     	
Lap 65	 4 77.588     	47 77.716     	30 78.232     	29 77.898     	80 78.411     	42 78.560     	74 79.132     	81 79.143     	44 77.527     	19 78.918     	31 79.203     	98 77.915     	94 77.820     	53 78.243     	 1 77.925     	11 78.260     	41 78.897     	 3 79.095     	20 78.024     	22 78.704     	69 79.350     	21 78.700     	 2 78.960     	 5 79.903     	
Lap 66	 4 77.446     	47 78.024     	29 78.207     	30 78.385     	80 78.505     	42 77.595     	74 78.712     	81 78.994     	44 78.644     	19 78.993     	31 78.998     	98 77.762     	94 78.002     	53 77.564     	 1 78.218     	11 77.560     	41 78.121     	 3 77.841     	20 78.172     	22 79.356     	69 79.852     	21 78.613     	 2 78.996     	 5 79.558     	
Lap 67	 4 77.820     	47 77.737     	29 78.342     	30 78.661     	80 78.703     	42 77.817     	74 77.787     	44 78.318     	81 78.845     	19 78.494     	31 78.838     	98 77.904     	94 77.806     	53 78.477     	 1 78.235     	11 77.584     	41 79.091     	 3 79.371     	20 78.725     	22 79.321     	69 79.017     	21 79.308     	 2 78.855     	 5 79.689     	
Lap 68	 4 77.785     	47 77.333     	29 78.650     	30 79.154     	80 78.898     	42 78.118     	74 78.588     	81 78.375     	44 79.005     	19 78.759     	98 78.749     	31 79.139     	94 78.588     	53 78.474     	 1 78.141     	11 78.183     	41 77.833     	 3 77.977     	20 78.800     	22 79.188     	21 79.134     	69 79.616     	 2 78.134     	 5 79.988     	
Lap 69	 4 77.916     	47 77.989     	29 78.692     	30 78.484     	80 79.062     	42 78.079     	74 78.171     	81 78.604     	44 78.039     	19 77.825     	98 79.219     	31 79.447     	94 78.228     	53 78.444     	 1 78.180     	11 78.295     	41 78.726     	 3 78.169     	20 78.816     	22 79.040     	21 79.522     	69 79.567     	 2 79.541     	 5 79.338     	
Lap 70	 4 77.736     	47 78.139     	29 78.177     	80 77.550     	30 78.839     	42 77.960     	74 78.471     	44 78.094     	81 79.277     	19 78.441     	98 79.183     	31 79.583     	94 78.172     	53 78.232     	 1 78.242     	11 78.202     	41 78.653     	 3 79.036     	20 78.899     	22 78.236     	21 79.534     	 2 79.163     	69 79.671     	 5 79.946     	
Lap 71	 4 77.834     	47 78.080     	29 77.795     	80 78.483     	30 78.667     	42 78.149     	74 78.590     	44 77.973     	81 77.719     	19 78.356     	98 78.870     	31 78.905     	53 78.427     	 1 78.140     	11 77.786     	94 95.660 DRY	41 78.136     	 3 78.045     	20 79.000     	22 79.086     	69 79.145     	 2 79.525     	21 79.628     	 5 79.379     	
Lap 72	 4 77.970     	47 77.846     	29 77.863     	30 78.470     	80 79.023     	42 78.045     	74 78.777     	44 78.524     	81 78.487     	19 78.292     	98 78.962     	31 79.030     	53 78.026     	 1 77.951     	11 78.699     	94 77.722     	41 78.350     	 3 78.032     	20 79.047     	22 79.218     	69 79.271     	 2 79.365     	21 79.601     	 5 80.280     	
Lap 73	 4 77.954     	47 77.641     	29 78.197     	30 79.035     	80 79.071     	42 79.288     	74 78.150     	44 79.075     	81 78.399     	19 78.619     	98 78.834     	31 81.295     	53 78.607     	 1 78.648     	11 79.768     	94 77.114     	41 79.168     	 3 79.675     	20 79.097     	22 78.553     	69 79.344     	 2 79.505     	21 79.870     	 5 79.871     	
Lap 74	 4 77.932     	47 77.822     	29 77.432     	74 78.139     	44 79.052     	19 78.510     	98 78.900     	80 96.473 DRY	30 97.339 DRY	31 78.561     	42 96.333 DRY	53 78.470     	 1 78.621     	11 78.381     	81 97.446 DRY	94 78.016     	41 78.467     	 3 78.927     	22 78.637     	69 79.703     	 2 79.474     	21 79.546     	20 97.195 DRY	 5 80.180     	
Lap 75	 4 78.028     	47 78.570     	29 77.823     	44 78.640     	80 77.728     	30 78.297     	31 79.128     	42 77.996     	53 79.477     	 1 77.976     	74 97.225 DRY	11 79.223     	81 78.416     	19 96.125 DRY	94 77.653     	98 96.527 DRY	41 78.787     	 3 78.966     	22 78.985     	69 79.577     	 2 79.726     	21 79.752     	20 77.896     	 5 80.382     	
Lap 76	 4 78.274     	47 78.262     	29 77.808     	80 77.637     	30 76.987     	42 78.100     	31 79.081     	53 78.845     	 1 79.333     	74 77.408     	44 95.841 DRY	81 77.832     	11 79.335     	19 77.598     	94 77.282     	98 77.446     	41 78.642     	22 79.104     	 2 79.284     	 3 96.246 DRY	20 77.451     	69 97.982 DRY	21 97.827 DRY	 5 98.002 DRY	
Lap 77	 4 77.849     	29 77.839     	47 96.225 DRY	30 77.444     	80 78.062     	42 77.874     	31 79.435     	74 78.364     	 1 79.565     	81 77.894     	44 78.497     	19 78.111     	94 77.155     	98 77.708     	41 78.324     	53 97.312 DRY	11 97.164 DRY	 2 78.974     	 3 78.115     	20 77.723     	22 97.709 DRY	69 78.718     	21 78.836     	 5 79.480     	
Lap 78	 4 78.140     	47 77.755     	29 96.901 DRY	30 78.095     	80 78.309     	42 77.622     	31 77.974     	81 78.457     	 1 96.838 DRY	44 77.493     	19 77.358     	94 77.467     	41 79.011     	98 77.765     	74 77.726     	53 77.512     	11 77.893     	 2 79.225     	 3 77.981     	20 78.324     	22 78.255     	69 77.442     	21 78.211     	
Lap 79	 4 94.904 DRY	47 77.380     	29 77.190     	30 78.160     	80 77.902     	42 77.854     	31 78.006     	44 78.523     	81 78.715     	19 78.562     	94 77.606     	98 77.399     	53 78.592     	 1 77.698     	41 79.684     	11 77.627     	 3 78.141     	20 77.958     	22 77.925     	69 77.742     	21 78.419     	 2 97.403 DRY	 5 79.544     	
Lap 80	 4 76.908     	47 77.713     	29 77.035     	80 77.518     	30 77.966     	42 77.216     	44 78.467     	81 78.130     	19 77.909     	94 78.074     	98 77.348     	31 96.703 DRY	53 77.261     	 1 78.726     	41 79.451     	11 77.821     	 3 77.596     	20 77.702     	22 78.312     	69 78.217     	21 79.062     	 2 79.649     	 5 79.162     	
Lap 81	 4 76.974     	47 77.573     	29 77.402     	30 77.279     	80 78.506     	42 77.125     	19 78.520     	81 78.740     	94 77.676     	44 80.918     	98 78.040     	31 78.985     	53 78.787     	 1 78.225     	11 77.890     	 3 77.785     	20 77.605     	41 97.130 DRY	22 77.854     	69 78.169     	21 77.870     	 2 77.623     	 5 78.854     	
Lap 82	 4 76.648     	47 77.642     	29 77.281     	30 77.856     	80 78.010     	42 78.271     	81 78.466     	19 78.621     	94 78.423     	44 76.995     	98 78.044     	31 77.920     	53 78.995     	 1 77.354     	11 77.317     	 3 77.497     	20 77.543     	41 77.923     	22 78.319     	69 77.569     	21 78.333     	 2 78.337     	 5 79.660     	
Lap 83	 4 77.456     	47 77.147     	29 77.733     	30 78.290     	80 77.959     	42 78.456     	81 77.997     	44 77.868     	94 78.146     	19 78.470     	98 78.145     	31 77.446     	53 78.195     	 1 78.522     	11 77.708     	 3 77.858     	41 77.334     	22 77.625     	69 77.586     	21 77.986     	 2 77.787     	20 96.910 DRY	 5 78.724     	
Lap 84	 4 77.418     	47 76.883     	29 77.753     	30 78.319     	80 78.311     	42 77.644     	44 78.082     	81 78.474     	94 78.733     	19 78.747     	98 77.852     	31 77.760     	53 77.859     	 1 77.305     	11 77.602     	 3 77.574     	41 77.749     	22 77.761     	69 78.397     	21 78.785     	 2 78.525     	20 78.429     	 5 79.499     	
Lap 85	 4 77.404     	47 77.296     	29 77.467     	30 77.957     	80 78.209     	42 78.429     	44 77.771     	81 78.426     	94 78.562     	19 78.813     	98 78.205     	31 77.829     	 1 78.238     	11 77.656     	53 80.190     	 3 78.009     	41 78.172     	22 78.619     	69 78.173     	21 79.282     	 2 78.661     	20 78.572     	 5 79.709     	
Lap 86	 4 77.069     	47 77.780     	29 77.486     	30 78.169     	80 78.060     	42 77.646     	44 77.196     	81 78.549     	94 78.491     	19 78.564     	98 78.943     	31 77.179     	 1 77.983     	11 78.649     	53 79.346     	 3 77.940     	41 77.573     	22 78.575     	69 77.860     	21 78.512     	 2 78.620     	20 78.258     	 5 79.370     	
Lap 87	 4 77.442     	47 77.406     	29 77.245     	30 77.924     	80 77.699     	42 78.414     	44 77.793     	81 78.854     	94 78.964     	19 78.839     	98 78.120     	31 77.438     	 1 77.987     	11 77.552     	53 77.178     	 3 77.583     	41 77.544     	22 78.507     	69 77.656     	20 78.542     	21 79.059     	 2 79.314     	 5 79.346     	
Lap 88	 4 77.096     	47 76.893     	29 77.637     	30 78.458     	80 77.980     	42 78.455     	44 77.591     	81 78.761     	94 78.454     	19 78.645     	98 78.861     	31 77.925     	 1 78.160     	11 78.935     	53 78.806     	 3 78.069     	41 77.333     	22 78.415     	69 77.732     	21 79.061     	20 79.167     	 2 79.271     	 5 79.594     	
Lap 89	 4 76.792     	47 77.088     	29 76.970     	30 77.856     	80 78.393     	42 77.139     	44 77.803     	81 78.404     	94 78.241     	19 78.673     	98 78.498     	31 77.313     	 1 77.591     	11 78.522     	53 78.920     	 3 78.183     	41 77.997     	22 78.167     	69 78.025     	20 78.755     	21 79.172     	 2 78.823     	 5 79.526     	
Lap 90	 4 76.979     	47 77.445     	29 77.689     	30 78.190     	42 77.737     	80 78.094     	44 77.846     	94 77.698     	81 78.426     	19 78.882     	98 79.271     	31 77.926     	 1 78.014     	11 78.178     	53 77.838     	 3 77.465     	41 77.701     	22 77.875     	69 77.817     	20 78.976     	21 79.465     	 2 79.287     	 5 79.783     	
Lap 91	 4 76.791     	47 77.659     	29 77.556     	80 78.045     	42 78.670     	30 79.624     	44 77.750     	94 78.712     	81 78.633     	19 78.262     	98 79.058     	31 77.383     	 1 78.039     	11 78.546     	53 78.933     	 3 77.519     	41 77.955     	22 78.419     	69 78.381     	20 79.805     	21 78.973     	 2 79.141     	 5 79.724     	
Lap 92	 4 77.207     	47 77.640     	29 77.165     	80 78.675     	30 78.031     	42 78.879     	44 77.476     	94 78.878     	81 78.503     	19 77.354     	98 77.452     	31 77.817     	 1 77.724     	11 78.119     	53 77.304     	 3 77.979     	41 78.161     	22 78.470     	69 78.252     	20 78.640     	21 79.289     	 2 79.526     	 5 79.427     	
Lap 93	 4 77.526     	47 77.215     	29 77.502     	30 78.126     	80 78.593     	42 78.845     	44 77.840     	81 78.570     	94 78.823     	19 78.752     	98 77.933     	31 77.352     	 1 77.902     	11 78.340     	53 78.670     	 3 78.038     	41 77.960     	22 78.220     	69 78.136     	20 78.827     	21 78.711     	 2 78.966     	 5 78.916     	
Lap 94	 4 77.269     	47 77.191     	29 77.719     	80 77.937     	30 78.078     	42 78.656     	44 77.813     	81 78.644     	19 78.829     	94 79.169     	98 79.012     	31 78.962     	 1 77.959     	11 78.128     	53 78.676     	 3 77.595     	41 77.832     	22 78.511     	69 78.305     	20 79.045     	21 78.761     	 2 79.677     	 5 79.563     	
Lap 95	 4 76.920     	47 77.464     	29 77.429     	30 77.507     	80 78.702     	42 78.113     	44 77.184     	81 78.756     	19 78.266     	94 78.489     	98 79.158     	31 78.509     	 1 78.073     	11 77.796     	53 77.562     	 3 77.620     	41 77.500     	22 78.474     	69 77.768     	20 78.392     	21 78.978     	 2 77.925     	 5 79.548     	
Lap 96	 4 77.201     	47 77.979     	29 77.313     	30 77.694     	80 78.380     	42 78.375     	44 77.311     	19 78.675     	81 78.893     	94 78.414     	31 78.569     	98 79.057     	 1 78.124     	11 78.249     	53 79.598     	 3 77.545     	41 77.509     	69 78.963     	22 79.584     	20 78.717     	21 78.806     	 2 79.595     	 5 79.144     	
Lap 97	 4 77.410     	47 77.157     	29 77.511     	30 77.351     	80 78.566     	42 78.166     	44 78.144     	94 78.108     	81 78.702     	19 79.007     	31 78.215     	98 79.105     	 1 77.421     	11 77.810     	53 78.220     	 3 78.448     	41 77.636     	69 78.883     	22 78.788     	20 78.939     	21 78.680     	 2 78.197     	 5 79.769     	
Lap 98	 4 77.579     	47 77.571     	29 77.061     	30 77.225     	80 78.110     	42 78.106     	44 77.917     	94 78.373     	81 78.228     	19 78.826     	31 77.673     	98 77.626     	 1 77.577     	11 78.188     	53 77.594     	 3 78.477     	41 78.007     	22 78.419     	69 78.581     	20 78.783     	21 78.754     	 2 78.994     	 5 79.560     	
Lap 99	 4 77.430     	47 77.755     	29 77.051     	30 78.066     	80 78.367     	42 78.227     	44 77.448     	94 78.573     	81 78.328     	98 77.620     	19 78.971     	31 79.026     	 1 78.182     	11 77.977     	53 77.917     	 3 78.438     	41 77.458     	22 79.222     	69 79.499     	20 78.599     	21 79.243     	 2 78.354     	 5 79.997     	
Lap 100	 4 77.933     	47 77.628     	29 77.074     	30 77.596     	42 78.417     	80 78.877     	44 78.013     	94 78.595     	81 78.586     	98 78.470     	31 78.819     	19 79.134     	 1 77.533     	11 78.379     	53 77.652     	 3 77.906     	41 78.451     	22 79.652     	69 79.731     	20 78.360     	21 78.887     	 2 79.525     	 5 79.131     	
Lap 101	 4 77.891     	47 78.044     	29 77.790     	30 77.570     	80 78.002     	42 78.156     	44 77.922     	81 78.898     	94 79.215     	98 78.601     	31 78.744     	19 78.714     	 1 77.802     	11 78.442     	53 77.983     	 3 78.600     	41 78.249     	22 79.247     	69 78.968     	20 78.468     	21 78.839     	 2 79.777     	 5 79.197     	
Lap 102	 4 77.351     	47 77.598     	29 77.636     	30 77.971     	42 78.247     	80 78.575     	44 77.649     	81 78.776     	98 78.415     	94 80.035     	19 78.756     	31 78.872     	 1 79.097     	11 79.086     	53 79.525     	 3 78.420     	41 78.176     	69 79.073     	22 79.615     	20 78.559     	21 78.554     	 2 78.246     	 5 79.445     	
Lap 103	 4 77.359     	47 77.974     	29 77.196     	42 78.637     	30 78.312     	80 78.298     	44 78.246     	81 78.719     	98 78.875     	19 78.964     	94 78.581     	31 78.578     	 1 78.731     	11 78.389     	53 77.894     	 3 78.492     	41 78.283     	69 79.418     	22 79.511     	20 78.051     	21 78.956     	 2 78.115     	
Lap 104	 4 77.632     	47 77.652     	29 77.191     	42 78.708     	80 78.935     	44 78.520     	81 78.485     	98 78.831     	94 78.757     	31 79.179     	19 79.142     	 1 79.382     	11 78.836     	53 79.259     	 3 78.269     	41 78.433     	69 79.078     	22 78.927     	20 78.329     	21 79.041     	 2 79.817     	 5 80.120     	
Lap 105	 4 77.203     	47 77.370     	29 77.772     	80 78.776     	42 78.961     	44 78.415     	81 78.188     	98 79.213     	94 79.233     	31 78.654     	19 79.153     	 1 79.350     	11 77.597     	53 78.399     	 3 78.302     	41 77.910     	69 79.021     	22 79.439     	20 78.223     	21 78.828     	 2 78.327     	 5 79.583     	
Lap 106	 4 77.215     	47 77.457     	29 77.991     	44 78.486     	80 78.642     	42 78.856     	81 78.452     	31 78.314     	98 79.146     	94 78.880     	19 79.214     	 1 79.275     	11 77.870     	53 77.814     	 3 78.611     	41 77.660     	69 79.409     	22 78.667     	20 78.025     	21 78.598     	 2 78.879     	 5 79.858     	
Lap 107	 4 77.472     	47 77.721     	29 78.060     	42 78.667     	80 79.181     	44 80.574     	81 77.737     	31 78.529     	94 78.615     	98 79.386     	19 79.499     	 1 79.095     	11 78.363     	53 78.553     	41 78.301     	 3 78.920     	22 78.911     	69 79.745     	20 77.902     	21 78.703     	 2 79.037     	 5 79.780     	
Lap 108	 4 78.096     	47 77.488     	29 77.976     	80 77.958     	42 79.103     	44 78.360     	81 77.776     	31 78.517     	94 79.187     	98 78.885     	19 79.235     	 1 79.381     	11 77.702     	53 78.594     	41 78.790     	 3 79.598     	22 79.639     	69 79.533     	20 78.407     	21 79.081     	 2 78.737     	 5 79.965     	
Lap 109	 4 77.335     	47 78.167     	29 77.499     	80 78.787     	42 78.616     	44 78.491     	81 78.400     	31 78.468     	94 79.306     	98 79.203     	 1 78.599     	19 79.560     	11 79.046     	53 78.127     	41 79.121     	 3 79.791     	22 79.482     	69 79.352     	20 78.456     	21 79.609     	 2 78.680     	 5 79.590     	
Lap 110	 4 77.878     	47 77.704     	29 77.490     	80 78.951     	42 79.188     	44 79.375     	81 77.780     	31 78.359     	98 79.860     	19 78.704     	 1 79.415     	11 78.929     	53 77.862     	41 78.066     	 3 78.592     	94 97.312 DRY	22 79.616     	69 79.886     	20 78.624     	21 79.927     	 2 80.053     	 5 80.147     	

-- OFFICIAL RESULTS --
Pos	#No	Driver						Team					Time		Diff		Pits	Best
01	# 4	BLA	Zaku Blaxon				Team Blaland Racing		2:23:04.841	-0.000		2		76.648
02	#47	PAV	ketila léqa pavúteka	Team Solea Racing		2:23:25.399	-20.558		2		76.883
03	#29	ALU	Sago Aludetsei			Dotruga Formula Racing	2:23:29.561	-24.720		3		76.773
04	#80	AYA	Ifloenne é Aya			Team V.V. Imperial		2:24:02.122	-57.281		2		77.207
05	#42	OOS	Frank Oosterhout		Cows Go Moo Racing		2:24:03.062	-58.221		2		77.125
06	#44	KAX	Kaxon Kaxutak			Team Blaland Racing		2:24:03.982	-59.141		2		76.946
07	#81	KÆR	Lyǽs Kæræsekæræn		Team V.V. Imperial		2:24:15.875	-71.034		2		77.261
08	#31	ŠAŊ	xap'ít celentir šaŋév	Team Solea Racing		2:24:20.866	-76.025		2		77.126
09	#98	MOT	Gorga Motxev			Dotruga Formula Racing	2:24:24.401	-79.560		2		77.348
10	#19	ZAI	khélok atep zailunaɰ	Team Solea Racing		2:24:25.697	-80.856		2		77.139
11	# 1	ROT	Robbie Rotten			Team V.V. Imperial		2:24:25.969	-81.128		2		77.305
12	#11	KEG	Tuto Keget				Dotruga Formula Racing	2:24:26.217	-81.376		3		77.197
13	#53	TÀC	Ešuro Tàcràɰë			Team Diigikwk Racers	2:24:27.265	-82.424		2		77.178
14	#41	CAN	Olga Candy				Cows Go Moo Racing		2:24:36.614	-91.773		2		77.333
15	# 3	BOB	Bob						BONGATAR				2:24:38.619	-93.778		2		77.419
16	#94	NES	At'ipi Nesbeksë			Team Diigikwk Racers	2:24:41.613	-96.772		3		77.114
17	#22	PHI	Philipe					Team Vincent			2:25:06.813	-121.972	2		77.600
18	#69	SAN	Marisa Sanchez			Cows Go Moo Racing		2:25:07.657	-122.816	2		77.442
19	#20	MAC	Mac						Team Vincent			2:25:09.793	-124.953	3		77.451
20	#21	ORS	Orson					Team Vincent			2:25:18.740	-133.899	2		77.807
21	# 2	HID	Body Hide				BONGATAR				2:25:19.230	-134.389	2		77.623
22	# 5	NOX	Naxan Noxokolonaxon		Team Blaland Racing		2:26:23.593	-198.752	2		78.105
23	#74	KON	Bařàsiz Konoca			Team Diigikwk Racers	RETIRED		DNF			2		77.215
24	#30	WIS	Josh Wise				BONGATAR				RETIRED		DNF			2		76.987

-- RACE INCIDENT REPORT --
Sago Aludetsei made a pit stop to repair damage caused by a large incident while attempting an overtake on lap 3.
Tuto Keget made a pit stop to repair damage caused by a large incident while attempting an overtake on lap 3.
Sago Aludetsei made a mistake on lap 10.
Robbie Rotten made a mistake while attempting an overtake on lap 15.
Naxan Noxokolonaxon made a mistake on lap 19.
Frank Oosterhout made a mistake while attempting an overtake on lap 23.
Kaxon Kaxutak made a mistake while attempting an overtake on lap 24.
At'ipi Nesbeksë made a mistake while attempting an overtake on lap 26.
Gorga Motxev made a mistake while attempting an overtake on lap 36.
Marisa Sanchez made a mistake while attempting an overtake on lap 53.
At'ipi Nesbeksë made a pit stop to repair damage caused by a large incident on lap 71.
Frank Oosterhout made a mistake on lap 73.
xap'ít celentir šaŋév made a mistake while attempting an overtake on lap 73.
Tuto Keget made a mistake on lap 73.
Bařàsiz Konoca crashed out on lap 78.
Kaxon Kaxutak made a mistake while attempting an overtake on lap 81.
Mac made a pit stop to repair damage caused by a large incident on lap 83.
Ešuro Tàcràɰë made a mistake while attempting an overtake on lap 85.
Josh Wise made a mistake while attempting an overtake on lap 91.
Mac made a mistake while attempting an overtake on lap 91.
At'ipi Nesbeksë made a mistake while attempting an overtake on lap 102.
Josh Wise crashed out on lap 103.
Ešuro Tàcràɰë made a mistake on lap 105.
Kaxon Kaxutak made a mistake while attempting an overtake on lap 107.
Orson made a mistake on lap 109.
