-- LAP TIMES --
Lap 0	29 0.000     	80 0.000     	42 0.100     	 4 0.100     	31 0.200     	74 0.200     	53 0.300     	44 0.300     	19 0.400     	41 0.400     	30 0.500     	 1 0.500     	69 0.600     	94 0.600     	 3 0.700     	81 0.700     	47 0.800     	20 0.800     	98 0.900     	 2 0.900     	21 1.000     	22 1.000     	11 1.100     	 5 1.100     	
Lap 1	19 71.626     	31 71.884     	 4 72.054     	80 72.298     	47 71.499     	29 72.301     	41 72.035     	30 71.955     	69 71.940     	42 72.457     	74 72.368     	53 72.315     	94 72.023     	 1 72.202     	98 71.992     	44 72.637     	81 72.241     	 3 72.345     	21 72.220     	11 72.169     	20 72.526     	22 72.450     	 2 72.637     	 5 72.473     	
Lap 2	19 71.691     	29 71.468     	 4 71.828     	30 71.718     	80 71.922     	53 71.747     	94 71.802     	81 71.558     	41 72.098     	31 72.481     	47 72.320     	42 72.173     	69 72.287     	74 72.309     	 1 72.531     	98 72.566     	11 72.245     	44 72.582     	20 72.247     	 3 72.542     	22 72.248     	 2 72.619     	21 73.077     	 5 73.335     	
Lap 3	19 71.905     	80 71.485     	29 72.009     	 4 71.818     	30 71.842     	42 71.511     	94 71.991     	31 71.943     	74 71.754     	47 72.081     	81 72.229     	53 72.396     	 1 71.745     	69 72.436     	11 72.214     	44 72.290     	 3 72.231     	98 72.494     	22 72.714     	21 72.257     	20 73.266     	 2 72.903     	 5 73.336     	41 90.805 DRY	
Lap 4	29 71.454     	80 71.667     	19 71.917     	 4 71.766     	30 71.742     	31 71.628     	42 71.900     	53 71.628     	94 71.983     	81 71.922     	47 71.969     	 1 72.438     	74 73.155     	98 71.854     	69 72.685     	44 72.298     	11 72.540     	 3 72.479     	22 72.249     	21 72.361     	20 72.595     	 2 72.498     	 5 71.859     	41 74.889     	
Lap 5	29 71.665     	80 71.910     	30 72.018     	19 72.237     	42 71.727     	 4 72.472     	94 71.817     	53 72.028     	31 72.297     	81 72.028     	47 72.303     	 1 72.338     	74 72.180     	11 71.801     	44 72.096     	69 72.521     	98 72.703     	 3 72.539     	21 72.243     	22 72.705     	20 72.151     	 2 72.136     	 5 73.547     	41 72.346     	
Lap 6	29 71.819     	80 71.712     	30 71.685     	42 71.739     	19 72.187     	53 71.701     	 4 72.350     	47 71.534     	94 72.478     	81 72.176     	31 72.600     	 1 71.725     	74 72.016     	11 71.936     	 3 71.733     	69 72.330     	98 72.294     	44 72.631     	21 72.301     	20 72.678     	 2 72.666     	22 73.039     	 5 71.979     	41 72.078     	
Lap 7	29 71.725     	30 72.000     	80 72.488     	42 72.229     	 4 71.735     	53 72.248     	19 72.441     	47 72.341     	81 71.994     	94 72.630     	31 72.306     	 1 72.207     	74 72.026     	11 72.170     	69 71.880     	 3 72.423     	44 72.173     	98 72.463     	21 72.672     	 2 72.389     	22 72.510     	20 72.844     	 5 72.142     	41 72.052     	
Lap 8	29 71.099     	30 71.959     	80 72.209     	53 71.715     	42 72.325     	19 71.904     	 4 72.301     	47 71.589     	81 72.134     	94 72.299     	 1 71.962     	31 72.487     	11 72.337     	74 72.514     	 3 72.031     	44 72.082     	69 72.428     	98 72.620     	21 72.226     	 2 72.113     	20 72.227     	22 73.132     	 5 73.509     	41 71.844     	
Lap 9	29 70.894     	30 72.115     	80 72.168     	42 71.845     	53 72.311     	 4 71.993     	47 72.343     	19 72.630     	81 72.325     	94 71.787     	 1 71.922     	31 72.192     	74 71.779     	 3 71.893     	11 72.535     	69 72.524     	44 72.689     	98 72.519     	21 72.737     	20 72.275     	 2 72.966     	22 72.762     	 5 72.503     	41 72.708     	
Lap 10	29 71.711     	80 71.791     	30 72.355     	42 72.029     	 4 72.071     	47 71.834     	53 72.608     	19 72.268     	94 72.321     	81 72.637     	31 72.093     	 1 72.757     	74 72.290     	 3 71.902     	44 71.985     	11 72.869     	69 72.859     	98 72.112     	20 72.288     	21 73.109     	 2 72.559     	22 72.757     	 5 73.192     	41 72.219     	
Lap 11	29 71.350     	80 71.655     	30 71.665     	42 71.990     	47 71.689     	 4 72.329     	53 72.065     	19 71.876     	94 72.150     	31 71.978     	81 72.321     	 3 72.087     	 1 72.725     	74 72.536     	44 71.967     	11 72.608     	98 72.576     	69 72.811     	20 72.567     	21 72.315     	 2 72.382     	22 72.426     	 5 72.059     	41 71.818     	
Lap 12	29 71.087     	30 71.884     	80 72.419     	47 72.068     	42 72.477     	19 72.187     	 4 72.674     	53 72.515     	31 72.188     	81 72.150     	94 72.673     	 3 72.198     	74 72.023     	 1 72.828     	44 72.339     	11 72.066     	98 72.425     	69 72.460     	21 72.469     	 2 72.385     	20 73.134     	22 71.802     	 5 72.201     	41 72.448     	
Lap 13	29 71.921     	30 72.316     	80 72.069     	47 71.911     	42 71.811     	 4 72.136     	53 72.327     	19 72.759     	31 71.996     	81 71.895     	94 71.956     	 3 72.426     	74 72.394     	44 72.510     	 1 72.797     	11 72.708     	98 72.381     	69 72.948     	21 72.379     	 2 72.318     	20 72.294     	22 72.538     	 5 72.710     	41 72.561     	
Lap 14	29 71.061     	42 71.325     	30 72.173     	80 72.265     	47 72.493     	 4 72.282     	19 72.176     	53 72.325     	31 71.982     	81 71.976     	74 71.635     	94 73.255     	 3 72.364     	44 72.110     	 1 72.014     	11 72.199     	98 72.268     	21 72.682     	 2 73.096     	20 72.707     	69 74.061     	22 72.847     	 5 72.695     	41 72.396     	
Lap 15	29 71.048     	42 72.546     	30 72.325     	80 72.327     	47 72.110     	 4 72.105     	19 71.935     	31 72.212     	81 72.457     	53 72.573     	74 72.293     	94 72.391     	 3 72.858     	 1 72.067     	44 72.417     	11 72.363     	98 72.851     	 2 72.307     	21 72.922     	69 72.453     	20 72.868     	22 72.601     	 5 72.245     	41 72.212     	
Lap 16	29 71.493     	42 71.862     	30 71.805     	80 72.142     	47 71.650     	 4 72.214     	19 72.448     	81 71.944     	31 72.885     	53 72.619     	74 72.685     	94 72.376     	 1 72.325     	44 72.404     	 3 72.906     	11 72.350     	98 72.135     	69 72.111     	 2 73.105     	21 73.329     	22 72.701     	20 73.081     	 5 72.554     	41 72.634     	
Lap 17	29 71.998     	47 71.426     	42 72.115     	30 72.607     	80 72.300     	 4 72.236     	81 72.042     	19 72.906     	31 72.212     	53 72.756     	74 72.173     	94 72.629     	 1 72.263     	 3 72.573     	44 73.045     	11 72.389     	98 72.710     	69 72.826     	20 72.418     	 2 73.155     	21 72.913     	22 72.777     	 5 73.222     	41 72.058     	
Lap 18	29 72.011     	47 72.323     	80 71.639     	42 72.343     	30 72.005     	 4 72.141     	81 72.732     	19 72.399     	31 72.746     	53 72.459     	74 72.699     	94 72.389     	 3 72.175     	44 72.295     	 1 73.896     	11 72.793     	98 71.820     	69 72.306     	 2 72.346     	20 72.819     	21 72.859     	22 72.868     	 5 72.947     	41 72.578     	
Lap 19	29 71.313     	30 71.416     	42 71.903     	47 72.475     	80 72.806     	 4 72.651     	19 72.184     	81 72.782     	53 72.245     	31 72.708     	74 72.599     	94 72.728     	 3 72.886     	11 72.465     	 1 72.641     	44 73.102     	98 73.349     	69 71.741     	 2 72.349     	20 73.340     	22 73.038     	21 73.352     	 5 72.409     	41 72.905     	
Lap 20	29 71.181     	30 71.835     	80 70.924     	42 72.429     	47 72.259     	 4 72.116     	19 72.782     	81 72.633     	31 72.102     	53 72.775     	74 73.038     	94 72.600     	 3 72.211     	 1 72.403     	44 72.548     	98 71.620     	11 72.819     	69 72.160     	 2 71.889     	20 72.649     	22 72.744     	21 73.429     	 5 73.550     	41 72.093     	
Lap 21	29 71.635     	30 71.893     	47 71.776     	80 72.666     	42 72.561     	 4 71.436     	19 72.223     	81 72.935     	31 72.838     	53 73.442     	74 72.658     	94 73.102     	 3 72.858     	 1 72.350     	44 72.866     	11 73.043     	98 73.175     	69 72.534     	 2 72.046     	20 72.700     	22 73.335     	 5 73.528     	41 72.552     	21 89.386 DRY	
Lap 22	29 71.373     	30 72.840     	47 71.994     	80 72.748     	42 72.339     	 4 71.637     	19 72.793     	81 72.888     	31 72.749     	74 72.750     	53 73.072     	94 72.281     	 3 72.964     	 1 73.079     	44 72.888     	98 72.618     	11 72.944     	69 73.149     	 2 73.114     	20 72.567     	22 72.848     	 5 72.812     	41 72.182     	21 72.586     	
Lap 23	29 71.602     	47 72.069     	30 72.497     	80 72.438     	42 72.750     	 4 72.879     	19 72.619     	31 72.475     	81 73.039     	53 72.179     	74 72.692     	94 72.886     	 3 72.755     	 1 73.021     	44 72.529     	11 72.766     	98 73.213     	69 72.763     	 2 73.187     	20 72.353     	22 72.594     	 5 72.543     	41 71.755     	21 72.280     	
Lap 24	29 71.326     	47 72.085     	30 72.849     	80 72.425     	42 72.521     	 4 72.304     	19 72.325     	81 72.244     	31 73.001     	53 72.514     	94 72.559     	74 73.152     	 1 73.003     	 3 73.213     	11 73.118     	44 72.383     	98 72.853     	69 72.420     	 2 72.660     	20 71.932     	22 71.908     	 5 72.698     	41 71.708     	
Lap 25	29 71.444     	47 72.287     	30 72.904     	80 72.740     	 4 72.439     	42 73.136     	19 71.620     	81 72.552     	31 73.090     	53 73.058     	74 72.383     	94 73.132     	44 72.623     	 1 72.511     	11 72.631     	98 73.034     	69 72.661     	 2 73.456     	20 72.988     	22 72.074     	 5 73.215     	41 71.883     	21 72.563     	
Lap 26	29 71.615     	47 72.194     	30 72.211     	80 72.794     	42 72.241     	 4 72.571     	19 72.396     	31 72.365     	53 72.652     	74 72.769     	81 74.615     	94 73.253     	44 73.084     	 1 72.749     	11 72.575     	98 72.639     	69 72.982     	 2 72.720     	20 73.290     	22 73.415     	 5 72.668     	41 71.692     	21 72.397     	
Lap 27	29 72.438     	47 71.931     	30 73.065     	42 72.305     	80 73.023     	 4 72.939     	19 72.260     	31 72.818     	53 73.262     	74 72.846     	81 73.250     	94 72.939     	44 72.960     	 1 72.887     	98 72.878     	11 73.373     	69 72.977     	 2 72.771     	20 72.808     	22 73.176     	 5 72.701     	41 72.150     	21 72.882     	
Lap 28	29 72.182     	30 72.676     	42 72.906     	80 73.092     	 4 73.106     	19 72.739     	31 72.332     	94 73.025     	98 73.249     	69 72.662     	 2 72.800     	47 89.489 DRY	20 73.626     	22 73.239     	41 72.281     	53 90.300 DRY	74 90.945 DRY	81 90.842 DRY	44 90.409 DRY	 1 90.621 DRY	11 91.778 DRY	21 73.816     	 5 91.282 DRY	
Lap 29	29 72.589     	30 72.528     	42 72.418     	80 72.725     	 4 72.654     	19 72.039     	94 72.597     	98 72.937     	47 71.845     	20 73.692     	41 72.653     	31 89.857 DRY	53 72.310     	74 72.492     	81 72.800     	44 72.317     	 1 72.412     	11 71.527     	69 92.116 DRY	21 72.236     	 2 91.815 DRY	22 91.338 DRY	 5 72.639     	
Lap 30	29 71.993     	30 72.937     	42 72.874     	19 72.853     	98 72.333     	47 71.316     	 4 89.976 DRY	80 90.790 DRY	31 72.386     	41 73.194     	53 72.482     	74 72.182     	81 72.410     	 1 71.834     	44 72.277     	94 91.307 DRY	11 71.789     	69 72.743     	21 72.556     	 2 73.115     	20 90.449 DRY	22 72.371     	 5 73.131     	
Lap 31	29 90.573 DRY	42 73.028     	47 73.988     	80 71.138     	30 90.469 DRY	 4 72.528     	19 90.239 DRY	31 71.809     	53 72.255     	74 72.491     	81 71.853     	44 71.767     	 1 72.485     	94 71.847     	11 72.652     	98 91.651 DRY	69 72.210     	21 72.835     	 2 72.353     	22 72.108     	20 72.586     	 5 72.438     	41 91.895 DRY	
Lap 32	29 72.160     	47 71.277     	30 72.090     	80 72.158     	 4 71.782     	19 71.994     	42 91.764 DRY	31 71.058     	53 72.066     	81 71.714     	74 72.496     	44 72.719     	 1 72.653     	94 72.304     	11 71.451     	98 72.780     	69 72.831     	21 72.965     	 2 72.369     	22 72.325     	20 72.321     	 5 72.149     	41 72.203     	
Lap 33	29 70.881     	47 71.229     	30 71.998     	80 72.411     	 4 72.327     	19 71.925     	31 71.981     	42 72.249     	53 72.077     	81 71.652     	74 72.356     	 1 72.572     	94 72.402     	44 73.566     	11 72.728     	98 72.737     	69 72.820     	 2 72.417     	21 73.277     	22 72.627     	20 72.439     	 5 71.745     	41 72.165     	
Lap 34	29 70.999     	47 71.217     	30 71.630     	80 71.531     	 4 72.326     	19 72.003     	42 71.353     	31 72.037     	53 72.253     	81 71.961     	74 71.938     	 1 71.850     	94 72.230     	44 72.682     	11 72.674     	98 71.983     	69 72.069     	 2 72.150     	21 72.383     	22 72.721     	20 72.598     	 5 71.772     	41 72.543     	
Lap 35	29 71.173     	47 71.180     	80 71.762     	30 72.401     	 4 71.769     	19 71.954     	42 71.646     	31 72.216     	81 72.086     	53 72.332     	74 71.168     	 1 72.192     	94 72.051     	44 72.347     	11 72.451     	98 72.686     	69 72.528     	 2 72.291     	21 72.754     	22 72.993     	20 73.052     	 5 73.586     	41 71.786     	
Lap 36	29 71.238     	47 71.627     	30 71.727     	80 72.029     	42 71.480     	 4 72.444     	19 72.095     	31 71.348     	74 71.870     	53 72.250     	81 72.503     	94 71.868     	 1 72.364     	11 72.109     	44 72.785     	98 72.400     	69 72.060     	 2 71.823     	21 72.637     	20 72.220     	22 72.453     	 5 72.201     	41 72.303     	
Lap 37	29 71.342     	47 71.012     	80 71.931     	30 72.184     	 4 72.056     	42 72.441     	19 72.686     	31 72.350     	81 71.808     	74 72.512     	53 72.492     	 1 72.149     	94 72.361     	11 72.725     	44 72.785     	69 72.239     	98 73.908     	 2 72.995     	21 72.564     	22 72.467     	20 72.940     	 5 72.681     	41 71.879     	
Lap 38	29 71.710     	47 71.645     	30 71.177     	80 71.892     	 4 71.770     	42 71.693     	19 71.992     	31 72.175     	81 72.223     	74 71.978     	53 72.877     	 1 72.163     	94 72.213     	11 72.345     	44 72.241     	69 71.251     	 2 72.390     	98 72.779     	21 73.060     	22 73.069     	20 72.724     	 5 72.683     	41 71.919     	
Lap 39	29 71.689     	47 71.650     	30 72.440     	80 71.998     	42 71.288     	 4 71.886     	19 71.755     	31 72.641     	81 72.180     	74 72.099     	53 71.904     	 1 72.295     	94 72.298     	11 72.061     	44 72.056     	69 71.559     	 2 72.767     	98 73.052     	21 72.921     	20 72.503     	22 72.861     	 5 73.322     	41 72.600     	
Lap 40	29 71.459     	47 71.668     	80 71.386     	30 72.416     	42 71.623     	 4 72.320     	19 72.009     	31 71.762     	81 72.495     	74 72.575     	53 72.771     	 1 71.944     	94 72.091     	11 72.172     	44 72.338     	69 71.378     	 2 72.588     	98 72.913     	22 72.258     	21 73.040     	20 72.932     	 5 72.849     	41 71.813     	
Lap 41	29 71.800     	47 71.519     	80 72.130     	30 72.389     	42 72.309     	 4 72.043     	19 71.938     	31 71.929     	74 71.541     	81 71.815     	53 71.604     	94 72.086     	 1 72.692     	44 71.990     	69 71.936     	11 72.823     	 2 72.333     	98 72.836     	22 72.701     	21 72.988     	20 72.938     	 5 72.691     	41 72.266     	
Lap 42	29 71.862     	47 71.102     	80 70.926     	30 71.592     	42 71.947     	 4 72.326     	19 71.942     	31 71.935     	81 71.950     	74 72.647     	53 71.732     	 1 72.123     	94 72.646     	44 72.849     	69 72.820     	11 72.887     	 2 72.177     	98 71.857     	22 72.503     	20 72.356     	21 73.218     	 5 72.310     	41 72.651     	
Lap 43	29 71.481     	47 71.823     	80 71.844     	30 72.208     	42 72.060     	 4 72.280     	19 72.132     	31 71.777     	74 71.968     	81 72.611     	53 73.397     	94 71.937     	 1 72.714     	44 72.363     	69 72.342     	11 72.576     	 2 71.669     	22 72.984     	98 71.729     	20 72.350     	21 72.692     	 5 73.991     	
Lap 44	29 71.545     	47 71.478     	80 71.273     	30 72.378     	42 71.741     	 4 71.887     	19 72.312     	31 72.636     	74 72.199     	81 72.878     	53 71.361     	94 72.288     	 1 72.736     	44 72.483     	11 72.228     	 2 72.308     	98 71.803     	22 72.634     	20 73.021     	21 72.014     	41 72.691     	 5 73.006     	
Lap 45	29 71.645     	47 71.326     	80 71.648     	30 71.832     	42 72.490     	 4 72.538     	19 72.118     	31 72.735     	74 72.041     	81 71.992     	53 72.464     	94 71.708     	 1 71.865     	11 72.166     	44 73.025     	 2 72.557     	98 72.577     	22 72.539     	20 73.233     	21 73.368     	41 72.800     	 5 73.276     	
Lap 46	29 71.904     	47 71.312     	80 71.224     	30 71.752     	42 71.710     	 4 72.114     	19 72.342     	31 71.286     	74 72.068     	81 71.989     	53 72.430     	94 71.732     	 1 71.660     	11 72.654     	44 73.081     	 2 73.034     	98 73.000     	22 73.100     	20 72.684     	21 73.201     	41 72.498     	 5 72.996     	
Lap 47	29 71.185     	47 71.553     	80 71.920     	30 72.665     	42 72.510     	 4 72.391     	19 72.382     	31 72.374     	74 72.775     	81 72.680     	53 72.443     	94 71.826     	 1 71.539     	11 73.093     	44 72.898     	 2 72.538     	98 72.856     	22 73.117     	20 73.072     	41 71.316     	21 73.543     	 5 73.340     	
Lap 48	29 71.682     	47 71.666     	80 71.225     	30 72.460     	42 72.479     	 4 72.524     	19 72.387     	31 73.241     	74 72.128     	81 72.255     	53 72.355     	94 72.960     	 1 72.999     	11 72.731     	44 72.466     	 2 72.728     	98 72.740     	22 72.735     	20 72.657     	41 72.950     	21 73.208     	 5 72.904     	
Lap 49	29 71.652     	47 71.928     	80 71.250     	42 71.881     	30 72.663     	19 71.923     	 4 72.758     	31 72.298     	74 73.015     	81 72.622     	53 72.448     	94 72.914     	 1 72.407     	11 73.083     	44 73.230     	 2 72.779     	98 73.133     	22 72.775     	20 73.392     	41 73.200     	 5 73.280     	21 90.507 DRY	
Lap 50	29 71.934     	47 71.284     	80 71.577     	30 71.906     	42 72.601     	19 72.184     	31 71.385     	 4 72.937     	74 72.138     	81 72.759     	53 72.691     	 1 72.491     	94 72.943     	11 72.986     	44 73.101     	 2 72.287     	98 72.438     	22 71.841     	20 73.401     	41 73.326     	 5 72.518     	21 72.363     	
Lap 51	29 71.325     	47 71.590     	80 71.824     	42 71.891     	30 72.564     	19 72.245     	 4 72.041     	31 72.377     	74 72.286     	81 72.993     	53 73.030     	 1 72.209     	94 72.199     	11 73.236     	44 73.138     	 2 72.522     	98 72.066     	22 72.810     	20 72.907     	41 72.773     	 5 72.637     	21 72.463     	
Lap 52	29 71.826     	47 71.694     	80 71.710     	30 71.976     	19 71.425     	42 73.867     	 4 72.175     	31 72.981     	74 72.219     	81 72.982     	 1 72.352     	53 73.074     	94 72.539     	11 72.669     	44 73.151     	 2 72.063     	98 71.590     	22 72.286     	20 72.555     	41 73.079     	 5 72.666     	21 72.141     	
Lap 53	29 71.273     	47 71.397     	80 71.268     	30 72.034     	42 72.197     	19 72.775     	 4 72.842     	31 72.789     	74 72.192     	81 72.460     	53 72.287     	 1 72.737     	94 72.891     	11 71.917     	44 73.310     	 2 73.277     	98 73.373     	22 71.948     	20 73.394     	41 73.431     	 5 72.607     	21 72.506     	
Lap 54	29 71.516     	47 72.094     	80 71.489     	30 71.682     	42 72.703     	19 72.440     	 4 72.894     	31 72.710     	74 71.698     	81 72.731     	53 72.271     	 1 72.855     	94 72.728     	11 72.089     	44 72.723     	 2 73.310     	98 73.141     	22 72.369     	20 73.546     	41 73.074     	 5 73.378     	21 72.205     	
Lap 55	29 72.032     	47 72.131     	80 71.963     	30 71.640     	42 72.669     	19 72.779     	 4 73.018     	31 72.652     	74 72.427     	81 73.199     	53 73.355     	94 72.491     	 1 72.763     	11 72.282     	44 72.181     	 2 73.287     	98 73.493     	22 72.618     	20 73.118     	41 72.967     	 5 72.950     	21 73.057     	
Lap 56	29 72.128     	47 72.052     	80 72.121     	30 71.606     	19 72.465     	42 72.687     	 4 73.219     	31 73.340     	94 73.243     	 2 73.171     	98 73.552     	74 90.290 DRY	22 72.408     	81 90.586 DRY	53 90.884 DRY	 1 91.473 DRY	41 72.961     	20 73.590     	11 90.309 DRY	44 90.231 DRY	21 72.304     	 5 90.459 DRY	
Lap 57	29 71.971     	80 72.010     	30 72.304     	47 90.870 DRY	19 72.424     	42 72.529     	 4 72.709     	94 72.558     	 2 72.399     	31 91.531 DRY	98 72.575     	74 72.760     	22 73.552     	81 72.699     	53 72.705     	 1 71.708     	41 72.537     	20 72.786     	11 71.418     	44 71.229     	21 71.846     	 5 72.968     	
Lap 58	29 71.780     	47 71.673     	30 72.486     	42 72.153     	19 72.970     	80 89.884 DRY	 4 89.985 DRY	31 71.891     	74 71.944     	 2 73.429     	98 73.060     	81 72.101     	 1 72.570     	53 73.451     	94 90.902 DRY	41 73.250     	11 71.444     	20 73.589     	44 71.796     	22 90.982 DRY	21 72.173     	 5 72.424     	
Lap 59	29 71.774     	47 71.697     	42 72.449     	80 71.310     	30 90.052 DRY	19 91.327 DRY	 4 71.329     	31 71.017     	74 72.180     	81 71.711     	 1 71.931     	94 71.979     	53 72.469     	11 71.924     	44 71.231     	 2 91.710 DRY	98 91.665 DRY	22 72.226     	21 73.067     	41 91.428 DRY	 5 73.132     	20 91.438 DRY	
Lap 60	29 71.964     	47 71.564     	42 72.061     	80 71.208     	30 71.452     	19 72.461     	 4 71.936     	31 72.210     	74 71.588     	81 70.988     	 1 72.250     	94 72.361     	11 71.282     	53 73.157     	44 71.897     	 2 72.195     	22 72.071     	98 72.496     	21 72.404     	41 72.297     	 5 73.090     	20 72.368     	
Lap 61	29 90.392 DRY	47 70.960     	42 71.951     	80 71.200     	30 70.738     	19 71.930     	 4 71.936     	31 70.954     	74 71.671     	81 70.888     	 1 71.273     	94 71.971     	11 72.615     	53 72.656     	44 71.835     	 2 72.281     	22 72.605     	98 72.866     	21 71.817     	 5 72.899     	41 71.516     	
Lap 62	29 71.424     	47 71.164     	80 71.674     	30 71.545     	42 91.173 DRY	19 71.881     	 4 72.378     	31 72.599     	74 71.923     	 1 71.950     	94 71.192     	11 72.389     	53 72.303     	44 71.194     	 2 71.417     	22 72.088     	98 72.527     	21 72.364     	41 71.249     	20 72.954     	 5 72.730     	
Lap 63	29 71.008     	47 71.288     	80 71.171     	30 71.202     	19 71.850     	42 72.613     	 4 72.054     	31 72.080     	74 71.859     	 1 72.115     	94 71.576     	53 72.310     	11 72.718     	44 72.189     	 2 71.718     	22 72.816     	98 72.010     	21 72.755     	41 71.654     	20 72.942     	 5 73.199     	
Lap 64	29 71.572     	47 71.377     	80 71.452     	30 71.122     	42 71.515     	19 72.185     	 4 71.860     	31 72.462     	74 71.278     	 1 71.965     	94 72.183     	53 71.962     	11 72.185     	44 72.704     	 2 71.975     	98 72.529     	22 72.752     	21 73.168     	41 71.335     	20 72.347     	 5 72.842     	
Lap 65	29 71.498     	47 70.920     	80 71.484     	30 71.342     	42 71.946     	19 72.394     	 4 72.086     	31 72.408     	74 72.459     	 1 71.816     	94 71.589     	53 71.974     	11 72.425     	44 71.547     	 2 71.466     	98 71.917     	22 72.843     	21 72.618     	41 71.622     	20 71.951     	 5 72.957     	
Lap 66	29 70.830     	47 71.326     	80 71.616     	30 71.668     	42 72.270     	 4 71.762     	19 72.608     	31 71.937     	74 72.403     	 1 72.002     	94 72.277     	53 72.136     	11 72.758     	44 72.778     	 2 71.745     	98 71.570     	22 72.000     	41 72.012     	21 72.772     	20 72.379     	 5 73.117     	
Lap 67	29 71.593     	47 71.458     	80 71.402     	30 71.225     	42 72.146     	 4 71.924     	19 72.323     	31 72.517     	74 71.925     	94 71.717     	 1 72.702     	53 71.267     	11 72.749     	44 72.555     	 2 71.720     	98 72.160     	22 71.990     	41 71.918     	21 72.679     	20 71.787     	 5 72.866     	
Lap 68	29 70.940     	47 71.197     	80 71.391     	30 71.191     	42 71.782     	 4 72.480     	19 72.749     	31 71.828     	74 72.480     	94 71.903     	 1 72.603     	53 71.216     	44 72.580     	11 72.804     	 2 72.170     	98 71.747     	22 72.105     	41 72.148     	21 72.233     	20 71.847     	 5 73.112     	
Lap 69	29 71.553     	47 71.540     	80 71.829     	30 71.642     	42 71.596     	 4 71.660     	31 72.398     	19 72.426     	74 72.068     	94 72.451     	 1 72.696     	53 71.421     	11 72.110     	44 72.665     	 2 71.856     	98 71.829     	22 72.415     	41 72.078     	21 72.989     	20 72.060     	 5 72.981     	
Lap 70	29 71.739     	47 70.995     	80 71.299     	30 70.933     	42 70.976     	 4 71.659     	31 72.118     	19 72.355     	74 72.104     	94 71.479     	 1 72.561     	53 73.313     	11 72.292     	44 72.029     	 2 72.368     	98 72.065     	22 71.578     	41 71.906     	21 72.225     	20 71.575     	 5 73.138     	
Lap 71	29 71.744     	47 71.552     	80 71.155     	30 71.776     	42 71.020     	 4 71.888     	31 72.500     	19 72.765     	74 72.752     	94 71.200     	 1 72.045     	53 72.040     	11 72.704     	44 72.876     	 2 71.429     	98 71.533     	22 72.167     	41 71.212     	21 72.665     	20 71.780     	 5 73.595     	
Lap 72	29 71.192     	47 71.075     	80 71.736     	30 71.344     	42 71.480     	 4 71.739     	31 72.723     	19 72.662     	74 72.522     	94 71.891     	 1 71.623     	53 72.121     	11 72.475     	44 72.171     	 2 71.738     	98 71.679     	22 72.639     	41 72.655     	21 72.615     	20 72.273     	 5 73.487     	
Lap 73	29 71.391     	47 71.693     	80 71.844     	30 71.703     	42 71.371     	 4 71.797     	31 72.365     	19 72.021     	74 72.229     	94 71.991     	 1 71.282     	53 71.691     	11 72.397     	44 72.828     	 2 71.593     	98 72.174     	22 72.757     	41 72.906     	21 72.089     	20 72.019     	 5 73.663     	
Lap 74	29 71.644     	47 71.120     	80 71.502     	30 71.761     	42 71.501     	 4 71.682     	31 72.641     	19 72.657     	74 72.850     	94 71.414     	 1 72.131     	53 71.663     	11 72.939     	44 73.872     	 2 71.572     	98 72.139     	22 72.740     	41 72.422     	21 72.621     	20 71.666     	 5 72.980     	
Lap 75	29 71.589     	47 71.370     	80 71.537     	30 71.314     	42 71.886     	 4 71.768     	31 72.048     	19 72.209     	74 72.487     	94 71.544     	 1 72.171     	53 71.875     	11 72.212     	44 72.560     	 2 72.604     	98 71.946     	41 72.405     	22 73.204     	21 72.943     	20 72.472     	 5 73.631     	
Lap 76	29 71.703     	47 71.610     	80 71.648     	30 71.177     	42 71.858     	 4 71.680     	31 72.421     	19 72.200     	74 72.317     	94 72.415     	 1 71.471     	53 71.645     	11 72.411     	44 72.304     	 2 72.232     	98 71.820     	41 72.049     	22 72.723     	21 73.323     	20 72.525     	 5 73.234     	
Lap 77	29 71.186     	47 71.465     	80 71.750     	30 71.927     	42 71.236     	 4 71.478     	31 72.236     	19 72.847     	74 72.423     	94 72.438     	 1 71.617     	53 71.723     	11 71.601     	 2 72.626     	44 72.770     	98 72.109     	41 72.778     	22 73.094     	20 72.697     	 5 73.889     	21 91.310 DRY	
Lap 78	29 71.594     	47 71.803     	80 71.181     	30 72.033     	42 71.862     	 4 71.491     	31 72.911     	19 72.527     	74 72.371     	94 72.212     	 1 72.109     	53 72.258     	11 72.429     	 2 73.063     	44 73.071     	98 71.550     	41 71.857     	22 71.985     	20 71.866     	 5 72.842     	21 72.440     	
Lap 79	29 71.823     	47 71.769     	80 71.259     	30 71.857     	42 71.803     	 4 71.840     	31 72.630     	74 72.618     	19 73.036     	94 72.869     	 1 71.917     	53 71.702     	11 71.852     	 2 73.299     	44 73.426     	98 72.439     	41 71.978     	22 72.700     	20 72.436     	 5 73.056     	21 72.658     	
Lap 80	29 71.255     	47 71.353     	80 71.911     	30 72.127     	42 71.161     	 4 71.655     	74 72.313     	31 72.947     	19 72.834     	94 72.163     	 1 72.776     	53 72.040     	11 72.155     	44 72.709     	98 72.379     	 2 73.309     	41 72.274     	22 72.260     	20 71.967     	 5 73.064     	21 72.821     	
Lap 81	29 71.275     	47 71.419     	80 72.067     	30 71.955     	42 71.648     	 4 71.631     	74 72.444     	31 72.949     	19 72.469     	94 72.635     	 1 73.114     	53 73.705     	11 72.558     	44 73.102     	98 72.972     	 2 73.439     	41 72.230     	22 72.073     	20 72.598     	 5 73.324     	21 72.688     	
Lap 82	29 71.943     	47 71.460     	80 72.227     	30 72.124     	42 71.246     	 4 71.962     	74 72.510     	31 72.398     	94 72.255     	19 72.849     	 1 72.374     	53 72.467     	11 72.260     	98 72.632     	44 73.014     	 2 73.202     	41 72.314     	22 72.412     	20 72.056     	21 73.092     	 5 73.931     	
Lap 83	29 71.619     	47 71.897     	80 71.681     	30 71.621     	42 71.546     	 4 72.194     	31 72.336     	74 73.198     	19 72.287     	94 73.222     	 1 72.514     	53 71.994     	11 72.011     	98 73.374     	44 73.193     	 2 72.828     	41 71.698     	22 72.666     	20 72.311     	21 73.033     	 5 73.390     	
Lap 84	29 72.146     	47 72.194     	80 71.704     	30 71.343     	42 72.025     	 4 72.563     	19 72.563     	31 73.247     	74 72.966     	94 73.019     	 1 73.297     	11 71.924     	98 73.011     	 2 73.289     	41 72.553     	53 91.522 DRY	22 72.497     	20 72.331     	44 90.593 DRY	21 71.736     	 5 91.454 DRY	
Lap 85	29 71.932     	47 71.538     	80 72.061     	30 72.327     	42 71.341     	 4 72.246     	19 73.109     	31 73.203     	94 72.565     	 1 72.101     	74 90.692 DRY	98 73.456     	 2 73.477     	41 72.481     	53 73.217     	22 72.327     	20 72.936     	11 90.684 DRY	44 71.286     	21 72.405     	 5 73.488     	

-- OFFICIAL RESULTS --
Pos	#No	Driver						Team					Time		Diff		Pits	Best
01	#29	ALU	Sago Aludetsei			Dotruga Formula Racing	1:42:02.894	-0.000		2		70.830
02	#47	PAV	ketila léqa pavúteka	Team Solea Racing		1:42:11.787	-8.893		2		70.920
03	#80	AYA	Ifloenne é Aya			Team V.V. Imperial		1:42:23.460	-20.566		2		70.924
04	#30	WIS	Josh Wise				BONGATAR				1:42:33.495	-30.601		2		70.738
05	#42	OOS	Frank Oosterhout		Cows Go Moo Racing		1:42:43.340	-40.446		2		70.976
06	# 4	BLA	Zaku Blaxon				Team Blaland Racing		1:42:49.879	-46.985		2		71.329
07	#19	ZAI	khélok atep zailunaɰ	Team Solea Racing		1:43:04.083	-61.189		2		71.425
08	#31	ŠAŊ	xap'ít celentir šaŋév	Team Solea Racing		1:43:04.358	-61.464		2		70.954
09	#94	NES	At'ipi Nesbeksë			Team Diigikwk Racers	1:43:04.723	-61.830		2		71.192
10	# 1	ROT	Robbie Rotten			Team V.V. Imperial		1:43:05.721	-62.828		2		71.273
11	#74	KON	Bařàsiz Konoca			Team Diigikwk Racers	1:43:21.988	-79.094		3		71.168
12	#98	MOT	Gorga Motxev			Dotruga Formula Racing	1:43:22.879	-79.985		2		71.533
13	# 2	HID	Body Hide				BONGATAR				1:43:23.734	-80.841		2		71.417
14	#41	CAN	Olga Candy				Cows Go Moo Racing		1:43:25.032	-82.139		3		71.212
15	#53	TÀC	Ešuro Tàcràɰë			Team Diigikwk Racers	1:43:26.031	-83.137		3		71.216
16	#22	PHI	Philipe					Team Vincent			1:43:27.723	-84.829		2		71.578
17	#20	MAC	Mac						Team Vincent			1:43:30.968	-88.074		2		71.575
18	#11	KEG	Tuto Keget				Dotruga Formula Racing	1:43:31.044	-88.150		3		71.282
19	#44	KAX	Kaxon Kaxutak			Team Blaland Racing		1:43:38.344	-95.450		3		71.194
20	#21	ORS	Orson					Team Vincent			1:43:51.775	-108.881	3		71.736
21	# 5	NOX	Naxan Noxokolonaxon		Team Blaland Racing		1:44:13.703	-130.810	3		71.745
22	#81	KÆR	Lyǽs Kæræsekæræn		Team V.V. Imperial		RETIRED		DNF			2		70.888
23	# 3	BOB	Bob						BONGATAR				RETIRED		DNF			0		71.733
24	#69	SAN	Marisa Sanchez			Cows Go Moo Racing		RETIRED		DNF			1		71.251

-- RACE INCIDENT REPORT --
Olga Candy made a pit stop to repair damage caused by a large incident while attempting an overtake on lap 3.
Mac made a mistake while attempting an overtake on lap 3.
Bařàsiz Konoca made a mistake while attempting an overtake on lap 4.
Olga Candy made a mistake while attempting an overtake on lap 4.
At'ipi Nesbeksë made a mistake while attempting an overtake on lap 14.
Marisa Sanchez made a mistake while attempting an overtake on lap 14.
Robbie Rotten made a mistake while attempting an overtake on lap 18.
Orson made a pit stop to repair damage caused by a large incident while attempting an overtake on lap 21.
Bob crashed out while attempting an overtake on lap 24.
Lyǽs Kæræsekæræn made a mistake while attempting an overtake on lap 26.
Orson made a mistake while attempting an overtake on lap 28.
ketila léqa pavúteka made a mistake while attempting an overtake on lap 31.
Kaxon Kaxutak made a mistake while attempting an overtake on lap 33.
Gorga Motxev made a mistake while attempting an overtake on lap 37.
Marisa Sanchez crashed out while attempting an overtake on lap 43.
Frank Oosterhout made a mistake while attempting an overtake on lap 52.
Ešuro Tàcràɰë made a mistake while attempting an overtake on lap 58.
Ešuro Tàcràɰë made a mistake while attempting an overtake on lap 60.
Lyǽs Kæræsekæræn crashed out on lap 61.
Kaxon Kaxutak made a mistake while attempting an overtake on lap 74.
