-- LAP TIMES --
Lap 0	42 0.000     	30 0.000     	47 0.100     	53 0.100     	80 0.200     	74 0.200     	94 0.300     	 4 0.300     	19 0.400     	29 0.400     	11 0.500     	41 0.500     	 3 0.600     	44 0.600     	31 0.700     	98 0.700     	69 0.800     	 2 0.800     	81 0.900     	22 0.900     	 1 1.000     	21 1.000     	20 1.100     	 5 1.100     	
Lap 1	53 89.664     	80 89.691     	29 89.531     	30 89.982     	94 89.860     	42 90.163     	47 90.139     	74 90.179     	 4 90.236     	 3 90.069     	19 90.316     	31 90.054     	11 90.656     	44 90.682     	41 90.803     	 1 90.539     	98 91.041     	81 90.973     	69 91.220     	 2 91.290     	22 91.679     	 5 91.790     	20 91.794     	21 91.922     	
Lap 2	30 89.262     	80 89.722     	47 89.539     	29 89.947     	42 89.832     	94 89.936     	53 90.342     	 4 89.669     	74 90.340     	31 90.167     	 3 90.665     	44 90.238     	11 90.662     	19 91.124     	81 90.113     	41 90.696     	 1 90.909     	98 90.717     	 2 90.823     	69 90.972     	22 91.616     	20 91.526     	21 91.528     	 5 91.883     	
Lap 3	30 89.934     	29 89.997     	53 89.805     	47 90.257     	80 90.449     	 4 89.930     	42 90.198     	74 89.879     	94 90.591     	 3 90.172     	44 90.244     	31 90.990     	41 90.606     	81 90.732     	11 90.965     	19 90.978     	 1 90.891     	98 91.001     	 2 90.907     	22 91.394     	69 90.695     	20 91.092     	21 91.527     	
Lap 4	30 89.564     	53 89.603     	29 90.200     	42 90.244     	80 90.474     	47 90.538     	 4 90.554     	74 90.750     	94 90.812     	44 90.565     	 3 90.885     	31 90.870     	81 90.441     	41 90.819     	11 90.985     	98 90.353     	19 91.038     	 1 91.224     	 2 91.487     	22 91.253     	20 91.355     	21 91.839     	 5 91.825     	
Lap 5	30 89.736     	29 89.485     	53 90.507     	42 89.835     	80 89.958     	47 89.947     	 4 89.917     	74 89.956     	94 89.899     	44 90.314     	31 90.092     	 3 90.622     	41 90.342     	81 91.033     	11 90.508     	19 90.968     	98 91.134     	 1 90.699     	 2 91.361     	20 91.048     	22 91.870     	21 91.989     	 5 93.817     	
Lap 6	30 88.659     	29 90.066     	42 89.579     	53 89.989     	 4 89.787     	80 89.951     	47 90.167     	94 89.798     	74 90.561     	31 90.116     	44 90.451     	 3 90.434     	41 90.377     	11 90.451     	81 91.131     	19 90.550     	98 91.086     	 2 89.918     	 1 91.554     	20 91.013     	22 91.490     	21 91.134     	 5 92.113     	
Lap 7	30 89.052     	29 90.161     	53 89.818     	42 90.025     	47 89.901     	80 90.249     	 4 90.447     	94 90.831     	74 90.386     	31 90.602     	 3 90.377     	44 90.880     	41 90.597     	11 90.421     	19 90.388     	98 90.807     	81 91.772     	 2 91.613     	 1 91.573     	20 90.470     	22 91.515     	21 91.525     	 5 91.942     	
Lap 8	30 89.212     	42 89.644     	29 89.763     	80 89.750     	53 90.642     	 4 89.749     	47 90.662     	74 89.751     	94 90.054     	31 91.043     	44 90.688     	 3 90.867     	41 90.787     	11 91.212     	19 91.018     	98 90.767     	81 90.837     	 1 91.070     	 2 91.347     	20 90.665     	22 91.208     	21 91.364     	 5 91.838     	
Lap 9	30 89.147     	29 89.597     	42 90.393     	 4 89.908     	80 90.474     	53 90.634     	47 90.221     	74 90.699     	94 90.851     	 3 90.347     	44 90.952     	31 91.096     	41 90.462     	11 90.995     	19 90.854     	98 91.319     	81 91.108     	 1 90.751     	 2 91.625     	20 91.909     	22 91.145     	21 91.341     	 5 92.631     	
Lap 10	30 89.289     	29 89.653     	42 90.549     	 4 90.517     	80 90.261     	47 89.884     	53 90.658     	74 90.703     	94 90.642     	 3 90.665     	31 90.377     	44 90.566     	41 91.249     	11 90.787     	19 91.123     	98 91.089     	81 91.084     	 1 91.513     	 2 90.832     	20 91.354     	22 91.087     	21 90.781     	 5 92.184     	
Lap 11	30 89.071     	29 89.467     	42 90.014     	 4 89.871     	47 89.864     	80 90.617     	53 90.281     	74 90.521     	94 90.689     	 3 91.075     	31 90.721     	44 91.324     	41 90.659     	11 91.148     	19 90.661     	98 90.731     	81 91.037     	 1 90.611     	 2 91.111     	20 90.708     	22 91.685     	21 91.896     	 5 92.548     	
Lap 12	30 89.025     	29 89.583     	42 90.437     	 4 90.471     	47 90.219     	80 90.726     	53 90.553     	74 90.459     	94 90.305     	31 90.962     	 3 91.143     	41 90.416     	44 91.129     	19 90.823     	11 90.986     	98 90.697     	81 91.077     	 1 91.023     	 2 91.354     	20 91.182     	22 90.554     	21 91.317     	 5 92.819     	
Lap 13	30 89.604     	29 89.672     	47 89.689     	42 90.316     	 4 90.294     	80 90.183     	53 90.601     	74 90.578     	94 90.687     	 3 90.360     	41 90.626     	31 91.346     	44 90.732     	11 90.976     	19 91.035     	98 90.929     	81 91.129     	 1 90.295     	 2 91.870     	20 91.697     	22 90.486     	21 91.036     	 5 92.656     	
Lap 14	30 89.422     	29 89.720     	47 90.252     	42 90.509     	 4 90.611     	80 90.692     	53 90.906     	74 90.502     	94 90.419     	 3 91.274     	41 90.696     	31 90.530     	44 90.602     	11 90.568     	19 90.651     	98 91.593     	81 90.630     	 1 90.904     	 2 91.777     	20 91.357     	22 91.577     	21 91.444     	 5 92.506     	
Lap 15	30 89.166     	29 88.998     	47 90.284     	 4 89.748     	42 90.308     	80 90.905     	53 90.981     	74 90.562     	94 90.426     	 3 90.919     	44 90.839     	31 91.163     	41 91.213     	11 91.242     	19 91.374     	81 90.799     	98 91.147     	 1 90.945     	 2 91.098     	20 91.595     	22 91.000     	21 91.144     	 5 92.442     	
Lap 16	30 89.491     	29 89.236     	47 90.450     	42 90.273     	 4 90.728     	80 91.068     	53 90.382     	74 90.570     	94 91.054     	 3 90.858     	31 90.590     	41 90.737     	44 90.948     	11 91.141     	19 91.161     	81 91.097     	98 90.892     	 1 91.715     	 2 91.688     	20 91.632     	22 91.617     	21 91.126     	 5 92.294     	
Lap 17	30 88.917     	29 89.394     	47 90.082     	42 90.724     	 4 90.420     	80 91.038     	74 90.477     	53 91.654     	94 90.408     	31 90.578     	41 90.823     	 3 91.331     	44 91.560     	11 91.531     	19 91.508     	81 90.995     	 1 90.720     	98 93.059     	 2 91.968     	20 91.910     	22 91.932     	21 91.618     	 5 92.791     	
Lap 18	30 88.975     	29 89.247     	47 90.592     	 4 90.669     	42 90.796     	80 90.974     	74 90.699     	53 90.797     	94 91.009     	31 91.345     	41 91.144     	44 90.272     	 3 90.927     	11 90.702     	19 90.918     	 1 90.291     	81 91.817     	98 89.976     	20 91.598     	 2 92.154     	22 91.584     	21 91.077     	 5 92.661     	
Lap 19	30 89.898     	29 89.351     	47 89.986     	42 90.367     	 4 90.836     	80 90.316     	74 91.282     	53 91.170     	94 90.659     	44 90.894     	41 90.983     	31 91.211     	 3 91.240     	11 91.691     	19 91.330     	98 91.054     	 1 91.911     	81 91.515     	 2 91.500     	20 91.586     	22 91.661     	21 91.592     	 5 92.800     	
Lap 20	30 89.226     	29 89.909     	47 89.421     	 4 90.089     	42 90.856     	80 89.956     	53 90.555     	94 90.432     	74 91.161     	31 90.756     	44 90.900     	 3 90.909     	41 91.622     	19 91.075     	11 91.675     	98 91.452     	81 91.726     	 1 91.984     	 2 91.826     	20 92.182     	22 91.912     	21 92.025     	 5 92.478     	
Lap 21	30 89.641     	29 90.124     	47 89.460     	42 90.000     	 4 90.752     	80 89.683     	53 90.395     	94 91.451     	74 92.966     	31 91.255     	44 91.702     	41 91.023     	 3 91.640     	19 91.756     	11 91.736     	 1 91.228     	98 91.990     	81 91.770     	 2 91.841     	20 91.805     	21 91.032     	22 92.424     	 5 92.710     	
Lap 22	30 89.560     	29 89.748     	47 89.685     	42 91.203     	 4 91.074     	80 90.269     	53 90.057     	94 90.360     	74 90.662     	31 91.477     	44 91.339     	41 91.617     	 3 91.746     	19 91.555     	11 92.187     	 1 91.506     	81 91.250     	98 91.629     	 2 92.256     	20 92.451     	22 92.368     	21 92.912     	 5 92.821     	
Lap 23	30 89.738     	29 89.351     	47 90.140     	 4 90.399     	42 90.772     	80 90.243     	53 90.458     	94 89.935     	74 90.464     	31 91.066     	44 91.147     	41 91.240     	 3 91.606     	19 90.731     	11 90.899     	81 91.856     	 1 92.214     	98 91.927     	20 92.140     	22 92.138     	21 92.809     	 2 110.849 DRY	 5 111.076 DRY	
Lap 24	30 107.826 DRY	42 90.502     	80 90.615     	29 108.037 DRY	47 108.906 DRY	44 91.459     	 3 92.112     	19 90.464     	 4 108.979 DRY	98 92.095     	53 109.505 DRY	94 109.069 DRY	74 109.195 DRY	20 92.650     	22 92.873     	31 109.914 DRY	41 109.423 DRY	11 108.604 DRY	81 109.020 DRY	 1 110.582 DRY	 2 90.330     	21 110.964 DRY	 5 92.059     	
Lap 25	30 89.438     	29 88.816     	47 89.744     	44 91.345     	 3 91.913     	19 91.383     	 4 89.451     	42 108.584 DRY	80 109.048 DRY	53 90.283     	94 90.401     	98 92.291     	74 90.059     	20 91.811     	41 90.424     	31 91.203     	22 92.223     	11 89.412     	81 90.062     	 1 89.960     	 2 90.536     	21 90.906     	 5 92.154     	
Lap 26	30 89.256     	29 89.284     	47 89.172     	 4 89.614     	42 89.679     	80 89.541     	53 90.499     	94 90.611     	74 89.823     	44 108.305 DRY	31 90.605     	41 91.096     	11 90.097     	20 93.156     	19 109.320 DRY	81 89.318     	 3 110.497 DRY	 1 89.771     	98 110.526 DRY	 2 90.168     	21 91.017     	22 110.967 DRY	 5 91.986     	
Lap 27	30 89.046     	29 89.310     	47 88.957     	 4 89.584     	42 89.249     	80 89.188     	53 90.194     	94 89.775     	74 89.214     	31 90.420     	44 90.911     	41 91.022     	11 90.959     	19 90.482     	81 90.841     	 3 91.020     	 1 89.558     	98 90.484     	 2 90.260     	21 90.246     	22 90.568     	20 110.536 DRY	 5 91.881     	
Lap 28	30 89.329     	29 88.783     	47 89.090     	42 89.139     	 4 90.529     	80 89.574     	53 90.243     	94 90.329     	74 89.308     	31 90.251     	44 90.414     	41 90.732     	11 89.470     	19 89.276     	81 91.040     	 3 90.860     	 1 90.300     	98 89.403     	 2 90.418     	21 91.257     	22 91.350     	20 91.727     	 5 91.741     	
Lap 29	30 88.722     	29 89.026     	47 89.368     	42 89.938     	 4 90.345     	80 89.925     	53 89.672     	74 89.753     	94 90.113     	31 90.474     	44 90.585     	41 90.811     	19 89.339     	11 90.435     	 3 90.298     	 1 90.636     	81 91.037     	98 89.763     	 2 90.697     	21 91.124     	22 90.918     	20 91.084     	 5 92.435     	
Lap 30	30 88.891     	29 88.830     	47 88.724     	42 89.478     	80 89.868     	 4 90.393     	53 90.462     	94 90.254     	74 90.357     	31 90.529     	44 90.720     	41 90.700     	11 90.740     	19 91.087     	 3 90.204     	81 90.691     	 1 91.290     	98 89.530     	 2 89.855     	21 91.105     	22 90.608     	20 90.544     	 5 91.979     	
Lap 31	30 88.917     	29 89.278     	47 89.190     	42 89.013     	80 90.090     	 4 89.854     	53 90.648     	74 90.187     	94 90.705     	31 90.248     	44 90.968     	11 90.399     	41 90.593     	19 91.195     	 3 89.564     	81 90.538     	 1 90.441     	98 89.796     	 2 89.827     	21 90.529     	22 90.241     	20 90.394     	 5 92.425     	
Lap 32	30 88.793     	29 88.686     	47 89.231     	42 88.988     	80 90.267     	 4 90.354     	53 89.832     	94 89.979     	74 90.910     	31 89.538     	44 90.459     	11 90.407     	41 90.673     	19 89.675     	 3 89.603     	81 91.054     	 1 90.872     	98 89.694     	 2 90.092     	21 91.175     	22 90.074     	20 90.113     	 5 92.617     	
Lap 33	30 88.815     	29 88.718     	47 88.893     	42 88.859     	80 90.088     	 4 90.189     	53 90.695     	94 90.226     	74 90.122     	31 89.734     	44 90.897     	 3 89.156     	11 91.123     	19 90.751     	41 90.869     	81 90.283     	98 90.745     	 1 91.114     	 2 90.311     	21 91.867     	22 91.781     	20 90.841     	 5 92.762     	
Lap 34	30 88.777     	29 89.585     	47 89.518     	42 89.622     	 4 89.585     	80 89.987     	53 90.113     	94 90.217     	74 90.627     	31 89.668     	44 90.483     	 3 90.373     	19 90.459     	11 90.730     	41 91.022     	81 90.900     	98 90.748     	 1 91.088     	 2 90.563     	22 91.474     	20 91.316     	21 92.314     	 5 92.548     	
Lap 35	30 89.123     	29 88.963     	47 89.103     	42 88.831     	80 89.345     	 4 89.975     	53 90.347     	94 90.664     	74 90.132     	31 89.582     	19 90.384     	44 91.101     	 3 91.005     	11 90.743     	41 91.241     	81 91.042     	98 90.890     	 1 90.834     	 2 90.348     	20 91.543     	22 91.914     	21 92.017     	 5 92.476     	
Lap 36	30 88.938     	29 89.062     	47 88.933     	42 88.865     	80 90.200     	 4 90.465     	53 90.171     	74 90.789     	94 91.040     	31 89.998     	44 90.432     	 3 90.364     	19 90.819     	11 91.213     	41 91.204     	81 90.782     	98 91.459     	 1 91.716     	 2 90.974     	20 91.780     	22 91.659     	21 92.198     	 5 92.277     	
Lap 37	30 89.072     	29 89.074     	47 89.434     	42 89.798     	80 90.717     	 4 90.534     	53 89.953     	74 90.495     	94 90.804     	31 89.771     	44 90.581     	 3 90.667     	19 91.285     	11 90.851     	41 90.612     	81 90.102     	98 90.863     	 1 90.992     	 2 90.052     	20 91.697     	22 91.969     	21 91.670     	 5 92.530     	
Lap 38	30 89.153     	29 89.418     	47 89.259     	42 89.201     	80 90.760     	 4 90.321     	53 89.593     	74 90.514     	94 90.833     	31 89.857     	 3 90.733     	44 90.923     	19 90.658     	11 90.615     	41 90.864     	81 89.938     	98 91.084     	 1 91.023     	 2 90.157     	20 91.880     	22 92.018     	21 92.052     	 5 92.241     	
Lap 39	30 89.020     	29 89.762     	47 89.923     	42 89.880     	80 90.143     	 4 90.614     	53 89.600     	74 91.010     	94 90.612     	31 90.164     	44 90.644     	 3 91.063     	19 90.666     	11 90.599     	41 91.493     	81 89.950     	98 90.886     	 1 91.307     	 2 91.603     	20 91.434     	22 91.824     	21 91.926     	 5 92.313     	
Lap 40	30 89.512     	29 89.479     	47 89.876     	42 89.013     	 4 90.008     	80 90.629     	53 89.565     	74 90.456     	94 90.656     	31 89.685     	44 90.628     	 3 90.659     	19 90.561     	11 91.773     	41 91.456     	81 90.888     	98 89.992     	 1 91.632     	 2 91.803     	20 91.320     	22 91.634     	21 92.421     	 5 92.344     	
Lap 41	30 89.436     	29 88.986     	47 89.695     	42 89.901     	80 89.668     	 4 90.385     	53 89.409     	74 90.564     	94 90.407     	31 89.857     	19 90.363     	44 91.509     	 3 91.330     	11 90.494     	81 90.866     	41 91.706     	98 90.055     	 1 90.264     	 2 90.711     	20 90.735     	22 90.907     	21 91.169     	 5 92.533     	
Lap 42	30 89.320     	29 89.563     	47 90.086     	42 89.553     	80 90.450     	 4 90.193     	53 89.692     	94 90.684     	74 91.364     	31 90.332     	44 90.683     	 3 90.476     	19 91.462     	11 89.870     	81 91.236     	41 90.819     	98 90.295     	 1 90.061     	 2 90.740     	20 90.579     	22 91.144     	21 91.164     	 5 92.549     	
Lap 43	30 89.161     	29 89.638     	47 90.109     	42 89.458     	 4 89.950     	80 90.625     	53 89.795     	94 90.760     	74 90.434     	31 90.416     	 3 91.036     	44 91.381     	11 91.454     	19 91.682     	81 91.155     	41 91.805     	98 91.659     	 1 90.531     	 2 90.671     	20 90.652     	22 90.525     	21 91.052     	 5 93.200     	
Lap 44	30 89.753     	29 89.148     	47 89.531     	42 89.225     	80 90.221     	 4 91.116     	53 89.571     	94 90.729     	74 91.077     	31 89.882     	44 90.793     	 3 91.262     	19 91.337     	11 91.467     	81 90.162     	41 91.395     	98 91.681     	 1 90.447     	 2 91.405     	20 90.687     	22 91.240     	21 91.702     	 5 92.688     	
Lap 45	30 90.046     	29 89.733     	47 89.813     	42 90.247     	80 90.308     	 4 90.462     	53 90.756     	94 90.927     	74 91.064     	31 91.796     	44 90.820     	 3 90.988     	11 91.405     	19 91.620     	81 90.072     	41 90.469     	98 91.599     	 1 92.224     	 2 91.066     	20 90.955     	22 90.977     	21 91.076     	 5 92.551     	
Lap 46	30 89.478     	29 90.165     	47 89.480     	42 89.816     	 4 90.255     	80 91.044     	53 89.813     	94 91.565     	74 91.327     	31 90.531     	 3 90.958     	44 91.782     	19 91.036     	11 91.851     	81 92.027     	41 90.420     	98 90.249     	 1 91.009     	20 90.867     	 2 109.579 DRY	22 90.851     	21 91.353     	 5 93.180     	
Lap 47	30 89.356     	29 89.898     	47 89.734     	42 90.254     	 4 90.551     	80 91.229     	53 91.539     	94 91.053     	74 90.834     	31 91.768     	44 90.350     	 3 90.907     	19 91.620     	11 91.558     	81 91.490     	41 90.736     	98 90.980     	 1 91.110     	20 91.327     	 2 91.135     	22 92.337     	21 91.460     	 5 110.370 DRY	
Lap 48	29 89.971     	30 108.076 DRY	47 89.942     	42 90.079     	80 90.049     	 4 91.279     	53 90.245     	31 90.351     	 3 91.602     	44 91.746     	19 91.068     	74 109.098 DRY	94 109.827 DRY	98 90.540     	 1 91.350     	11 109.197 DRY	81 110.020 DRY	41 109.955 DRY	20 91.073     	 2 90.493     	22 91.117     	21 92.004     	 5 91.867     	
Lap 49	30 88.868     	47 90.479     	29 108.372 DRY	42 89.832     	53 91.556     	31 91.158     	80 108.871 DRY	 4 108.945 DRY	44 91.256     	 3 91.389     	19 90.958     	74 90.378     	94 90.642     	98 92.070     	 1 90.750     	11 89.601     	41 90.814     	81 91.067     	20 91.210     	 2 90.340     	22 91.021     	21 92.041     	 5 92.292     	
Lap 50	30 88.815     	29 89.584     	42 89.815     	47 109.300 DRY	80 90.059     	 4 90.094     	53 107.967 DRY	 3 91.870     	74 90.090     	94 90.512     	31 108.937 DRY	11 89.768     	44 109.935 DRY	19 109.666 DRY	81 90.694     	41 91.052     	98 108.561 DRY	 1 109.470 DRY	 2 90.899     	20 92.621     	22 91.310     	21 110.180 DRY	 5 91.806     	
Lap 51	30 88.780     	29 88.829     	42 90.485     	47 89.028     	80 89.893     	 4 89.439     	53 88.926     	74 89.703     	 3 91.592     	94 90.387     	31 90.760     	11 90.163     	44 90.431     	19 89.513     	81 90.318     	41 90.251     	98 90.325     	 1 91.027     	 2 91.003     	20 109.042 DRY	22 110.622 DRY	21 90.748     	 5 92.187     	
Lap 52	29 88.889     	30 108.153 DRY	47 88.908     	42 108.418 DRY	80 90.146     	 4 90.519     	53 90.808     	74 89.444     	94 89.069     	31 89.774     	11 89.251     	19 90.089     	44 90.675     	 3 109.380 DRY	41 90.045     	81 90.803     	98 89.810     	 1 91.017     	 2 90.763     	20 90.842     	22 91.020     	21 90.344     	 5 91.975     	
Lap 53	29 88.411     	30 89.421     	47 89.316     	42 88.805     	80 90.212     	53 88.742     	 4 90.120     	74 89.919     	94 89.970     	31 89.389     	11 89.927     	19 90.616     	44 90.934     	 3 90.267     	41 90.472     	81 91.118     	98 90.961     	 1 90.978     	 2 91.025     	20 90.566     	22 90.874     	21 90.474     	 5 93.435     	
Lap 54	29 88.735     	30 89.194     	47 89.349     	42 88.652     	80 89.716     	53 89.976     	 4 89.773     	74 89.661     	94 89.678     	31 89.365     	11 89.776     	19 90.211     	44 90.992     	41 89.665     	 3 90.145     	81 90.862     	98 91.022     	 1 91.117     	 2 90.802     	20 90.082     	22 90.169     	21 90.768     	 5 92.185     	
Lap 55	29 89.089     	30 88.889     	47 89.643     	42 89.119     	53 89.816     	80 90.218     	 4 90.036     	74 89.572     	94 89.752     	31 89.750     	11 89.306     	19 89.616     	 3 90.235     	44 90.990     	41 91.131     	81 90.979     	98 90.376     	 1 91.250     	 2 91.427     	20 90.791     	22 90.254     	21 90.755     	 5 92.728     	
Lap 56	29 88.554     	30 88.364     	47 89.641     	42 88.805     	53 89.720     	80 89.842     	 4 90.332     	74 89.432     	94 89.728     	31 89.418     	11 89.894     	19 89.405     	 3 90.599     	41 90.174     	44 90.965     	81 90.268     	98 91.011     	 1 91.170     	 2 90.965     	20 90.303     	22 90.064     	21 90.811     	 5 94.129     	
Lap 57	29 89.295     	30 89.350     	47 89.622     	42 88.893     	53 89.804     	80 89.857     	 4 89.801     	74 89.302     	94 91.003     	31 91.290     	11 89.836     	19 90.266     	 3 90.264     	41 90.824     	44 90.412     	81 89.655     	98 89.902     	 1 90.843     	 2 90.844     	20 90.249     	22 90.221     	21 90.632     	 5 92.456     	
Lap 58	29 88.923     	30 89.004     	47 88.890     	42 89.170     	80 89.795     	 4 89.574     	53 90.563     	74 90.043     	94 89.554     	31 90.172     	11 91.427     	19 89.916     	 3 90.483     	41 91.078     	81 90.080     	44 91.148     	98 90.066     	 1 90.945     	 2 91.436     	20 90.494     	22 90.151     	21 91.077     	 5 92.150     	
Lap 59	29 89.214     	30 89.383     	47 89.770     	42 89.371     	80 90.263     	 4 89.985     	53 91.021     	74 89.871     	94 89.263     	31 89.489     	11 89.954     	19 90.135     	 3 90.051     	81 90.548     	44 90.640     	41 91.011     	98 90.378     	 1 91.203     	 2 91.453     	20 90.737     	22 90.548     	21 90.674     	 5 92.933     	
Lap 60	29 88.931     	30 89.103     	47 88.904     	42 89.480     	 4 89.860     	53 89.052     	80 90.624     	74 89.475     	94 89.526     	31 90.281     	11 90.104     	19 90.206     	 3 89.344     	44 90.747     	81 91.064     	41 91.452     	98 91.425     	 1 90.134     	 2 90.965     	20 90.523     	22 90.819     	21 91.375     	 5 92.496     	
Lap 61	29 88.674     	30 88.679     	47 89.430     	42 89.379     	80 89.539     	 4 90.032     	53 90.774     	74 89.384     	94 89.346     	31 90.174     	11 89.832     	19 90.242     	 3 89.382     	44 90.685     	81 90.833     	41 90.862     	98 91.479     	 1 89.983     	 2 90.600     	20 90.461     	22 90.913     	21 91.065     	 5 92.719     	
Lap 62	29 89.506     	30 88.623     	47 89.892     	42 88.984     	80 90.056     	53 89.102     	 4 90.420     	74 89.790     	94 89.834     	31 90.120     	11 90.337     	19 89.892     	 3 89.613     	44 90.760     	81 90.584     	41 90.719     	98 89.840     	 1 90.285     	 2 90.275     	20 91.006     	22 90.281     	21 90.609     	 5 92.570     	
Lap 63	29 88.840     	30 89.411     	47 89.866     	42 88.960     	80 90.793     	53 90.784     	 4 90.582     	74 90.110     	94 90.345     	31 90.357     	11 89.874     	19 90.485     	 3 90.059     	44 90.764     	81 91.282     	41 90.952     	98 91.721     	 1 89.886     	 2 91.129     	20 91.203     	22 90.425     	21 90.972     	 5 92.963     	
Lap 64	29 89.733     	30 88.749     	47 89.331     	42 89.832     	 4 89.853     	53 90.785     	80 90.835     	74 90.333     	94 89.503     	31 90.052     	11 89.690     	19 89.840     	 3 90.238     	44 90.741     	81 90.594     	41 91.160     	98 90.374     	 1 89.876     	 2 90.670     	20 90.732     	22 91.159     	21 91.202     	 5 92.311     	
Lap 65	29 89.394     	30 89.151     	47 89.959     	42 89.038     	 4 90.602     	80 90.512     	53 90.599     	74 89.625     	94 89.801     	31 90.241     	11 90.694     	19 90.075     	 3 89.739     	44 90.642     	81 90.782     	41 91.276     	98 91.470     	 1 90.045     	 2 90.406     	20 90.863     	22 91.168     	21 91.055     	 5 92.556     	
Lap 66	29 89.095     	30 89.504     	47 89.807     	42 89.077     	 4 90.734     	80 90.411     	53 91.590     	74 90.216     	94 90.049     	31 89.808     	11 90.368     	19 90.374     	 3 89.934     	44 91.332     	81 90.698     	41 91.576     	98 91.652     	 1 90.838     	 2 91.186     	20 90.717     	22 91.374     	21 91.247     	 5 92.761     	
Lap 67	29 89.576     	30 89.386     	47 89.297     	42 89.576     	 4 90.586     	80 90.442     	53 89.941     	74 89.936     	94 90.316     	31 90.534     	11 90.648     	19 90.778     	 3 89.712     	44 91.038     	81 91.040     	41 90.938     	 1 90.209     	98 91.890     	 2 91.221     	20 91.084     	22 90.879     	21 90.772     	 5 92.627     	
Lap 68	29 89.135     	30 88.950     	47 89.410     	42 89.753     	 4 90.603     	80 90.678     	53 91.409     	74 89.781     	94 89.684     	31 89.768     	11 90.322     	19 91.468     	 3 91.406     	81 91.276     	44 91.459     	41 90.123     	 1 91.734     	98 91.969     	 2 90.768     	20 91.260     	22 91.192     	21 91.039     	 5 92.486     	
Lap 69	29 89.290     	30 88.965     	47 89.906     	42 89.997     	80 90.543     	 4 91.050     	53 89.726     	74 90.549     	94 90.242     	31 89.751     	11 90.580     	 3 91.031     	19 91.156     	44 90.969     	81 91.817     	41 90.701     	 1 91.801     	98 91.409     	20 90.784     	 2 108.771 DRY	22 90.640     	21 91.384     	 5 93.452     	
Lap 70	29 89.479     	30 89.600     	47 90.238     	42 89.596     	 4 90.558     	80 91.000     	53 91.484     	74 90.222     	94 90.247     	31 90.066     	11 90.152     	 3 90.750     	19 91.117     	44 91.792     	41 91.336     	81 91.488     	 1 91.118     	98 91.904     	20 90.649     	 2 90.982     	22 91.453     	21 91.280     	 5 92.695     	
Lap 71	29 89.638     	30 89.824     	47 89.399     	42 89.399     	80 90.629     	 4 91.406     	53 90.307     	74 89.896     	94 90.214     	31 90.225     	11 90.955     	 3 90.933     	19 90.934     	44 91.334     	41 91.285     	81 91.380     	 1 90.503     	98 91.127     	20 90.889     	 2 91.443     	22 92.336     	21 91.359     	 5 111.356 DRY	
Lap 72	29 89.325     	30 89.579     	47 89.988     	42 89.655     	80 90.735     	 4 91.444     	53 91.153     	94 90.560     	31 90.239     	74 108.366 DRY	11 90.355     	19 90.486     	 3 91.578     	41 91.484     	44 91.941     	81 91.831     	 1 90.540     	98 90.397     	20 91.237     	 2 89.724     	22 91.550     	21 91.347     	 5 92.728     	
Lap 73	29 90.148     	30 89.284     	47 90.226     	42 89.855     	80 89.979     	 4 91.571     	53 91.903     	31 90.979     	74 89.640     	94 108.917 DRY	11 90.887     	 3 91.285     	19 92.102     	44 91.840     	41 91.961     	 1 90.979     	98 90.631     	81 109.127 DRY	20 91.696     	 2 90.391     	22 91.155     	21 92.070     	 5 92.569     	
Lap 74	29 90.371     	30 90.002     	47 89.954     	42 89.804     	80 90.765     	53 91.370     	74 89.685     	 4 108.628 DRY	94 89.568     	31 109.205 DRY	19 90.973     	 3 91.526     	11 108.604 DRY	 1 92.159     	81 89.882     	44 109.849 DRY	41 110.256 DRY	98 109.146 DRY	 2 91.225     	20 91.986     	22 91.302     	21 110.677 DRY	 5 92.382     	
Lap 75	29 90.357     	30 90.105     	47 89.764     	42 90.238     	80 90.344     	74 89.529     	 4 89.679     	53 108.997 DRY	94 89.500     	31 89.452     	19 91.525     	 3 92.070     	11 90.373     	81 89.320     	44 90.824     	41 90.573     	98 90.409     	 1 109.279 DRY	 2 90.662     	22 91.739     	20 110.906 DRY	21 91.400     	 5 92.579     	
Lap 76	29 90.504     	30 108.129 DRY	42 90.134     	47 108.093 DRY	74 89.638     	80 108.934 DRY	 4 89.525     	94 89.784     	53 90.056     	31 89.756     	11 89.683     	 3 109.854 DRY	19 112.124 DRY	81 89.489     	44 90.627     	41 90.902     	98 90.593     	 1 91.471     	 2 90.361     	22 91.836     	20 90.611     	21 91.146     	 5 92.638     	
Lap 77	29 90.310     	30 90.218     	42 91.172     	47 89.234     	74 90.290     	80 90.088     	 4 89.769     	53 90.774     	94 90.827     	31 89.522     	11 89.479     	 3 90.206     	19 89.559     	81 90.042     	44 90.237     	41 90.313     	98 91.159     	 1 90.317     	 2 89.903     	20 90.154     	22 110.672 DRY	21 90.282     	 5 91.955     	
Lap 78	29 108.831 DRY	30 88.854     	42 90.693     	47 89.069     	 4 89.708     	74 90.306     	80 90.166     	53 89.951     	94 90.163     	31 89.981     	11 89.225     	 3 90.131     	19 90.098     	81 89.907     	44 90.650     	41 90.664     	98 91.064     	 1 90.746     	 2 91.325     	20 90.825     	22 90.536     	21 90.824     	 5 91.803     	
Lap 79	29 89.048     	30 88.451     	47 89.508     	42 108.124 DRY	74 90.061     	80 89.981     	 4 90.470     	53 90.463     	94 90.332     	31 90.038     	11 89.948     	19 89.752     	 3 90.703     	81 90.198     	44 90.442     	41 90.507     	98 90.882     	 1 90.901     	 2 90.364     	20 90.196     	22 90.525     	21 90.359     	 5 91.909     	
Lap 80	29 88.612     	30 88.778     	47 89.194     	42 88.833     	 4 89.447     	74 90.071     	80 90.174     	53 89.850     	94 89.985     	31 89.685     	11 89.319     	19 90.357     	 3 91.245     	81 90.195     	41 90.216     	44 91.013     	98 90.883     	 1 91.271     	 2 91.036     	20 91.014     	22 90.327     	21 90.746     	 5 92.708     	

-- OFFICIAL RESULTS --
Pos	#No	Driver						Team					Time		Diff		Pits	Best
01	#29	ALU	Sago Aludetsei			Dotruga Formula Racing	2:0:10.502	-0.000		3		88.411
02	#30	WIS	Josh Wise				BONGATAR				2:0:14.389	-3.887		4		88.364
03	#47	PAV	ketila léqa pavúteka	Team Solea Racing		2:0:31.602	-21.101		3		88.724
04	#42	OOS	Frank Oosterhout		Cows Go Moo Racing		2:0:37.151	-26.649		3		88.652
05	# 4	BLA	Zaku Blaxon				Team Blaland Racing		2:1:17.104	-66.602		3		89.439
06	#74	KON	Bařàsiz Konoca			Team Diigikwk Racers	2:1:17.336	-66.834		3		89.214
07	#80	AYA	Ifloenne é Aya			Team V.V. Imperial		2:1:17.530	-67.029		3		89.188
08	#53	TÀC	Ešuro Tàcràɰë			Team Diigikwk Racers	2:1:21.716	-71.214		3		88.742
09	#94	NES	At'ipi Nesbeksë			Team Diigikwk Racers	2:1:21.950	-71.448		3		89.069
10	#31	ŠAŊ	xap'ít celentir šaŋév	Team Solea Racing		2:1:25.413	-74.911		3		89.365
11	#11	KEG	Tuto Keget				Dotruga Formula Racing	2:1:40.423	-89.922		3		89.225
12	#19	ZAI	khélok atep zailunaɰ	Team Solea Racing		2:1:55.257	-104.755	3		89.276
13	# 3	BOB	Bob						BONGATAR				2:1:56.397	-105.895	3		89.156
14	#81	KÆR	Lyǽs Kæræsekæræn		Team V.V. Imperial		2:2:00.561	-110.060	3		89.318
15	#41	CAN	Olga Candy				Cows Go Moo Racing		2:2:07.349	-116.847	3		89.665
16	#44	KAX	Kaxon Kaxutak			Team Blaland Racing		2:2:07.552	-117.050	3		90.237
17	#98	MOT	Gorga Motxev			Dotruga Formula Racing	2:2:10.307	-119.805	3		89.403
18	# 1	ROT	Robbie Rotten			Team V.V. Imperial		2:2:11.027	-120.526	3		89.558
19	# 2	HID	Body Hide				BONGATAR				2:2:11.452	-120.950	3		89.724
20	#20	MAC	Mac						Team Vincent			2:2:31.605	-141.103	3		90.082
21	#22	PHI	Philipe					Team Vincent			2:2:37.825	-147.323	3		90.064
22	#21	ORS	Orson					Team Vincent			2:2:43.460	-152.958	3		90.246
23	# 5	NOX	Naxan Noxokolonaxon		Team Blaland Racing		2:4:13.847	-243.346	3		91.741
24	#69	SAN	Marisa Sanchez			Cows Go Moo Racing		RETIRED		DNF			0		90.695

-- RACE INCIDENT REPORT --
Marisa Sanchez crashed out while attempting an overtake on lap 3.
Naxan Noxokolonaxon made a mistake while attempting an overtake on lap 5.
Lyǽs Kæræsekæræn made a mistake while attempting an overtake on lap 7.
Gorga Motxev made a mistake while attempting an overtake on lap 17.
Bařàsiz Konoca made a mistake while attempting an overtake on lap 21.
Josh Wise made a pit stop to repair damage caused by a large incident on lap 52.
Naxan Noxokolonaxon made a mistake while attempting an overtake on lap 53.
Naxan Noxokolonaxon made a mistake while attempting an overtake on lap 56.
Tuto Keget made a mistake on lap 58.
khélok atep zailunaɰ made a mistake while attempting an overtake on lap 76.
