-- LAP TIMES --
Lap 0	29 0.000     	42 0.000     	47 0.100     	30 0.100     	31 0.200     	 4 0.200     	81 0.300     	74 0.300     	19 0.400     	98 0.400     	80 0.500     	53 0.500     	41 0.600     	94 0.600     	69 0.700     	 3 0.700     	 1 0.800     	44 0.800     	 2 0.900     	20 0.900     	11 1.000     	22 1.000     	21 1.100     	 5 1.100     	
Lap 1	29 88.295     	30 88.315     	47 88.779     	 4 88.721     	42 88.946     	74 88.752     	31 88.999     	94 88.773     	98 89.209     	41 89.031     	81 89.383     	44 88.962     	53 89.311     	69 89.148     	19 89.454     	80 89.432     	11 88.956     	 3 89.390     	 1 89.489     	 2 89.726     	20 89.892     	21 89.725     	22 89.851     	 5 90.123     	
Lap 2	30 88.346     	29 89.137     	 4 88.666     	47 89.175     	42 89.135     	80 88.507     	31 89.416     	94 89.286     	74 89.614     	41 89.057     	19 88.911     	81 89.166     	44 89.192     	98 89.484     	53 89.388     	11 89.296     	 3 89.268     	 1 89.187     	69 89.790     	22 89.485     	 2 89.967     	21 89.829     	20 90.046     	 5 90.678     	
Lap 3	30 88.936     	29 88.821     	47 88.430     	 4 89.126     	80 88.808     	42 89.184     	74 88.784     	41 88.777     	94 88.856     	19 88.857     	44 88.979     	31 89.587     	98 89.401     	11 89.282     	81 89.701     	53 89.388     	69 89.451     	 3 89.846     	 1 89.910     	20 107.802 WET	21 108.574 WET	22 108.920 WET	 2 108.760 WET	 5 109.063 WET	
Lap 4	30 107.815 WET	47 107.380 WET	29 107.669 WET	 4 107.561 WET	74 107.452 WET	44 107.002 WET	94 107.653 WET	80 107.957 WET	42 108.024 WET	41 108.405 WET	53 107.722 WET	31 108.225 WET	19 109.183 WET	 1 107.495 WET	81 108.483 WET	98 108.698 WET	 3 108.497 WET	11 109.345 WET	69 108.817 WET	20 91.783     	21 91.637     	22 91.771     	 2 92.442     	 5 92.806     	
Lap 5	30 90.043     	47 90.106     	29 90.699     	 4 90.779     	80 90.172     	42 90.454     	94 90.807     	74 91.435     	44 91.711     	41 90.912     	19 90.817     	53 91.334     	31 91.696     	98 91.062     	81 91.437     	 1 91.887     	 3 91.090     	11 90.934     	69 91.449     	22 90.959     	21 91.221     	20 91.802     	 2 91.655     	 5 92.679     	
Lap 6	30 90.384     	47 90.220     	29 90.554     	 4 90.827     	42 90.242     	80 90.783     	74 90.362     	94 91.164     	44 90.566     	41 91.321     	53 90.653     	19 91.070     	81 90.673     	31 91.360     	98 91.560     	11 91.006     	 1 91.265     	69 90.792     	 3 91.400     	22 91.617     	21 91.778     	 2 90.509     	20 91.738     	 5 92.474     	
Lap 7	30 89.789     	47 90.561     	29 90.436     	42 90.360     	 4 91.017     	80 90.800     	74 90.458     	44 90.666     	94 91.010     	53 90.632     	19 90.416     	41 91.209     	81 91.327     	31 91.049     	11 90.900     	98 91.492     	 3 91.309     	 1 91.629     	69 91.547     	22 91.681     	21 91.754     	20 91.661     	 2 91.792     	 5 92.635     	
Lap 8	30 89.227     	47 90.304     	29 90.656     	80 90.160     	42 90.877     	 4 90.557     	74 91.197     	44 90.702     	94 90.854     	53 90.391     	19 91.117     	41 91.095     	31 90.602     	81 90.668     	11 91.449     	98 90.890     	69 90.839     	 3 91.485     	 1 91.638     	22 91.552     	20 91.442     	 2 91.863     	21 92.026     	 5 92.094     	
Lap 9	30 89.712     	47 89.174     	29 90.588     	42 90.366     	 4 90.151     	80 90.601     	74 90.403     	94 90.523     	44 91.094     	53 90.575     	19 91.300     	41 91.207     	81 90.746     	31 91.275     	11 90.825     	 3 90.820     	98 91.672     	69 91.447     	 1 90.770     	20 91.014     	22 91.310     	 2 91.807     	21 91.815     	 5 92.437     	
Lap 10	30 89.125     	47 89.878     	29 90.214     	80 90.033     	42 90.247     	 4 90.296     	74 91.269     	44 90.940     	94 91.129     	53 91.310     	41 90.972     	19 91.094     	31 90.701     	81 91.263     	11 91.217     	98 90.937     	69 91.024     	 1 91.066     	 3 91.371     	22 91.143     	20 91.304     	21 91.422     	 2 92.199     	 5 92.446     	
Lap 11	30 88.830     	47 89.640     	29 90.005     	80 90.083     	 4 90.776     	42 90.996     	74 90.571     	94 90.430     	44 91.482     	53 91.042     	19 91.110     	41 91.549     	31 91.138     	81 91.634     	69 90.859     	98 91.066     	11 91.711     	 1 90.958     	 3 91.325     	22 91.229     	20 91.299     	21 91.996     	 2 92.071     	 5 92.575     	
Lap 12	30 89.275     	47 89.368     	29 90.376     	80 90.687     	42 90.234     	 4 90.773     	74 90.587     	94 90.528     	44 91.560     	53 91.500     	19 90.743     	81 90.828     	41 91.523     	31 91.481     	 1 91.023     	11 91.482     	69 91.760     	98 91.750     	 3 91.372     	22 91.573     	20 91.531     	21 91.763     	 2 91.927     	 5 92.098     	
Lap 13	30 89.576     	47 89.154     	29 89.232     	80 90.154     	42 90.371     	 4 90.491     	94 90.471     	74 91.133     	53 90.839     	44 91.115     	19 91.133     	41 90.753     	81 91.415     	31 91.477     	 1 91.112     	11 91.463     	69 91.361     	98 91.739     	 3 91.576     	22 91.387     	20 91.711     	21 92.060     	 2 92.010     	 5 92.326     	
Lap 14	30 89.737     	47 89.916     	29 89.097     	80 90.551     	42 91.167     	 4 90.864     	74 90.451     	94 90.996     	53 90.925     	44 91.448     	19 91.445     	41 91.574     	31 91.068     	81 91.422     	 1 91.459     	11 91.116     	69 91.015     	98 90.955     	 3 91.839     	20 91.242     	22 91.707     	21 92.098     	 2 91.723     	 5 92.728     	
Lap 15	30 89.010     	47 90.021     	29 89.900     	80 89.408     	 4 90.053     	42 91.098     	94 90.913     	74 92.658     	53 90.502     	44 91.123     	19 91.192     	41 90.858     	31 90.769     	81 91.470     	 1 91.574     	69 91.573     	11 91.607     	98 91.436     	 3 92.110     	22 91.365     	20 91.974     	21 91.957     	 2 92.324     	 5 92.386     	
Lap 16	30 89.837     	47 89.287     	29 89.528     	80 89.467     	 4 90.342     	42 90.255     	94 90.396     	74 91.391     	53 91.598     	44 91.230     	19 91.487     	31 90.982     	41 91.239     	81 91.540     	 1 91.112     	11 91.453     	69 91.792     	98 91.640     	 3 91.048     	22 91.231     	20 92.208     	21 92.372     	 2 92.449     	 5 92.200     	
Lap 17	30 89.024     	47 89.972     	29 89.752     	80 89.903     	42 89.816     	 4 91.102     	94 90.028     	74 91.219     	53 91.229     	44 91.300     	19 91.023     	41 90.972     	31 91.427     	81 91.751     	11 91.351     	 1 92.070     	 3 90.187     	69 91.372     	98 92.225     	22 91.140     	20 91.137     	21 91.999     	 2 91.760     	 5 92.476     	
Lap 18	30 89.631     	47 89.710     	29 89.660     	80 89.533     	 4 90.353     	42 91.270     	94 89.851     	74 91.211     	53 91.540     	44 90.839     	19 90.874     	41 91.896     	31 91.873     	81 90.336     	11 91.357     	69 91.056     	 1 91.373     	 3 91.945     	98 91.634     	22 90.548     	20 91.387     	21 92.072     	 2 92.281     	 5 93.058     	
Lap 19	30 89.347     	47 89.472     	29 90.000     	80 90.120     	 4 90.536     	42 90.354     	94 89.806     	74 90.267     	44 91.101     	53 91.520     	19 90.526     	31 91.124     	41 91.895     	81 91.584     	69 91.808     	11 91.931     	 1 92.034     	98 90.948     	 3 92.013     	22 90.589     	20 90.864     	21 92.488     	 2 92.103     	 5 92.473     	
Lap 20	30 89.427     	47 89.823     	29 89.306     	80 90.257     	42 90.931     	 4 91.195     	94 91.229     	74 90.417     	53 90.850     	44 91.340     	19 91.002     	41 91.194     	31 91.629     	81 91.211     	69 91.576     	11 91.863     	 1 91.743     	98 91.862     	 3 92.293     	22 91.298     	20 90.928     	21 92.336     	 2 92.628     	 5 93.036     	
Lap 21	30 89.997     	47 90.031     	29 89.386     	80 90.199     	 4 90.459     	42 90.650     	94 90.614     	74 89.965     	53 91.054     	19 90.714     	44 90.955     	41 91.385     	81 91.119     	31 91.770     	69 91.295     	11 91.585     	 1 92.253     	22 91.034     	 3 91.890     	20 90.931     	98 95.173     	21 92.396     	 2 91.864     	 5 92.791     	
Lap 22	30 89.135     	47 89.805     	29 90.025     	80 89.415     	 4 90.526     	42 91.067     	94 90.568     	74 90.330     	53 91.078     	44 91.495     	19 92.913     	41 91.416     	81 91.456     	31 91.419     	69 92.077     	11 91.511     	 1 92.040     	22 92.120     	 3 92.205     	20 91.878     	98 92.281     	21 91.936     	 2 92.877     	 5 92.584     	
Lap 23	30 89.778     	47 90.141     	29 89.898     	80 90.181     	 4 91.108     	42 90.794     	94 91.280     	74 90.917     	53 91.401     	19 90.534     	44 91.914     	31 91.134     	81 91.857     	41 91.932     	11 91.971     	69 92.153     	 1 92.065     	22 92.174     	 3 92.230     	20 91.059     	98 90.506     	21 91.638     	 2 91.038     	 5 93.211     	
Lap 24	30 89.870     	47 89.865     	29 89.764     	80 89.959     	 4 91.385     	42 91.593     	94 91.045     	74 90.208     	53 90.276     	19 91.412     	44 91.637     	31 91.171     	41 91.035     	81 91.437     	69 91.418     	11 91.600     	 1 92.124     	22 91.556     	 3 91.675     	20 92.508     	98 92.498     	21 92.366     	 2 92.349     	 5 93.270     	
Lap 25	30 89.382     	47 90.341     	29 89.607     	80 89.942     	 4 91.161     	42 91.310     	94 91.313     	74 90.839     	53 90.683     	19 91.868     	44 91.519     	41 91.450     	31 92.181     	81 91.577     	69 92.004     	11 92.493     	22 91.804     	 1 92.049     	 3 92.183     	20 92.009     	98 92.080     	21 92.080     	 2 92.595     	 5 92.580     	
Lap 26	30 89.492     	47 90.031     	29 89.309     	80 89.747     	 4 90.715     	42 91.269     	94 91.185     	74 90.606     	53 90.626     	19 91.661     	44 92.132     	41 91.918     	81 91.629     	31 91.666     	69 92.107     	11 92.400     	 1 91.744     	22 92.321     	 3 91.760     	20 92.130     	98 92.495     	21 91.474     	 2 91.475     	 5 92.790     	
Lap 27	30 89.356     	47 89.863     	29 89.654     	80 90.366     	 4 90.682     	42 91.795     	94 91.587     	74 90.763     	53 90.565     	19 91.384     	44 91.996     	81 91.558     	41 92.311     	31 92.092     	69 92.389     	11 91.942     	 1 91.839     	22 92.586     	 3 92.390     	20 91.785     	98 92.461     	21 91.102     	 2 111.382 WET	 5 111.598 WET	
Lap 28	30 90.114     	47 89.749     	29 90.289     	80 90.424     	 4 90.460     	42 91.544     	74 90.802     	94 91.822     	53 90.741     	19 90.294     	44 90.915     	81 91.777     	31 92.166     	41 92.204     	11 91.752     	69 92.531     	 1 91.805     	22 91.961     	 3 91.833     	20 91.099     	98 91.616     	21 91.953     	 2 90.939     	 5 91.982     	
Lap 29	30 89.536     	47 90.179     	29 90.242     	80 89.959     	 4 89.979     	94 91.508     	74 91.963     	53 90.953     	19 90.738     	44 90.686     	41 91.947     	31 92.469     	42 110.359 WET	11 92.613     	20 90.973     	22 92.008     	21 91.538     	81 111.215 WET	69 111.546 WET	 1 112.190 WET	 3 111.414 WET	98 110.074 WET	 2 90.997     	 5 92.361     	
Lap 30	30 89.516     	47 90.060     	29 89.787     	80 90.384     	 4 90.034     	74 90.953     	94 91.153     	53 90.607     	19 91.265     	44 91.012     	31 92.609     	42 90.058     	20 92.364     	22 91.932     	81 90.003     	21 91.966     	41 111.023 WET	69 90.141     	 1 91.319     	11 111.672 WET	 3 90.912     	98 90.874     	 2 90.288     	 5 92.019     	
Lap 31	30 89.657     	47 90.166     	29 89.555     	80 89.764     	 4 90.371     	74 91.667     	94 92.009     	53 91.242     	19 90.706     	44 90.941     	42 90.647     	20 92.529     	81 90.723     	41 90.146     	31 111.312 WET	69 90.268     	 1 91.223     	98 90.404     	 3 91.244     	11 91.808     	22 112.074 WET	 2 90.823     	21 111.582 WET	 5 92.187     	
Lap 32	30 89.858     	29 89.866     	47 91.648     	80 90.651     	 4 90.636     	53 90.729     	19 90.977     	44 91.332     	42 89.925     	94 110.761 WET	74 111.897 WET	20 91.689     	81 89.741     	41 90.194     	31 90.754     	69 89.845     	11 90.455     	 1 91.268     	 3 91.188     	98 91.626     	22 90.284     	 2 91.063     	21 91.166     	 5 92.708     	
Lap 33	30 90.030     	29 90.308     	47 90.170     	80 90.464     	 4 90.061     	42 89.930     	74 90.579     	53 110.088 WET	94 95.018     	19 109.945 WET	44 110.452 WET	81 90.463     	41 89.767     	69 91.012     	31 91.286     	11 90.985     	 1 91.324     	98 90.861     	 3 91.512     	22 90.571     	20 110.951 WET	 2 91.071     	21 90.936     	 5 92.713     	
Lap 34	30 89.551     	29 90.945     	47 90.722     	80 90.298     	 4 90.826     	42 90.152     	74 89.492     	53 89.954     	94 90.302     	19 90.473     	44 91.264     	81 91.295     	41 90.481     	69 90.765     	31 91.283     	11 90.879     	22 90.329     	 1 91.498     	98 91.572     	 3 91.438     	20 90.917     	 2 90.896     	21 91.166     	 5 92.758     	
Lap 35	30 89.705     	29 91.003     	80 90.286     	47 110.037 WET	 4 90.654     	42 90.002     	74 89.559     	53 90.299     	94 89.555     	19 89.729     	44 90.555     	81 90.923     	41 90.212     	69 91.582     	31 91.530     	11 91.269     	22 90.975     	 1 90.914     	98 91.331     	 3 91.401     	20 90.994     	 2 90.629     	21 90.941     	 5 92.518     	
Lap 36	30 89.734     	29 90.547     	80 90.729     	 4 90.500     	47 90.951     	42 90.187     	74 89.677     	53 89.854     	94 90.144     	19 90.229     	44 90.148     	41 90.638     	81 91.364     	69 91.392     	31 90.960     	11 90.908     	 1 91.519     	22 91.725     	98 90.996     	 3 91.836     	20 90.518     	 2 90.666     	21 90.852     	 5 92.244     	
Lap 37	30 90.105     	29 90.394     	80 90.565     	47 89.649     	 4 110.222 WET	42 90.145     	74 90.344     	53 90.085     	94 90.176     	19 90.052     	44 89.776     	41 90.868     	81 91.302     	31 90.941     	69 91.223     	11 90.664     	 1 91.034     	20 90.590     	22 91.850     	98 91.814     	 3 90.978     	 2 90.492     	21 90.514     	 5 92.450     	
Lap 38	29 90.378     	30 110.310 WET	47 89.007     	80 108.896 WET	 4 90.099     	42 90.145     	74 89.554     	53 89.881     	94 89.958     	19 89.998     	44 90.148     	41 91.223     	81 91.074     	31 91.469     	69 91.699     	11 90.929     	 1 91.011     	22 91.320     	98 91.329     	20 91.539     	 3 91.981     	 2 90.989     	21 90.351     	 5 92.656     	
Lap 39	29 90.773     	30 89.903     	47 89.040     	80 89.775     	 4 89.852     	42 90.261     	74 89.901     	53 89.785     	94 89.589     	19 89.961     	44 89.895     	41 91.132     	81 91.254     	31 90.741     	69 91.675     	11 89.998     	 1 90.639     	98 91.146     	22 91.304     	20 91.962     	 3 91.984     	 2 90.573     	21 90.359     	 5 92.719     	
Lap 40	29 90.240     	30 89.324     	47 89.950     	80 89.900     	 4 90.112     	42 90.235     	74 89.565     	53 90.317     	94 89.613     	19 90.128     	44 90.601     	41 91.512     	81 91.644     	31 90.479     	69 91.263     	11 91.183     	 1 90.666     	98 91.324     	22 91.355     	 3 91.958     	 2 90.822     	20 95.295     	21 91.170     	 5 92.589     	
Lap 41	30 89.495     	47 89.255     	29 109.746 WET	80 89.603     	 4 89.633     	42 90.165     	74 89.783     	53 89.907     	94 90.074     	19 89.902     	44 90.290     	41 91.751     	81 91.618     	31 90.295     	69 91.844     	11 91.875     	 1 90.625     	98 91.205     	22 91.272     	 3 90.117     	20 90.904     	 2 92.297     	21 90.884     	 5 92.312     	
Lap 42	30 88.824     	47 89.410     	29 89.495     	80 89.468     	 4 89.907     	42 90.046     	74 89.872     	53 89.609     	94 90.148     	19 89.674     	44 89.824     	41 90.894     	81 91.745     	31 90.530     	69 91.332     	11 91.086     	 1 91.461     	 3 90.476     	98 91.819     	22 91.760     	20 91.246     	 2 92.019     	21 91.288     	 5 92.571     	
Lap 43	30 89.552     	47 89.297     	29 89.577     	80 89.279     	 4 90.081     	42 90.461     	74 89.822     	53 90.239     	94 90.005     	19 90.140     	44 89.811     	41 90.785     	81 90.908     	31 90.702     	69 91.440     	11 91.572     	 1 91.247     	98 91.253     	 3 91.846     	22 91.844     	20 90.492     	 2 91.976     	21 91.729     	 5 92.589     	
Lap 44	30 89.584     	47 89.887     	29 89.004     	80 89.585     	 4 89.980     	42 89.723     	74 90.065     	53 90.012     	94 90.158     	19 90.547     	44 90.529     	41 90.537     	81 90.226     	31 90.828     	69 91.895     	11 91.915     	 1 92.169     	98 91.483     	22 90.962     	 3 92.042     	20 90.953     	 2 91.720     	21 92.105     	 5 93.075     	
Lap 45	30 89.794     	47 89.882     	29 89.519     	80 89.522     	 4 90.213     	42 90.572     	74 90.398     	53 90.299     	94 89.623     	19 90.562     	44 90.127     	41 90.966     	81 90.184     	31 90.696     	69 91.131     	11 92.037     	 1 91.264     	98 91.420     	22 91.564     	 3 92.018     	20 90.812     	 2 92.619     	21 95.550     	 5 92.934     	
Lap 46	30 88.850     	47 89.763     	29 89.027     	80 89.539     	 4 90.264     	42 90.322     	74 90.490     	53 90.082     	94 89.707     	19 90.103     	44 90.754     	41 91.505     	81 91.488     	31 90.667     	69 90.451     	11 91.635     	 1 91.945     	98 91.803     	22 91.741     	20 90.779     	 3 92.039     	 2 90.842     	21 91.157     	 5 93.142     	
Lap 47	30 89.667     	47 89.607     	29 89.125     	80 89.829     	 4 90.088     	42 90.506     	74 89.899     	53 89.935     	94 90.312     	19 90.721     	44 89.975     	41 91.653     	81 91.905     	31 90.976     	69 90.965     	11 91.681     	 1 92.220     	98 91.283     	20 91.320     	22 92.164     	 3 91.984     	 2 91.063     	21 91.326     	 5 92.785     	
Lap 48	30 89.482     	47 90.168     	29 89.380     	80 89.855     	 4 89.502     	42 90.139     	74 90.424     	53 90.628     	94 90.390     	19 90.663     	44 90.348     	41 91.863     	81 91.399     	31 90.266     	69 91.019     	11 90.774     	 1 91.335     	98 90.557     	20 91.359     	22 91.710     	 3 90.900     	 2 91.012     	21 90.854     	 5 92.675     	
Lap 49	30 89.796     	47 89.567     	29 89.427     	80 89.319     	 4 89.894     	42 90.286     	74 90.105     	53 89.785     	94 90.619     	19 89.927     	44 90.054     	41 91.377     	81 91.637     	31 90.605     	69 91.105     	11 90.780     	 1 92.058     	98 92.386     	20 92.141     	22 92.180     	 3 92.723     	 2 91.474     	21 90.844     	 5 93.196     	
Lap 50	30 89.307     	47 89.747     	29 89.825     	80 90.129     	 4 89.468     	42 90.811     	74 90.509     	53 90.249     	94 90.231     	19 90.158     	44 90.644     	81 91.377     	41 92.081     	31 91.677     	69 91.009     	11 91.078     	 1 90.717     	98 90.817     	20 91.973     	22 92.306     	 3 91.242     	 2 91.936     	21 91.019     	 5 93.025     	
Lap 51	30 89.365     	47 89.607     	29 89.288     	80 89.790     	 4 90.120     	42 90.933     	74 89.973     	53 90.193     	94 90.268     	19 89.975     	44 90.126     	81 91.839     	41 91.941     	31 91.446     	69 91.173     	11 90.997     	 1 91.184     	98 90.714     	20 91.572     	22 91.768     	 3 92.538     	 2 91.397     	21 91.327     	 5 92.915     	
Lap 52	30 89.035     	47 89.512     	29 89.312     	80 89.264     	 4 89.658     	42 91.198     	74 91.231     	53 89.849     	94 90.219     	19 90.697     	44 90.711     	81 91.970     	31 91.885     	41 92.306     	69 91.155     	11 90.674     	 1 92.147     	98 92.063     	20 91.705     	22 91.599     	 3 92.209     	 2 91.220     	21 91.626     	 5 112.527 WET	
Lap 53	30 89.823     	47 89.486     	29 89.531     	80 89.947     	 4 89.620     	74 90.683     	42 91.924     	53 90.458     	94 90.206     	19 90.063     	44 90.309     	31 91.875     	81 92.223     	41 91.854     	69 90.725     	11 91.621     	 1 92.479     	98 92.464     	20 92.036     	22 92.426     	 3 91.187     	 2 91.859     	21 90.853     	 5 92.725     	
Lap 54	30 89.734     	47 89.738     	29 89.693     	80 89.856     	 4 90.112     	74 91.100     	42 91.998     	94 90.000     	53 92.362     	19 90.785     	44 90.495     	31 91.828     	41 91.925     	81 92.469     	11 91.616     	 1 92.251     	20 91.005     	22 91.623     	 3 92.423     	 2 91.932     	21 91.803     	69 110.534 WET	98 112.217 WET	 5 91.755     	
Lap 55	30 89.412     	47 89.760     	29 89.453     	80 89.898     	 4 90.497     	74 90.992     	42 91.657     	94 91.742     	53 91.681     	19 90.168     	44 90.803     	31 92.054     	41 92.416     	 1 91.522     	20 91.034     	22 91.422     	 3 91.448     	81 111.915 WET	21 91.179     	69 90.162     	11 110.179 WET	98 90.325     	 2 110.535 WET	 5 91.962     	
Lap 56	30 90.056     	29 89.861     	47 91.308     	80 89.428     	 4 90.222     	74 90.385     	94 91.807     	53 92.205     	19 90.578     	44 90.731     	42 109.683 WET	31 92.140     	41 92.518     	 1 91.356     	20 90.870     	22 90.847     	81 91.071     	69 90.931     	21 92.576     	11 90.387     	98 90.308     	 3 110.599 WET	 2 91.241     	 5 92.215     	
Lap 57	30 89.412     	29 90.516     	47 90.299     	80 89.776     	 4 89.824     	74 90.251     	94 91.922     	53 91.771     	19 90.283     	44 90.849     	42 90.119     	41 91.779     	 1 91.983     	20 91.596     	22 91.440     	31 109.959 WET	81 91.339     	69 90.686     	21 91.929     	11 90.252     	98 90.036     	 3 90.576     	 2 91.085     	 5 92.173     	
Lap 58	30 89.462     	29 90.123     	47 90.702     	80 89.639     	 4 90.089     	74 91.156     	94 91.333     	53 91.106     	19 91.420     	44 90.782     	42 89.527     	41 91.219     	20 91.072     	 1 92.197     	22 91.257     	31 90.676     	69 91.201     	81 91.320     	21 92.269     	11 91.989     	98 89.940     	 3 89.909     	 2 91.176     	 5 91.849     	
Lap 59	30 89.933     	29 89.850     	47 90.168     	80 89.865     	 4 90.623     	74 90.363     	94 91.195     	19 90.670     	53 91.958     	44 91.419     	42 89.977     	20 92.144     	31 90.008     	69 91.317     	81 91.278     	41 111.064 WET	11 91.690     	98 90.597     	 3 89.958     	22 109.978 WET	 1 112.643 WET	 2 90.451     	21 112.019 WET	 5 92.701     	
Lap 60	30 89.285     	29 89.822     	47 90.032     	80 90.186     	 4 90.393     	74 91.126     	94 92.003     	19 91.648     	53 92.730     	44 91.125     	42 89.928     	20 91.709     	31 90.486     	69 90.903     	81 90.885     	41 90.368     	11 90.282     	98 90.370     	 3 90.245     	22 91.942     	 1 91.766     	 2 91.032     	21 91.077     	 5 92.571     	
Lap 61	30 89.813     	29 89.518     	47 89.984     	80 89.595     	 4 90.497     	74 91.280     	53 90.980     	44 90.865     	42 89.700     	19 110.597 WET	94 111.528 WET	31 90.267     	20 91.275     	41 89.773     	69 91.215     	81 91.592     	11 90.311     	98 89.996     	 3 90.102     	22 91.263     	 1 91.148     	 2 91.838     	21 90.369     	 5 92.658     	
Lap 62	30 89.446     	29 89.364     	47 89.947     	80 89.607     	 4 89.862     	74 90.974     	44 91.091     	42 89.551     	19 91.365     	94 90.803     	53 110.090 WET	31 91.395     	20 91.760     	41 90.718     	81 91.150     	69 91.692     	11 90.010     	98 90.759     	 3 90.560     	22 90.919     	 1 91.606     	 2 90.372     	21 91.112     	 5 92.169     	
Lap 63	30 89.405     	29 89.617     	47 89.881     	80 90.156     	 4 90.423     	42 89.970     	74 110.482 WET	19 90.368     	94 90.923     	53 91.801     	44 110.119 WET	31 90.678     	20 91.982     	41 90.539     	81 90.815     	69 90.658     	11 90.363     	98 90.813     	 3 90.781     	22 91.838     	 1 91.702     	 2 91.380     	21 90.850     	 5 92.646     	
Lap 64	30 89.626     	29 90.018     	47 90.058     	80 90.330     	 4 90.756     	42 90.095     	74 90.573     	19 90.623     	94 90.956     	53 92.489     	44 90.658     	31 90.194     	41 90.449     	20 92.137     	81 91.043     	69 91.199     	11 92.054     	98 90.999     	 3 90.073     	22 91.327     	 2 91.339     	 1 91.549     	21 90.500     	 5 92.523     	
Lap 65	30 90.258     	29 89.508     	47 89.985     	80 90.208     	 4 90.350     	42 90.425     	74 89.850     	19 90.578     	94 90.122     	53 90.279     	44 90.247     	31 89.857     	20 92.112     	81 90.810     	69 90.817     	41 93.106     	11 90.475     	98 90.328     	 3 90.187     	22 91.046     	 2 91.981     	 1 91.996     	21 91.113     	 5 92.973     	
Lap 66	30 89.774     	29 89.963     	80 90.358     	47 109.635 WET	 4 90.731     	42 89.698     	74 89.737     	19 90.518     	94 90.319     	53 90.091     	44 89.699     	31 90.462     	81 91.342     	69 91.620     	41 91.647     	11 90.991     	98 90.111     	 3 90.003     	22 90.963     	 2 91.654     	 1 91.783     	20 112.059 WET	21 90.395     	 5 93.015     	
Lap 67	30 90.024     	29 90.211     	80 90.039     	47 89.701     	 4 90.845     	42 90.111     	74 89.763     	19 90.728     	94 91.132     	53 89.534     	44 90.433     	31 90.235     	81 90.910     	69 91.310     	41 91.641     	11 92.178     	98 90.301     	 3 90.726     	22 90.278     	 1 91.387     	 2 92.040     	20 91.092     	21 90.963     	 5 92.893     	
Lap 68	30 90.159     	29 90.390     	80 90.199     	47 89.557     	 4 91.124     	42 89.608     	74 89.811     	19 90.550     	94 90.198     	53 89.437     	44 90.653     	31 90.169     	81 91.688     	69 92.029     	41 91.700     	11 91.437     	98 92.205     	 3 90.613     	22 90.389     	 1 91.319     	 2 91.862     	20 91.734     	21 90.434     	 5 93.087     	
Lap 69	30 89.557     	29 89.965     	80 90.110     	47 89.342     	 4 109.633 WET	42 90.505     	74 90.367     	94 90.565     	19 91.231     	53 91.119     	44 89.686     	31 90.286     	81 90.682     	41 90.911     	69 91.126     	11 91.535     	98 92.259     	 3 90.815     	22 90.757     	 1 91.938     	20 91.009     	 2 92.385     	21 91.953     	 5 93.177     	
Lap 70	30 90.548     	29 89.547     	80 90.566     	47 89.915     	 4 89.536     	42 90.244     	74 90.231     	94 90.616     	19 90.694     	44 89.853     	53 91.940     	31 90.725     	81 90.934     	69 91.173     	41 91.477     	11 90.581     	98 90.752     	 3 90.900     	22 91.093     	20 90.775     	 1 91.209     	 2 91.985     	21 91.932     	 5 92.445     	
Lap 71	30 90.257     	29 89.963     	80 89.994     	47 89.513     	 4 89.578     	42 89.763     	74 90.031     	94 91.287     	19 91.306     	44 90.678     	53 91.288     	31 90.571     	81 90.756     	69 91.365     	41 91.250     	11 91.966     	98 90.379     	 3 90.884     	22 90.390     	20 91.526     	 1 91.438     	21 91.395     	 2 92.163     	 5 93.193     	
Lap 72	30 89.919     	29 89.898     	47 89.667     	80 110.000 WET	 4 89.711     	42 89.924     	74 90.450     	94 90.861     	19 90.634     	44 90.874     	53 90.921     	31 90.238     	81 91.093     	69 91.665     	41 91.836     	11 91.417     	98 92.100     	 3 90.645     	22 90.483     	 1 91.567     	20 91.771     	21 92.229     	 2 92.196     	 5 92.520     	
Lap 73	30 90.787     	29 90.314     	47 89.126     	80 89.317     	 4 90.086     	42 89.742     	74 90.199     	94 90.790     	19 91.568     	44 91.462     	53 91.137     	31 90.403     	81 90.257     	41 91.305     	69 91.939     	11 91.691     	98 91.895     	 3 90.889     	22 91.164     	20 90.868     	 1 92.113     	21 91.843     	 2 92.654     	 5 92.857     	
Lap 74	30 89.910     	29 90.672     	47 89.352     	80 89.603     	 4 90.136     	42 90.732     	74 89.707     	94 89.704     	19 91.472     	44 91.602     	53 91.250     	31 90.998     	81 90.388     	41 91.179     	69 91.848     	11 91.968     	98 91.748     	 3 92.541     	22 91.158     	20 90.685     	 1 91.238     	21 90.650     	 2 91.355     	 5 92.968     	
Lap 75	30 109.513 WET	47 89.230     	29 109.141 WET	80 89.161     	 4 89.406     	42 89.880     	74 90.492     	94 90.034     	19 90.248     	44 91.442     	53 91.792     	31 90.282     	81 91.062     	41 90.585     	69 91.085     	11 91.586     	98 91.485     	 3 91.798     	22 90.743     	20 90.940     	 1 91.142     	21 91.404     	 2 91.733     	 5 111.964 WET	
Lap 76	30 89.067     	47 89.626     	29 89.827     	80 89.117     	 4 90.213     	42 90.599     	74 89.963     	94 90.428     	19 90.126     	44 91.145     	53 91.615     	31 90.582     	81 90.532     	41 90.561     	69 90.670     	11 92.216     	98 91.773     	 3 91.317     	22 90.798     	20 90.632     	 1 90.897     	21 91.334     	 2 91.114     	 5 92.441     	
Lap 77	30 88.924     	47 89.651     	29 89.701     	80 89.541     	 4 89.515     	42 90.316     	74 90.070     	94 89.830     	19 90.830     	44 90.618     	53 89.934     	31 90.918     	81 90.619     	41 90.872     	11 92.570     	 3 91.914     	22 91.228     	20 90.416     	 1 90.816     	69 109.995 WET	21 91.573     	98 111.053 WET	 2 110.295 WET	 5 110.156 DRY	
Lap 78	30 89.000     	47 90.153     	29 89.322     	80 90.042     	 4 89.480     	42 90.560     	74 89.930     	94 90.287     	19 90.262     	44 91.691     	53 91.498     	31 90.950     	41 90.576     	81 109.965 WET	11 111.071 DRY	 3 110.671 DRY	22 110.275 DRY	20 108.771 DRY	69 109.801 DRY	 1 110.772 DRY	21 109.838 DRY	98 108.979 DRY	 2 109.865 DRY	 5 90.185     	
Lap 79	30 89.073     	47 89.765     	29 89.451     	80 89.941     	 4 108.093 DRY	42 109.729 DRY	74 108.519 DRY	94 108.646 DRY	19 109.791 DRY	44 109.578 DRY	53 109.661 DRY	31 109.788 DRY	41 109.542 DRY	 3 89.489     	11 89.665     	22 89.213     	81 109.203 DRY	20 89.515     	69 89.786     	 1 89.866     	21 89.798     	98 90.358     	 2 89.475     	 5 90.009     	
Lap 80	30 108.383 DRY	29 107.713 DRY	47 109.877 DRY	80 107.604 DRY	 4 88.811     	42 88.154     	74 88.029     	94 88.464     	19 88.698     	44 89.994     	53 89.793     	31 88.283     	41 88.832     	11 88.479     	 3 89.699     	22 88.570     	81 88.745     	20 88.435     	69 89.298     	 1 89.050     	21 89.427     	98 88.543     	 2 88.597     	 5 90.363     	

-- OFFICIAL RESULTS --
Pos	#No	Driver						Team					Time		Diff		Pits	Best
01	#30	WIS	Josh Wise				BONGATAR				2:0:43.150	-0.000		4		88.315
02	#29	ALU	Sago Aludetsei			Dotruga Formula Racing	2:1:01.571	-18.421		4		88.295
03	#47	PAV	ketila léqa pavúteka	Team Solea Racing		2:1:03.034	-19.884		4		88.430
04	#80	AYA	Ifloenne é Aya			Team V.V. Imperial		2:1:09.086	-25.937		4		88.507
05	# 4	BLA	Zaku Blaxon				Team Blaland Racing		2:1:33.201	-50.052		4		88.666
06	#42	OOS	Frank Oosterhout		Cows Go Moo Racing		2:1:45.682	-62.532		4		88.154
07	#74	KON	Bařàsiz Konoca			Team Diigikwk Racers	2:1:48.592	-65.443		4		88.029
08	#94	NES	At'ipi Nesbeksë			Team Diigikwk Racers	2:2:03.961	-80.811		4		88.464
09	#19	ZAI	khélok atep zailunaɰ	Team Solea Racing		2:2:09.010	-85.861		4		88.698
10	#44	KAX	Kaxon Kaxutak			Team Blaland Racing		2:2:14.618	-91.468		4		88.962
11	#53	TÀC	Ešuro Tàcràɰë			Team Diigikwk Racers	2:2:14.675	-91.525		4		89.311
12	#31	ŠAŊ	xap'ít celentir šaŋév	Team Solea Racing		2:2:32.391	-109.241	4		88.283
13	#41	CAN	Olga Candy				Cows Go Moo Racing		2:2:48.134	-124.984	4		88.777
14	#11	KEG	Tuto Keget				Dotruga Formula Racing	2:2:54.845	-131.695	4		88.479
15	# 3	BOB	Bob						BONGATAR				2:2:55.984	-132.835	4		89.268
16	#22	PHI	Philipe					Team Vincent			2:2:58.341	-135.191	4		88.570
17	#81	KÆR	Lyǽs Kæræsekæræn		Team V.V. Imperial		2:3:02.128	-138.978	5		88.745
18	#20	MAC	Mac						Team Vincent			2:3:03.601	-140.452	4		88.435
19	#69	SAN	Marisa Sanchez			Cows Go Moo Racing		2:3:08.828	-145.679	5		89.148
20	# 1	ROT	Robbie Rotten			Team V.V. Imperial		2:3:09.221	-146.072	4		89.050
21	#21	ORS	Orson					Team Vincent			2:3:12.038	-148.888	4		89.427
22	#98	MOT	Gorga Motxev			Dotruga Formula Racing	2:3:12.418	-149.268	5		88.543
23	# 2	HID	Body Hide				BONGATAR				2:3:31.892	-168.743	5		88.597
24	# 5	NOX	Naxan Noxokolonaxon		Team Blaland Racing		2:4:50.560	-247.411	5		90.009

-- RACE INCIDENT REPORT --
Bařàsiz Konoca made a mistake while attempting an overtake on lap 15.
Gorga Motxev made a mistake while attempting an overtake on lap 21.
khélok atep zailunaɰ made a mistake while attempting an overtake on lap 22.
At'ipi Nesbeksë made a mistake while attempting an overtake on lap 33.
Mac made a mistake while attempting an overtake on lap 40.
Orson made a mistake while attempting an overtake on lap 45.
The rain ceased on lap 53.
Ešuro Tàcràɰë made a mistake on lap 64.
Olga Candy made a mistake while attempting an overtake on lap 65.
