-- LAP TIMES --
Lap 0	29 0.000     	80 0.000     	42 0.100     	 4 0.100     	31 0.200     	74 0.200     	53 0.300     	44 0.300     	19 0.400     	41 0.400     	30 0.500     	 1 0.500     	69 0.600     	94 0.600     	 3 0.700     	81 0.700     	47 0.800     	20 0.800     	98 0.900     	 2 0.900     	21 1.000     	22 1.000     	11 1.100     	 5 1.100     	
Lap 1	80 71.576     	74 71.663     	42 72.017     	30 71.666     	31 72.060     	44 71.989     	29 72.302     	41 71.905     	 4 72.205     	94 71.942     	53 72.264     	81 71.980     	 3 72.078     	19 72.412     	47 72.040     	 1 72.441     	98 72.088     	11 71.890     	69 72.508     	22 72.458     	 5 72.413     	20 72.716     	21 72.585     	 2 72.760     	
Lap 2	80 71.984     	42 71.532     	74 71.941     	 4 71.810     	30 71.950     	29 71.863     	41 71.896     	53 71.747     	94 71.903     	81 71.775     	47 71.627     	31 72.309     	 3 71.907     	11 71.747     	44 72.489     	19 72.036     	69 71.895     	98 72.032     	 1 72.554     	22 72.560     	 5 72.532     	21 72.488     	20 72.784     	 2 72.777     	
Lap 3	80 71.728     	42 71.667     	29 71.478     	47 71.419     	74 72.371     	30 72.110     	81 72.112     	94 72.157     	 4 72.548     	53 72.362     	31 72.241     	41 72.665     	11 72.129     	69 71.968     	19 72.312     	44 72.417     	 3 72.765     	98 72.471     	 1 72.474     	21 72.165     	 5 72.732     	22 73.010     	 2 72.803     	20 74.253     	
Lap 4	80 71.656     	29 71.468     	42 71.943     	81 71.619     	47 72.329     	30 72.003     	 4 71.641     	74 72.519     	94 72.241     	11 71.982     	69 71.907     	53 72.252     	41 72.203     	31 72.453     	98 71.989     	19 72.481     	44 72.696     	 3 72.477     	 1 72.528     	21 72.669     	 5 72.469     	22 72.758     	 2 73.151     	20 72.695     	
Lap 5	29 71.577     	42 71.709     	80 72.061     	47 71.770     	30 71.834     	81 72.379     	74 72.031     	11 71.935     	 4 72.590     	69 72.054     	31 71.986     	94 72.481     	53 72.433     	41 72.336     	 3 71.918     	44 72.190     	98 72.733     	19 72.673     	 1 72.161     	21 72.817     	 5 72.873     	22 72.493     	 2 72.373     	20 72.815     	
Lap 6	29 71.568     	42 71.598     	80 72.207     	47 71.625     	30 71.932     	74 71.858     	31 71.691     	81 72.472     	11 72.514     	53 71.954     	69 72.473     	 4 72.586     	94 72.235     	41 72.661     	98 72.346     	 3 72.728     	 1 71.994     	19 72.502     	44 73.060     	21 72.322     	22 72.815     	 5 73.337     	 2 73.155     	20 72.674     	
Lap 7	29 71.810     	42 72.256     	80 71.995     	47 71.770     	30 72.421     	74 72.186     	31 72.144     	81 72.128     	 4 72.050     	11 72.298     	69 72.321     	53 72.617     	94 72.450     	19 71.779     	41 72.651     	 3 72.270     	98 72.450     	 1 72.371     	44 72.202     	21 72.221     	22 72.351     	 5 72.762     	 2 72.793     	20 73.069     	
Lap 8	29 71.907     	42 72.366     	47 72.072     	80 72.408     	30 71.769     	74 71.830     	81 71.955     	31 72.237     	 4 71.919     	69 71.979     	53 71.817     	11 72.266     	94 72.430     	19 71.933     	 3 71.948     	41 72.325     	98 72.158     	 1 72.576     	44 72.827     	21 72.268     	22 72.529     	 2 72.186     	 5 72.997     	20 72.666     	
Lap 9	29 71.337     	47 71.727     	80 71.611     	42 72.325     	30 71.870     	74 71.799     	81 72.267     	 4 72.034     	53 71.778     	69 71.986     	31 72.687     	94 72.106     	 3 71.792     	11 72.850     	19 72.505     	 1 71.957     	98 72.564     	41 72.778     	44 72.403     	21 72.381     	22 72.576     	 2 72.355     	 5 73.550     	20 73.086     	
Lap 10	29 70.974     	47 71.986     	42 71.897     	80 72.305     	30 72.174     	74 71.967     	53 71.843     	81 71.990     	 4 72.352     	31 71.918     	94 71.963     	69 72.847     	 3 71.959     	11 72.777     	 1 72.038     	19 72.649     	98 72.551     	41 72.703     	21 72.334     	44 73.187     	22 72.379     	 2 72.389     	 5 72.576     	20 72.598     	
Lap 11	29 71.761     	47 71.978     	80 71.701     	42 72.180     	30 72.496     	74 72.725     	81 71.895     	53 72.397     	 4 72.550     	69 71.975     	31 72.736     	94 72.168     	 3 72.198     	11 72.051     	 1 72.292     	19 72.736     	98 72.648     	41 72.782     	21 72.837     	44 73.001     	22 72.594     	 2 72.839     	 5 72.721     	20 72.521     	
Lap 12	29 71.620     	47 71.691     	42 71.641     	80 72.311     	74 71.854     	30 72.463     	81 72.655     	53 72.193     	 4 71.817     	 3 72.009     	31 72.199     	69 72.349     	94 72.500     	11 72.394     	 1 72.324     	19 71.981     	41 72.045     	98 72.511     	21 72.575     	44 72.188     	22 72.809     	 2 72.721     	 5 72.753     	20 72.274     	
Lap 13	29 71.065     	42 72.083     	80 71.854     	47 72.588     	74 71.926     	81 71.803     	53 72.357     	 4 72.542     	31 72.341     	94 72.026     	 3 72.452     	30 74.545     	69 73.543     	 1 72.366     	11 72.702     	19 72.387     	41 72.076     	98 72.461     	44 72.531     	21 72.891     	22 73.041     	 2 73.015     	20 72.709     	 5 73.289     	
Lap 14	29 71.802     	47 71.470     	42 71.796     	80 71.754     	74 72.169     	81 72.542     	53 72.119     	 4 72.176     	 3 72.358     	31 72.464     	94 72.908     	30 72.545     	 1 71.967     	69 72.344     	11 72.551     	41 72.153     	19 72.861     	98 72.607     	44 72.099     	21 72.508     	22 72.342     	 2 72.887     	20 73.075     	 5 73.023     	
Lap 15	29 71.052     	47 72.126     	80 71.979     	42 72.347     	74 71.786     	81 72.594     	53 72.623     	 3 72.188     	 4 72.830     	30 71.831     	31 72.622     	94 72.379     	69 72.449     	 1 72.836     	11 72.455     	41 72.105     	19 72.402     	98 73.164     	44 72.344     	21 71.975     	22 71.789     	 2 72.118     	20 72.825     	 5 73.244     	
Lap 16	29 71.704     	47 72.447     	80 72.572     	42 72.399     	74 71.267     	53 71.948     	81 72.166     	 3 72.236     	30 71.954     	 4 72.891     	94 72.361     	31 72.804     	 1 72.436     	41 72.210     	11 72.274     	69 72.967     	19 72.248     	98 72.145     	21 71.889     	44 72.212     	22 72.517     	 2 71.646     	20 73.272     	 5 73.013     	
Lap 17	29 71.396     	42 71.835     	80 72.241     	47 72.504     	74 72.484     	53 72.009     	81 72.602     	30 71.933     	 3 72.302     	 4 72.087     	94 72.040     	31 72.860     	 1 72.558     	41 72.582     	11 72.660     	19 72.400     	69 72.692     	98 72.203     	21 72.487     	44 73.112     	22 73.010     	 2 72.676     	20 72.578     	 5 73.306     	
Lap 18	29 71.856     	80 71.931     	42 72.509     	47 72.490     	74 72.500     	53 72.736     	30 71.998     	81 72.402     	 3 72.567     	94 72.161     	 4 72.735     	31 72.520     	 1 72.214     	19 72.179     	11 72.474     	41 72.963     	69 73.131     	98 72.232     	21 72.741     	44 72.707     	22 72.794     	 2 72.938     	20 71.690     	 5 72.914     	
Lap 19	29 71.960     	42 72.053     	80 72.652     	47 72.294     	74 71.804     	81 72.302     	30 72.535     	53 72.813     	 4 72.104     	94 72.520     	 3 72.871     	 1 72.051     	19 72.189     	31 72.650     	11 72.191     	41 72.953     	69 72.601     	98 72.741     	21 72.990     	44 73.030     	22 72.919     	 2 72.693     	20 72.386     	 5 73.578     	
Lap 20	29 71.594     	42 72.393     	80 72.655     	74 72.334     	47 72.705     	81 72.480     	30 72.432     	53 73.175     	 3 72.305     	94 72.946     	 4 72.953     	 1 72.056     	31 72.034     	19 72.642     	11 72.492     	41 72.567     	69 73.197     	98 72.795     	21 73.186     	44 72.851     	22 72.758     	 2 73.053     	20 74.155     	 5 73.826     	
Lap 21	29 71.782     	42 72.613     	80 72.322     	47 72.156     	74 72.978     	30 72.417     	81 72.882     	53 72.494     	 4 72.417     	 3 72.983     	94 72.556     	 1 72.868     	31 72.420     	19 72.526     	11 73.261     	41 72.280     	69 72.439     	98 73.101     	21 73.181     	44 72.897     	 2 72.758     	22 73.504     	20 71.833     	 5 73.437     	
Lap 22	29 71.855     	42 72.537     	80 72.473     	47 72.486     	74 72.390     	30 72.289     	81 72.465     	53 72.974     	94 72.635     	 3 72.798     	 4 73.117     	19 72.257     	 1 72.990     	31 72.991     	41 72.434     	11 73.004     	69 72.483     	98 72.597     	21 72.704     	44 73.362     	 2 72.588     	22 73.248     	20 72.287     	 5 73.871     	
Lap 23	29 72.094     	47 72.295     	74 71.939     	42 72.982     	80 72.814     	30 72.664     	81 73.105     	53 72.885     	94 72.850     	 3 72.875     	 4 72.993     	19 72.618     	 1 72.723     	31 73.245     	41 73.011     	11 72.936     	69 72.372     	98 73.504     	21 72.958     	44 73.170     	 2 72.630     	22 72.919     	20 72.840     	 5 73.163     	
Lap 24	29 72.120     	80 71.861     	47 72.617     	74 72.733     	42 72.483     	30 72.364     	81 72.442     	 3 72.271     	53 72.889     	94 72.648     	19 72.294     	 4 72.388     	 1 72.253     	31 72.984     	11 72.379     	41 72.967     	69 73.146     	98 71.919     	21 72.775     	44 72.629     	 2 73.502     	22 73.205     	20 72.650     	 5 73.491     	
Lap 25	29 71.453     	47 72.465     	42 72.234     	80 73.036     	74 73.162     	30 71.721     	81 71.774     	 1 72.181     	53 72.975     	94 72.971     	 3 73.225     	 4 72.920     	19 73.086     	31 72.459     	41 72.849     	11 73.254     	69 72.854     	98 73.218     	21 73.203     	44 73.071     	 2 72.647     	22 72.985     	20 73.116     	 5 73.241     	
Lap 26	29 71.728     	42 72.589     	80 72.784     	47 73.086     	74 72.716     	30 71.340     	81 71.976     	 1 72.683     	53 72.747     	94 72.948     	 3 73.132     	 4 73.178     	19 73.293     	31 73.617     	41 72.835     	69 72.602     	11 73.292     	98 72.111     	21 72.970     	44 72.968     	 2 72.528     	22 72.157     	20 72.855     	 5 73.823     	
Lap 27	29 71.930     	47 72.300     	42 72.789     	80 72.493     	30 72.050     	74 73.176     	81 71.807     	53 72.331     	 1 72.668     	94 72.613     	19 72.435     	 4 72.852     	 3 73.204     	31 72.387     	41 72.829     	69 72.932     	11 73.031     	98 73.046     	21 73.210     	44 73.417     	 2 72.768     	22 73.602     	20 72.429     	 5 73.212     	
Lap 28	47 72.697     	42 72.877     	30 72.943     	29 89.488 DRY	69 72.744     	 2 73.087     	44 73.563     	80 91.153 DRY	81 91.249 DRY	74 92.268 DRY	53 90.751 DRY	94 90.464 DRY	 1 91.289 DRY	19 91.205 DRY	 4 91.462 DRY	 3 91.401 DRY	31 91.163 DRY	41 91.472 DRY	11 90.904 DRY	98 92.011 DRY	21 90.732 DRY	20 90.939 DRY	22 91.474 DRY	 5 91.256 DRY	
Lap 29	42 73.300     	29 71.080     	69 72.381     	80 71.894     	47 90.545 DRY	30 91.126 DRY	74 71.482     	81 72.400     	53 72.200     	 1 72.196     	94 72.541     	19 72.207     	 3 72.205     	 4 72.292     	31 72.427     	41 72.088     	11 72.121     	98 72.074     	21 72.118     	44 90.719 DRY	 2 92.376 DRY	20 72.714     	22 73.086     	 5 72.829     	
Lap 30	29 71.228     	69 72.027     	80 71.472     	47 72.036     	42 90.390 DRY	30 72.010     	74 72.519     	81 71.912     	53 71.941     	 1 71.961     	94 71.831     	19 71.930     	 4 72.029     	 3 72.074     	31 72.386     	41 72.270     	11 72.448     	98 71.348     	21 71.933     	44 71.841     	 2 72.639     	20 72.758     	22 72.958     	 5 73.009     	
Lap 31	29 71.497     	80 71.576     	47 71.319     	42 72.099     	30 71.885     	81 71.720     	74 72.473     	53 71.674     	94 72.103     	 1 72.257     	19 72.359     	 4 72.328     	 3 72.605     	31 71.788     	41 71.776     	11 72.481     	98 72.192     	69 91.396 DRY	21 71.499     	44 71.940     	 2 71.985     	20 72.392     	22 72.605     	 5 73.216     	
Lap 32	29 71.720     	80 71.761     	47 71.367     	42 71.568     	30 71.776     	81 72.028     	74 71.970     	53 71.731     	 1 71.520     	94 71.875     	19 72.297     	 3 71.898     	 4 72.226     	31 71.982     	41 72.195     	11 71.949     	98 72.606     	21 71.424     	69 73.051     	44 71.477     	 2 72.781     	20 72.177     	22 72.245     	 5 72.663     	
Lap 33	29 70.985     	47 71.142     	80 71.634     	42 71.559     	30 71.328     	81 71.905     	74 71.646     	53 72.550     	 1 72.503     	94 72.587     	19 72.059     	31 71.644     	 4 72.210     	 3 72.329     	41 72.182     	11 72.109     	98 71.823     	21 72.380     	69 72.301     	44 71.752     	 2 72.686     	20 72.709     	22 72.716     	 5 72.679     	
Lap 34	29 71.548     	47 72.122     	80 71.669     	42 71.648     	30 71.573     	81 71.876     	74 71.972     	53 72.567     	 1 72.434     	94 72.914     	19 72.019     	 4 71.923     	31 72.300     	 3 72.550     	41 72.298     	11 72.274     	98 72.804     	21 72.295     	69 72.253     	44 71.206     	 2 72.350     	20 72.253     	22 72.928     	 5 72.557     	
Lap 35	29 71.134     	80 71.546     	47 72.152     	30 71.487     	42 71.917     	81 72.102     	74 71.908     	53 72.396     	 1 72.499     	94 71.989     	19 72.265     	31 71.835     	 4 71.990     	 3 72.172     	41 71.780     	11 72.681     	98 72.017     	21 72.298     	69 72.719     	44 71.986     	 2 72.035     	20 72.872     	22 71.538     	 5 73.176     	
Lap 36	29 70.843     	80 71.739     	47 71.675     	30 72.229     	42 71.980     	74 72.088     	81 72.344     	53 71.713     	 1 71.825     	94 72.280     	31 72.080     	19 72.516     	 4 72.624     	41 72.235     	 3 72.762     	11 72.428     	98 72.526     	69 72.388     	21 73.056     	44 72.335     	 2 72.869     	20 72.337     	22 72.981     	 5 72.982     	
Lap 37	29 71.504     	47 71.565     	80 72.331     	30 72.085     	42 72.360     	74 72.618     	81 72.457     	53 72.211     	 1 72.296     	94 72.216     	31 71.907     	19 71.936     	 4 72.167     	41 72.088     	 3 72.253     	11 72.588     	98 72.807     	69 71.964     	21 72.372     	44 72.981     	20 72.233     	 2 72.853     	22 73.081     	 5 73.239     	
Lap 38	29 71.013     	80 71.455     	47 71.967     	42 71.732     	30 72.305     	81 71.910     	74 72.088     	53 71.236     	 1 71.947     	94 71.959     	31 72.733     	19 72.636     	 4 72.192     	 3 72.346     	41 72.741     	98 72.040     	11 72.853     	69 72.425     	21 72.891     	44 72.247     	20 73.116     	 2 73.030     	22 72.186     	 5 73.191     	
Lap 39	29 71.014     	80 71.712     	47 71.696     	30 71.850     	42 72.426     	74 71.963     	81 72.507     	53 71.225     	 1 71.919     	94 72.416     	31 72.532     	19 72.650     	 4 72.473     	 3 71.866     	41 71.776     	98 72.539     	11 72.472     	69 72.313     	44 72.637     	21 72.994     	 2 72.203     	20 72.847     	22 72.449     	 5 72.919     	
Lap 40	29 70.983     	47 71.631     	80 72.350     	30 71.901     	42 72.488     	81 72.377     	74 72.758     	53 71.166     	 1 71.981     	94 71.504     	31 72.011     	19 71.939     	 4 72.226     	41 71.777     	 3 72.765     	11 72.142     	98 72.928     	69 72.894     	44 72.098     	21 72.252     	 2 73.020     	20 72.806     	22 72.557     	 5 73.193     	
Lap 41	29 71.854     	80 71.407     	47 72.478     	30 72.327     	42 72.501     	81 72.366     	74 72.464     	53 73.214     	 1 72.447     	94 73.093     	19 71.978     	31 72.321     	 4 72.664     	41 72.574     	 3 72.975     	11 72.745     	98 72.439     	69 72.709     	44 72.160     	21 72.257     	 2 72.175     	20 72.359     	22 73.127     	 5 72.922     	
Lap 42	29 71.381     	47 71.442     	80 72.475     	30 71.033     	42 71.561     	81 72.357     	74 72.352     	53 71.497     	 1 71.445     	94 72.766     	31 72.627     	19 72.854     	41 71.978     	 4 72.851     	 3 71.512     	11 72.089     	98 72.038     	69 72.102     	44 72.055     	21 72.522     	 2 72.236     	20 72.968     	22 72.485     	 5 73.540     	
Lap 43	29 71.555     	80 71.254     	47 72.203     	30 71.870     	42 71.378     	74 72.124     	81 72.433     	53 73.131     	 1 71.577     	94 71.986     	31 72.057     	19 72.867     	41 72.846     	 4 72.563     	 3 72.418     	11 72.564     	69 72.017     	98 73.029     	44 72.261     	21 71.903     	 2 72.152     	20 72.613     	22 73.106     	 5 73.047     	
Lap 44	29 71.855     	80 72.007     	47 71.694     	30 71.225     	42 71.766     	74 72.033     	81 72.541     	53 72.352     	 1 71.904     	94 72.283     	19 72.762     	 4 72.121     	31 72.595     	41 72.063     	 3 72.034     	11 72.050     	98 72.804     	69 72.210     	44 72.660     	21 72.415     	 2 71.525     	20 73.010     	22 73.136     	
Lap 45	29 71.126     	80 71.339     	30 71.661     	42 71.856     	81 72.083     	74 72.943     	 1 72.259     	53 72.779     	94 71.963     	31 72.272     	 3 72.099     	41 72.510     	 4 72.311     	19 72.355     	11 72.353     	69 72.573     	98 72.524     	44 73.007     	21 72.832     	 2 72.065     	20 72.030     	22 71.952     	 5 73.078     	
Lap 46	29 71.795     	80 72.073     	30 71.294     	42 71.300     	81 72.142     	74 72.026     	 1 72.402     	53 72.611     	94 71.872     	31 72.359     	19 72.174     	 3 72.681     	41 72.890     	 4 72.960     	11 72.991     	69 72.775     	98 72.707     	44 72.999     	21 72.912     	 2 72.435     	20 72.812     	22 72.942     	 5 73.594     	
Lap 47	29 71.884     	80 71.814     	30 71.981     	42 71.839     	81 72.441     	74 72.531     	 1 72.140     	53 72.574     	94 72.274     	31 72.499     	 3 72.206     	 4 71.968     	19 72.793     	41 72.804     	11 72.229     	69 72.965     	98 72.795     	44 72.339     	21 72.814     	 2 71.593     	20 72.649     	22 72.123     	 5 73.221     	
Lap 48	29 71.331     	80 71.321     	30 71.790     	42 71.919     	81 72.459     	74 72.542     	 1 72.797     	53 72.680     	94 71.765     	31 72.733     	 3 72.642     	 4 72.703     	19 72.855     	41 72.492     	11 72.422     	69 72.217     	44 72.369     	98 72.810     	21 72.708     	 2 71.827     	20 72.985     	22 72.871     	 5 73.386     	
Lap 49	29 71.265     	80 72.180     	30 71.268     	42 71.785     	74 71.881     	81 72.624     	 1 72.519     	94 71.475     	53 73.396     	31 72.275     	 3 72.162     	 4 72.424     	19 72.499     	41 72.733     	11 71.700     	69 72.475     	44 72.890     	98 72.962     	21 72.792     	 2 71.686     	22 72.516     	20 73.333     	 5 73.259     	
Lap 50	29 71.487     	80 71.829     	30 71.919     	42 72.057     	74 73.086     	81 73.150     	 1 72.525     	94 73.064     	53 72.914     	31 72.685     	 3 72.820     	 4 72.353     	19 72.355     	41 72.365     	11 71.678     	69 71.704     	98 72.680     	44 72.964     	21 73.160     	 2 72.074     	20 72.771     	22 73.305     	 5 73.105     	
Lap 51	29 72.220     	80 72.049     	30 71.863     	42 71.926     	74 72.864     	 1 71.542     	81 72.659     	94 72.321     	53 73.344     	31 72.215     	 3 72.275     	19 72.419     	 4 72.783     	41 72.558     	11 72.094     	69 71.937     	98 72.868     	44 73.327     	 2 72.714     	21 73.455     	20 72.665     	22 73.095     	 5 73.599     	
Lap 52	29 71.987     	80 72.003     	30 71.848     	42 72.009     	74 72.889     	 1 72.726     	81 72.704     	94 72.459     	53 71.677     	31 72.826     	 3 72.287     	 4 72.254     	19 72.782     	41 73.249     	11 72.807     	69 71.678     	98 72.857     	44 72.629     	21 72.621     	 2 73.377     	20 73.352     	22 73.469     	 5 73.320     	
Lap 53	29 71.765     	80 71.853     	30 71.918     	42 72.309     	74 72.388     	81 72.676     	 1 73.176     	94 72.520     	53 72.702     	 3 72.337     	31 73.191     	 4 72.353     	19 72.442     	41 72.424     	11 72.560     	69 73.029     	98 73.185     	44 73.400     	21 73.433     	 2 73.183     	20 73.236     	22 72.712     	 5 73.559     	
Lap 54	29 71.863     	80 71.719     	30 71.317     	42 71.692     	74 72.354     	 1 72.345     	81 72.862     	94 72.234     	53 71.881     	 3 72.887     	31 72.740     	 4 72.871     	19 72.655     	41 73.314     	11 73.062     	69 71.957     	98 72.939     	44 73.254     	 2 72.970     	21 73.459     	20 73.521     	22 73.507     	 5 73.212     	
Lap 55	29 71.866     	80 72.154     	30 71.771     	42 72.410     	74 72.935     	81 73.116     	 1 73.340     	94 72.835     	53 73.436     	 3 72.889     	 4 72.495     	19 72.513     	31 73.291     	11 72.689     	41 72.737     	69 72.997     	98 73.144     	44 73.595     	 2 72.736     	21 73.177     	20 73.456     	22 73.591     	 5 74.098     	
Lap 56	29 72.095     	30 72.110     	42 71.679     	 1 72.506     	81 72.963     	80 91.002 DRY	53 71.857     	 3 72.887     	11 73.144     	69 73.069     	98 72.686     	44 72.840     	 2 72.987     	74 90.043 DRY	21 73.072     	94 92.136 DRY	 4 90.879 DRY	31 90.967 DRY	19 91.481 DRY	20 73.342     	22 73.200     	41 91.167 DRY	 5 91.946 DRY	
Lap 57	29 90.148 DRY	42 72.167     	80 71.957     	30 90.895 DRY	53 73.929     	 3 72.406     	69 72.935     	98 72.008     	44 73.017     	 2 72.973     	74 72.552     	21 73.353     	 1 91.637 DRY	81 91.530 DRY	94 71.323     	 4 71.958     	31 72.386     	22 91.336 DRY	11 90.704 DRY	20 91.909 DRY	19 72.449     	41 72.226     	
Lap 58	29 71.800     	42 72.503     	80 71.549     	30 71.178     	69 72.377     	 1 72.077     	94 72.301     	81 72.578     	53 90.310 DRY	 4 71.789     	 3 90.839 DRY	31 72.153     	19 72.583     	41 71.737     	11 72.433     	98 90.605 DRY	44 90.701 DRY	 2 91.914 DRY	21 91.249 DRY	22 72.863     	20 72.924     	 5 72.450     	
Lap 59	29 70.880     	30 71.180     	80 71.548     	42 90.346 DRY	69 72.845     	 1 71.898     	94 71.858     	81 71.940     	53 72.663     	 4 71.652     	 3 72.447     	31 72.543     	19 72.206     	41 71.868     	11 71.119     	98 71.392     	44 72.160     	 2 72.126     	21 72.324     	22 72.660     	20 72.811     	
Lap 60	29 71.221     	80 71.446     	30 71.837     	42 71.604     	69 72.578     	 1 71.779     	94 72.463     	53 71.112     	 4 70.993     	 3 72.018     	31 72.115     	19 72.376     	11 71.975     	41 72.407     	98 71.069     	44 71.519     	 2 72.275     	21 72.872     	22 72.531     	20 72.935     	 5 72.597     	
Lap 61	29 70.969     	30 71.131     	80 71.728     	42 71.259     	69 72.756     	 1 71.658     	94 72.464     	53 71.635     	 4 71.719     	 3 72.156     	31 72.333     	19 71.769     	11 71.947     	41 72.108     	98 71.281     	44 71.756     	 2 72.151     	21 71.922     	22 71.673     	20 72.278     	 5 72.903     	
Lap 62	29 71.484     	30 71.503     	80 71.836     	42 71.642     	 1 70.944     	53 72.208     	94 72.469     	 4 71.897     	 3 71.882     	11 72.162     	31 72.637     	19 72.495     	41 72.203     	98 71.899     	69 91.739 DRY	44 71.279     	 2 72.004     	21 72.225     	22 71.621     	20 72.121     	 5 72.498     	
Lap 63	29 71.418     	30 71.724     	80 71.518     	42 71.361     	 1 71.269     	53 72.119     	 4 71.484     	94 72.360     	 3 71.623     	11 72.378     	31 72.444     	19 72.505     	41 72.415     	98 71.282     	69 71.883     	44 71.958     	 2 72.260     	21 71.905     	22 71.661     	20 71.420     	 5 72.516     	
Lap 64	29 71.157     	80 71.545     	30 72.201     	42 71.777     	 1 71.132     	53 72.300     	 4 72.218     	94 72.349     	 3 71.791     	11 71.955     	41 72.001     	31 72.620     	19 72.697     	98 71.892     	69 71.589     	44 71.447     	 2 72.261     	21 72.884     	22 72.089     	20 71.701     	 5 73.460     	
Lap 65	29 71.318     	80 71.857     	30 71.924     	42 71.095     	 1 71.147     	53 72.066     	 4 72.546     	94 72.491     	 3 71.038     	11 71.976     	31 72.012     	41 72.483     	19 72.328     	98 71.734     	69 71.306     	44 71.814     	 2 72.302     	21 71.701     	22 72.097     	20 72.340     	 5 73.482     	
Lap 66	29 71.122     	80 71.734     	30 72.060     	42 71.166     	 1 71.796     	 4 71.857     	53 72.474     	94 72.277     	 3 71.082     	11 72.234     	31 71.858     	19 71.966     	41 72.645     	98 71.254     	69 71.920     	44 71.266     	 2 72.978     	21 72.292     	22 72.282     	20 71.490     	 5 73.302     	
Lap 67	29 71.488     	80 72.185     	30 71.628     	42 70.924     	 1 71.605     	 4 71.930     	53 71.901     	 3 72.030     	94 72.399     	11 72.017     	31 71.801     	19 72.350     	41 72.613     	98 72.506     	69 71.995     	44 72.033     	 2 72.126     	21 72.178     	22 73.085     	20 72.557     	 5 73.058     	
Lap 68	29 71.478     	80 71.883     	30 72.112     	42 71.739     	 1 71.991     	 4 72.581     	53 72.827     	94 71.852     	 3 72.529     	31 72.111     	11 72.319     	19 72.150     	41 72.611     	69 71.384     	98 72.813     	44 71.213     	21 72.203     	 2 72.791     	22 72.914     	20 72.646     	 5 72.711     	
Lap 69	29 71.053     	30 71.396     	80 71.907     	42 71.433     	 1 71.782     	 4 71.866     	53 72.450     	94 72.464     	 3 71.933     	31 72.175     	11 72.826     	19 72.412     	41 72.665     	69 72.349     	98 72.931     	44 71.812     	21 72.342     	 2 73.259     	22 72.344     	20 72.501     	 5 73.626     	
Lap 70	29 71.741     	30 71.960     	80 72.274     	42 71.842     	 1 71.231     	 4 72.320     	 3 72.075     	53 72.689     	94 72.735     	31 72.526     	11 72.782     	19 72.705     	69 72.018     	41 72.099     	98 72.043     	44 72.891     	21 71.843     	 2 72.258     	22 72.285     	20 72.967     	 5 73.583     	
Lap 71	29 71.360     	80 71.866     	30 72.579     	42 71.553     	 1 71.638     	 4 72.369     	 3 71.915     	53 72.503     	94 72.689     	31 72.858     	11 72.932     	19 72.864     	41 72.526     	69 72.852     	98 72.633     	44 71.852     	21 72.418     	 2 72.251     	22 72.149     	20 72.161     	 5 73.046     	
Lap 72	29 71.643     	80 71.796     	30 72.010     	42 72.507     	 1 71.797     	 4 72.367     	 3 72.260     	53 72.048     	94 72.808     	31 71.345     	11 72.657     	19 72.205     	41 72.349     	69 72.257     	98 72.808     	44 72.980     	21 72.193     	 2 72.197     	22 72.123     	20 71.616     	 5 73.131     	
Lap 73	29 71.975     	30 71.675     	80 72.250     	42 71.980     	 1 71.787     	 3 72.595     	 4 72.926     	53 72.366     	94 71.621     	31 72.069     	19 72.341     	41 72.157     	11 72.769     	69 72.136     	98 72.606     	44 72.480     	21 72.118     	 2 72.150     	22 72.935     	20 72.522     	 5 73.638     	
Lap 74	29 71.491     	30 71.908     	80 72.153     	42 71.704     	 1 72.206     	 4 72.681     	 3 72.966     	94 72.265     	53 72.774     	31 71.907     	19 72.078     	11 72.335     	41 72.849     	69 72.734     	98 72.659     	44 72.680     	21 72.355     	 2 72.518     	22 73.009     	20 72.916     	 5 73.091     	
Lap 75	29 71.403     	80 72.148     	30 72.620     	42 71.683     	 1 71.941     	94 72.322     	 4 72.881     	53 72.321     	 3 72.860     	31 72.172     	19 72.678     	69 72.351     	11 73.076     	41 72.846     	98 72.266     	44 73.097     	21 72.593     	 2 72.263     	22 72.911     	20 72.942     	 5 73.451     	
Lap 76	29 71.978     	80 72.080     	30 72.180     	42 71.831     	 1 72.264     	53 72.403     	 4 72.450     	94 73.021     	 3 72.708     	31 72.236     	19 72.707     	69 72.610     	11 72.653     	41 72.618     	98 72.874     	44 71.482     	21 71.891     	 2 72.421     	20 72.740     	22 73.017     	 5 72.962     	
Lap 77	29 71.963     	80 72.132     	30 72.289     	42 72.596     	 1 72.033     	 4 72.111     	 3 72.128     	53 72.758     	94 72.911     	31 72.312     	19 72.742     	69 72.536     	11 73.141     	41 73.811     	98 72.955     	44 73.183     	21 72.267     	 2 71.900     	20 72.805     	22 73.071     	 5 73.635     	
Lap 78	29 71.781     	30 72.125     	80 72.712     	42 72.656     	 1 71.942     	 3 72.273     	 4 72.930     	53 72.676     	94 72.817     	31 72.374     	19 72.575     	69 72.908     	11 72.224     	41 72.224     	98 72.972     	44 73.234     	21 72.437     	 2 72.528     	22 72.737     	20 73.499     	 5 73.833     	
Lap 79	29 71.311     	30 72.160     	42 71.799     	80 72.923     	 1 72.109     	 4 72.746     	 3 72.982     	53 72.830     	94 72.336     	31 73.049     	19 72.221     	69 72.676     	11 73.108     	41 72.605     	98 72.381     	44 72.811     	21 72.251     	 2 71.880     	20 72.982     	22 73.237     	 5 73.286     	
Lap 80	29 71.987     	30 72.379     	80 71.664     	42 72.162     	 1 72.258     	 4 72.245     	 3 72.507     	53 72.447     	94 72.883     	31 71.690     	19 72.091     	69 72.861     	11 72.428     	41 73.217     	98 73.161     	44 72.280     	21 72.189     	 2 72.181     	22 73.183     	20 73.523     	 5 73.294     	
Lap 81	29 72.110     	42 71.676     	30 72.256     	80 72.448     	 1 72.020     	 4 73.192     	 3 73.209     	53 72.867     	94 72.520     	31 72.403     	19 71.692     	69 73.009     	11 72.848     	41 72.870     	44 72.580     	98 73.104     	21 71.947     	 2 72.418     	22 72.633     	20 72.919     	 5 73.612     	
Lap 82	29 72.293     	42 72.338     	30 72.208     	80 72.108     	 1 72.173     	 4 72.392     	53 72.697     	 3 73.122     	94 72.757     	31 73.104     	19 72.270     	69 72.316     	11 73.409     	44 72.980     	41 72.918     	98 72.641     	21 72.705     	 2 72.728     	22 73.524     	20 73.542     	
Lap 83	29 72.375     	30 72.134     	42 72.573     	80 72.739     	 1 71.633     	 4 72.492     	94 72.964     	31 72.262     	 3 73.189     	19 72.129     	69 71.908     	11 73.252     	41 73.102     	98 72.489     	44 73.100     	21 72.959     	 2 72.621     	22 73.142     	20 73.259     	 5 73.423     	
Lap 84	29 72.320     	30 72.170     	42 72.728     	80 72.730     	 1 72.271     	94 73.124     	31 73.311     	 3 73.551     	19 72.375     	69 72.179     	11 73.047     	98 72.975     	44 72.782     	21 72.475     	 2 71.950     	 4 89.682 DRY	41 90.545 DRY	22 73.330     	20 73.553     	 5 73.671     	
Lap 85	29 71.861     	42 72.192     	 1 71.836     	30 90.900 DRY	80 91.197 DRY	31 72.714     	94 73.150     	 3 72.822     	69 72.501     	44 72.865     	98 73.504     	21 73.800     	 2 73.789     	 4 72.016     	19 90.077 DRY	41 72.108     	11 91.708 DRY	22 73.575     	20 73.648     	 5 91.530 DRY	

-- OFFICIAL RESULTS --
Pos	#No	Driver						Team					Time		Diff		Pits	Best
01	#29	ALU	Sago Aludetsei			Dotruga Formula Racing	1:42:01.548	-0.000		2		70.843
02	#42	OOS	Frank Oosterhout		Cows Go Moo Racing		1:42:38.043	-36.495		2		70.924
03	# 1	ROT	Robbie Rotten			Team V.V. Imperial		1:42:51.188	-49.640		2		70.944
04	#30	WIS	Josh Wise				BONGATAR				1:42:55.822	-54.274		3		71.033
05	#80	AYA	Ifloenne é Aya			Team V.V. Imperial		1:42:57.649	-56.101		3		71.254
06	#31	ŠAŊ	xap'ít celentir šaŋév	Team Solea Racing		1:43:11.219	-69.671		2		71.345
07	#94	NEΧ	Jašo Neχëhe				Team Diigikwk Racers	1:43:11.460	-69.911		2		71.323
08	# 3	BOB	Bob						BONGATAR				1:43:11.790	-70.242		2		71.038
09	#69	SAN	Marisa Sanchez			Cows Go Moo Racing		1:43:15.387	-73.839		2		71.306
10	#44	KAX	Kaxon Kaxutak			Team Blaland Racing		1:43:20.131	-78.583		2		71.206
11	#98	MOT	Gorga Motxev			Dotruga Formula Racing	1:43:20.207	-78.659		2		71.069
12	#21	ORS	Orson					Team Vincent			1:43:23.998	-82.450		2		71.424
13	# 2	HID	Body Hide				BONGATAR				1:43:24.776	-83.228		2		71.525
14	# 4	BLA	Zaku Blaxon				Team Blaland Racing		1:43:25.368	-83.820		3		70.993
15	#19	ZAI	khélok atep zailunaɰ	Team Solea Racing		1:43:30.056	-88.508		3		71.692
16	#41	CAN	Olga Candy				Cows Go Moo Racing		1:43:36.375	-94.827		3		71.737
17	#11	KEG	Tuto Keget				Dotruga Formula Racing	1:43:37.932	-96.384		3		71.119
18	#22	PHI	Philipe					Team Vincent			1:43:41.080	-99.532		2		71.538
19	#20	MAC	Mac						Team Vincent			1:43:42.132	-100.584	2		71.420
20	# 5	NOX	Naxan Noxokolonaxon		Team Blaland Racing		1:44:35.085	-153.537	3		72.413
21	#53	TÀC	Ešuro Tàcràɰë			Team Diigikwk Racers	RETIRED		DNF			2		71.112
22	#81	KÆR	Lyǽs Kæræsekæræn		Team V.V. Imperial		RETIRED		DNF			2		71.619
23	#74	KON	Bařàsiz Konoca			Team Diigikwk Racers	RETIRED		DNF			2		71.267
24	#47	PAV	ketila léqa pavúteka	Team Solea Racing		RETIRED		DNF			1		71.142

-- RACE INCIDENT REPORT --
Bob made a mistake while attempting an overtake on lap 3.
Mac made a mistake while attempting an overtake on lap 3.
Kaxon Kaxutak made a mistake while attempting an overtake on lap 6.
Kaxon Kaxutak made a mistake while attempting an overtake on lap 10.
Josh Wise made a mistake while attempting an overtake on lap 13.
Marisa Sanchez made a mistake while attempting an overtake on lap 13.
Mac made a mistake on lap 20.
Philipe made a mistake while attempting an overtake on lap 21.
Bařàsiz Konoca made a mistake while attempting an overtake on lap 28.
ketila léqa pavúteka crashed out while attempting an overtake on lap 44.
Bařàsiz Konoca crashed out while attempting an overtake on lap 57.
Lyǽs Kæræsekæræn crashed out while attempting an overtake on lap 59.
Olga Candy made a mistake while attempting an overtake on lap 77.
Ešuro Tàcràɰë crashed out while attempting an overtake on lap 82.
