-- LAP TIMES --
Lap 1	42 136.376     	47 136.213     	22 136.611     	31 136.562     	30 137.083     	14 137.256     	 2 137.242     	53 137.443     	35 137.758     	20 137.291     	29 137.206     	69 137.319     	80 137.850     	98 137.066     	21 137.284     	13 137.592     	 3 137.444     	11 137.628     	19 137.557     	94 138.237     	74 138.106     	26 139.282     	82 139.445     	81 147.245 PIT	
Lap 2	42 136.172     	47 136.664     	31 136.719     	22 137.019     	30 136.894     	35 137.932     	80 138.066     	20 136.590     	 2 137.843     	98 137.019     	21 137.377     	13 137.299     	 3 137.275     	14 137.805     	29 137.227     	53 137.598     	69 137.733     	11 137.007     	19 137.476     	94 138.734     	74 138.585     	26 138.598     	82 140.868     	
Lap 3	42 136.448     	47 136.656     	31 137.053     	30 136.658     	22 137.077     	20 137.157     	29 137.707     	35 137.196     	53 137.672     	11 137.538     	69 137.463     	21 137.762     	13 137.757     	19 137.281     	 3 138.159     	 2 138.282     	98 139.006     	80 138.176     	94 138.794     	74 138.811     	26 139.495     	82 138.693     	81 136.621     	
Lap 4	42 136.444     	47 137.053     	31 136.545     	30 137.402     	22 137.342     	20 137.603     	21 137.183     	13 137.258     	35 137.651     	29 137.832     	69 137.585     	11 137.897     	 3 137.489     	19 137.868     	98 137.325     	 2 137.631     	53 138.532     	80 137.373     	74 137.947     	94 138.564     	26 138.057     	82 138.111     	81 136.885     	
Lap 5	42 135.707     	31 136.712     	47 137.176     	22 137.111     	30 137.427     	20 136.895     	13 137.457     	21 137.895     	19 137.304     	35 138.000     	69 138.159     	29 138.207     	98 137.542     	11 138.101     	80 137.550     	 3 137.969     	53 138.122     	 2 138.236     	94 138.562     	74 139.181     	26 138.368     	81 136.960     	82 139.809     	
Lap 6	42 135.720     	47 136.230     	31 136.733     	22 137.230     	30 137.247     	20 137.627     	21 137.305     	13 138.187     	19 137.790     	69 137.519     	11 137.386     	35 137.933     	98 137.883     	29 137.992     	80 138.513     	 3 138.576     	 2 138.292     	53 138.670     	94 138.862     	74 138.834     	81 138.258     	26 139.452     	82 139.602     	
Lap 7	42 135.704     	31 136.227     	47 137.282     	22 136.753     	30 137.542     	20 138.500     	21 138.201     	11 137.486     	13 137.923     	19 138.195     	69 138.122     	35 138.058     	29 138.021     	98 138.105     	 2 138.161     	80 138.632     	53 138.069     	 3 138.704     	81 137.188     	94 138.676     	74 138.790     	26 139.107     	82 139.991     	
Lap 8	42 136.187     	31 136.781     	47 136.314     	22 135.816     	30 136.253     	20 136.109     	21 137.794     	11 138.009     	13 138.177     	19 138.087     	35 138.150     	69 138.365     	29 138.548     	98 139.263     	 2 138.433     	 3 138.463     	80 138.645     	53 138.688     	81 137.897     	94 138.772     	74 138.645     	26 138.658     	82 140.568     	
Lap 9	42 136.000     	47 136.715     	22 135.744     	31 137.415     	30 136.160     	20 136.101     	21 137.946     	11 137.714     	19 137.700     	69 137.671     	13 138.307     	35 137.957     	29 138.030     	98 137.909     	 2 138.373     	80 138.257     	 3 138.502     	81 136.657     	53 140.481     	74 138.318     	94 138.858     	26 138.462     	82 140.090     	
Lap 10	42 136.260     	22 137.134     	47 137.681     	31 137.857     	30 136.370     	20 136.833     	21 137.936     	19 137.887     	11 138.537     	13 137.961     	69 138.672     	35 138.662     	29 138.325     	98 137.873     	 2 138.676     	80 138.783     	 3 139.236     	81 137.458     	53 139.415     	94 138.994     	74 139.471     	26 138.064     	82 140.132     	
Lap 11	42 136.022     	47 137.392     	22 137.702     	31 137.625     	30 138.393     	20 136.344     	21 137.936     	19 138.560     	13 138.436     	11 138.793     	69 138.387     	35 138.526     	29 138.294     	81 136.719     	98 139.950     	80 138.386     	 2 139.157     	 3 138.504     	53 137.436     	94 138.801     	74 139.348     	26 140.128     	82 140.168     	
Lap 12	42 136.009     	47 137.473     	22 138.039     	31 137.560     	30 138.137     	20 138.675     	21 137.236     	19 138.330     	13 138.205     	11 138.435     	69 138.275     	35 138.880     	81 137.926     	98 138.371     	80 138.415     	 3 138.026     	29 141.313     	 2 138.690     	53 138.102     	94 139.239     	74 139.327     	26 138.942     	82 140.360     	
Lap 13	42 136.230     	47 138.373     	22 138.538     	31 138.522     	30 137.745     	20 139.223     	21 137.472     	13 138.832     	19 139.014     	11 139.040     	35 138.632     	69 138.930     	81 137.825     	98 138.974     	 2 140.038     	80 138.765     	 3 139.337     	29 139.277     	53 137.872     	94 139.731     	74 139.496     	26 138.704     	
Lap 14	42 137.082     	47 138.751     	22 137.881     	31 138.035     	30 138.598     	20 137.549     	21 137.705     	13 138.641     	19 138.802     	81 138.038     	69 139.196     	35 140.067     	98 138.737     	80 139.055     	53 139.702     	29 139.445     	 3 139.731     	 2 140.370     	94 139.789     	74 139.742     	26 141.356     	82 142.785     	
Lap 15	42 136.884     	22 138.543     	31 138.407     	30 139.108     	20 139.426     	21 137.140     	47 149.337 PIT	13 138.854     	81 138.567     	19 139.490     	69 138.485     	98 138.699     	35 139.347     	80 138.779     	53 139.303     	 2 137.865     	29 139.708     	 3 139.929     	94 140.506     	74 140.159     	26 139.562     	82 141.076     	
Lap 16	42 154.496 PIT	31 139.060     	30 137.961     	21 138.016     	47 135.933     	81 138.351     	13 139.047     	19 139.610     	80 138.936     	22 156.006 PIT	20 154.902 PIT	 3 140.291     	94 140.549     	69 156.711 PIT	98 156.704 PIT	35 156.963 PIT	 2 156.441 PIT	29 156.529 PIT	53 157.242 PIT	74 156.699 PIT	26 157.095 PIT	82 158.982 PIT	
Lap 17	42 137.090     	31 139.608     	30 140.046     	47 134.983     	21 137.802     	19 138.874     	22 137.272     	20 136.217     	69 136.845     	81 156.037 PIT	13 156.663 PIT	98 137.726     	80 157.049 PIT	35 140.127     	29 138.131     	 2 138.625     	 3 155.801 PIT	53 140.408     	74 137.720     	26 137.842     	94 156.687 PIT	82 140.487     	
Lap 18	42 135.595     	47 136.958     	22 135.146     	20 135.287     	31 154.487 PIT	30 155.346 PIT	21 154.525 PIT	69 137.503     	81 137.412     	13 137.570     	98 135.810     	19 155.811 PIT	35 137.463     	80 138.136     	29 137.581     	 2 138.757     	 3 138.397     	53 138.035     	74 137.717     	26 139.050     	94 138.286     	82 139.155     	
Lap 19	42 135.119     	47 135.509     	22 135.939     	20 135.924     	31 135.607     	30 137.872     	21 137.705     	69 137.856     	81 137.814     	13 137.413     	98 137.227     	19 136.613     	29 136.443     	35 137.771     	80 138.091     	 2 136.861     	 3 137.877     	53 138.384     	74 137.810     	94 138.452     	26 139.649     	82 139.645     	
Lap 20	42 135.496     	47 135.861     	22 135.697     	20 136.100     	31 134.997     	30 137.029     	21 137.120     	81 137.264     	19 135.800     	69 137.833     	98 137.521     	13 138.059     	29 137.716     	35 137.921     	80 137.704     	 2 138.200     	 3 138.274     	53 138.268     	74 137.652     	94 138.459     	26 138.870     	82 139.681     	
Lap 21	42 135.160     	47 135.655     	22 135.707     	20 135.902     	31 135.526     	30 137.397     	21 137.485     	81 137.066     	69 137.315     	19 137.685     	98 137.178     	13 137.611     	29 137.696     	80 137.283     	35 138.059     	 2 136.634     	 3 137.671     	53 138.753     	74 137.036     	94 136.783     	26 138.427     	82 140.071     	
Lap 22	42 135.484     	47 136.020     	22 135.389     	20 135.902     	31 135.662     	30 137.183     	21 137.026     	81 136.947     	69 137.776     	98 137.660     	19 137.958     	13 138.578     	29 137.663     	80 138.314     	35 138.203     	 2 138.476     	 3 137.075     	53 136.708     	74 138.076     	94 137.054     	26 138.310     	82 139.593     	
Lap 23	42 135.417     	47 135.696     	22 135.393     	20 135.985     	31 135.733     	30 136.848     	21 137.556     	81 136.071     	69 137.537     	98 137.680     	13 136.418     	19 138.202     	29 136.641     	80 138.415     	35 138.424     	 2 138.471     	 3 136.890     	53 136.724     	74 137.504     	94 137.134     	26 138.512     	82 139.915     	
Lap 24	42 136.170     	47 136.069     	22 135.897     	20 136.573     	31 135.994     	30 135.700     	21 136.527     	81 135.909     	19 136.294     	69 138.062     	98 138.307     	13 138.473     	29 136.832     	 3 136.948     	80 138.164     	35 138.384     	53 136.889     	 2 138.637     	74 137.431     	94 137.061     	26 138.431     	82 139.932     	
Lap 25	42 136.329     	47 135.980     	22 136.405     	20 137.448     	31 138.236     	30 136.077     	21 136.294     	81 135.680     	19 137.854     	69 138.021     	98 138.485     	13 138.537     	29 136.890     	80 137.948     	 3 138.092     	35 138.071     	 2 138.940     	53 139.185     	74 137.798     	94 138.010     	26 138.709     	82 140.136     	
Lap 26	42 135.928     	47 135.936     	22 136.669     	20 136.772     	31 136.285     	30 136.602     	21 136.139     	81 136.350     	19 137.609     	29 136.436     	69 138.500     	98 137.643     	13 137.787     	80 138.052     	35 138.015     	 3 138.971     	 2 138.530     	53 138.772     	74 137.882     	94 137.933     	26 138.783     	82 140.235     	
Lap 27	42 136.560     	47 136.428     	22 136.869     	20 137.530     	31 138.922     	30 136.365     	21 136.730     	81 136.805     	19 137.300     	29 138.214     	69 138.327     	98 138.608     	13 138.246     	80 138.799     	35 138.508     	 3 139.567     	 2 138.906     	53 139.087     	74 138.502     	94 138.118     	26 138.534     	82 141.054     	
Lap 28	42 136.137     	47 136.805     	22 136.666     	20 137.035     	31 136.295     	30 136.406     	21 136.662     	81 136.235     	19 137.380     	69 138.613     	29 139.088     	98 138.741     	13 139.322     	 3 137.104     	80 138.964     	35 140.160     	 2 138.609     	53 138.920     	74 138.306     	94 137.470     	26 138.907     	82 140.666     	
Lap 29	42 136.924     	47 136.793     	22 137.150     	20 137.044     	31 136.437     	30 136.555     	21 136.823     	81 136.979     	19 137.105     	13 136.977     	69 139.179     	29 139.023     	98 140.214     	80 136.686     	 3 138.579     	35 137.408     	 2 138.662     	53 138.937     	74 138.386     	94 137.798     	26 138.689     	82 140.500     	
Lap 30	42 136.972     	47 137.408     	22 136.703     	20 138.017     	31 139.399     	30 136.482     	21 136.668     	81 136.485     	19 137.289     	29 137.994     	13 138.713     	69 138.740     	98 137.620     	80 137.178     	35 138.557     	 3 139.308     	 2 137.437     	53 139.245     	94 137.929     	74 140.000     	26 139.604     	82 141.208     	
Lap 31	42 137.118     	47 137.182     	22 137.524     	20 137.606     	31 136.968     	30 137.223     	21 137.289     	81 137.293     	19 137.294     	13 138.828     	29 139.047     	69 139.553     	98 140.388     	80 138.097     	35 139.392     	 2 138.223     	 3 139.232     	53 139.764     	94 139.932     	74 139.547     	26 139.903     	82 141.099     	
Lap 32	42 136.997     	47 154.780 PIT	20 137.172     	31 136.765     	30 137.245     	21 137.064     	22 154.594 PIT	81 137.133     	19 138.073     	13 138.816     	80 139.275     	 3 138.452     	35 139.277     	53 140.199     	94 140.202     	74 139.885     	29 154.396 PIT	69 154.644 PIT	98 156.316 PIT	 2 157.638 PIT	26 156.527 PIT	82 158.690 PIT	
Lap 33	42 137.523     	47 137.719     	20 137.773     	31 136.783     	30 137.269     	22 136.102     	21 138.130     	81 137.828     	19 137.361     	13 138.411     	80 138.723     	 3 139.829     	29 137.605     	69 136.905     	53 140.220     	74 141.241     	98 136.883     	 2 136.819     	35 155.981 PIT	94 157.037 PIT	26 138.076     	82 140.320     	
Lap 34	42 154.885 PIT	47 136.424     	31 139.621     	30 137.866     	22 136.453     	21 138.897     	81 137.580     	20 156.565 PIT	13 138.898     	19 154.979 PIT	29 137.495     	69 137.527     	98 139.333     	80 155.805 PIT	 2 138.156     	35 137.531     	 3 155.884 PIT	94 137.187     	53 158.866 PIT	74 158.563 PIT	26 138.136     	82 139.883     	
Lap 35	42 135.910     	47 135.281     	31 137.919     	22 135.441     	20 136.162     	30 154.735 PIT	21 155.959 PIT	81 155.630 PIT	19 136.210     	29 137.636     	69 137.661     	98 136.413     	13 155.825 PIT	80 136.756     	 2 137.741     	35 137.751     	 3 136.836     	94 136.806     	53 136.808     	74 137.545     	26 137.747     	82 139.748     	
Lap 36	42 135.716     	47 135.307     	31 137.400     	22 135.583     	20 135.945     	30 135.686     	21 136.394     	81 135.855     	19 135.799     	29 137.160     	69 138.061     	98 137.547     	80 136.002     	13 138.205     	35 137.381     	 2 138.384     	 3 138.703     	94 137.303     	53 136.916     	74 137.141     	26 138.093     	82 139.983     	
Lap 37	42 135.178     	47 135.932     	22 136.555     	20 135.815     	30 135.827     	31 156.879 PIT	21 135.435     	81 135.890     	19 136.384     	29 136.389     	69 136.133     	98 137.574     	13 137.700     	80 137.938     	35 137.802     	 2 137.555     	 3 137.129     	94 136.992     	53 137.008     	74 137.512     	26 137.780     	82 140.023     	
Lap 38	42 135.784     	47 135.526     	22 136.010     	20 136.156     	30 135.778     	31 135.446     	21 135.813     	81 135.825     	19 136.019     	29 136.151     	69 136.032     	98 136.382     	80 135.464     	13 137.988     	35 137.868     	 2 137.837     	 3 137.282     	94 137.384     	53 136.498     	74 137.268     	26 137.961     	82 139.453     	
Lap 39	42 135.801     	47 136.354     	22 135.373     	20 136.217     	30 135.527     	31 135.499     	21 135.596     	81 136.064     	19 136.274     	29 136.943     	69 136.203     	98 137.403     	80 137.329     	13 135.880     	 3 137.359     	35 138.299     	 2 138.630     	94 137.668     	53 136.794     	74 137.803     	26 137.808     	82 140.406     	
Lap 40	42 135.591     	47 135.808     	22 135.703     	20 135.600     	30 135.528     	31 135.410     	21 135.833     	81 136.246     	19 136.161     	29 138.092     	69 140.659     	98 137.921     	80 138.175     	13 138.064     	 3 138.087     	35 137.907     	 2 139.027     	94 137.806     	53 136.684     	74 137.171     	26 138.125     	82 140.593     	
Lap 41	42 135.693     	47 136.379     	22 136.298     	20 135.914     	30 135.480     	31 135.680     	21 136.641     	81 135.761     	19 136.103     	29 136.434     	69 137.270     	98 137.633     	80 137.873     	13 137.736     	 3 138.197     	 2 136.964     	35 139.008     	94 138.693     	53 139.984     	74 138.142     	26 138.342     	82 140.137     	
Lap 42	42 135.866     	47 135.863     	22 136.010     	20 136.235     	30 135.595     	31 135.875     	21 136.280     	81 135.556     	19 136.538     	29 137.105     	69 137.071     	98 138.266     	80 137.793     	13 138.431     	 3 138.743     	35 138.697     	 2 139.107     	94 138.057     	53 137.285     	74 137.704     	26 138.482     	82 139.966     	
Lap 43	42 136.043     	47 136.362     	22 136.051     	20 136.204     	30 135.959     	31 135.541     	21 136.030     	81 135.800     	19 137.242     	29 136.754     	69 136.983     	13 136.323     	98 138.651     	80 138.304     	 3 138.855     	35 138.268     	 2 138.921     	94 138.037     	53 137.337     	74 137.533     	26 139.022     	82 141.029     	
Lap 44	42 136.526     	47 136.755     	22 136.432     	20 136.228     	30 136.131     	31 135.510     	21 136.947     	81 135.871     	19 136.599     	29 137.585     	69 136.789     	13 138.677     	80 138.421     	98 138.787     	35 138.165     	 3 138.830     	 2 137.947     	94 139.506     	53 140.222     	74 137.939     	26 138.735     	82 140.609     	
Lap 45	42 136.048     	47 136.985     	22 136.538     	20 136.432     	30 136.186     	31 135.656     	21 137.052     	81 136.507     	19 136.826     	29 137.813     	69 137.852     	13 137.860     	80 138.326     	98 139.956     	 3 138.562     	 2 138.176     	35 139.141     	94 138.163     	53 137.910     	74 138.583     	26 139.452     	82 140.802     	

-- OFFICIAL RESULTS --
Pos	#No	Driver						Team					Time		Diff		Pits	Best
01	#42	OOS	Frank Oosterhout		Cows Go Moo Racing		1:42:42.802	-0.000		2		135.119
02	#47	PAV	ketila léqa pavúteka	Team Solea Racing		1:42:54.201	-11.399		2		134.983
03	#22	PHI	Philipe					Team Vincent			1:43:02.316	-19.514		2		135.146
04	#20	MAC	Mac						Team Vincent			1:43:15.088	-32.285		2		135.287
05	#30	WIS	Josh Wise				BONGATAR				1:43:17.018	-34.216		2		135.480
06	#31	ŠAŊ	xap'ít celentir šaŋév	Team Solea Racing		1:43:18.252	-35.450		2		134.997
07	#21	ORS	Orson					Team Vincent			1:43:27.409	-44.607		2		135.435
08	#81	KÆR	Lyǽs Kæræsekæræn		Team V.V. Imperial		1:43:28.111	-45.309		3		135.556
09	#19	ZAI	khélok atep zailunaɰ	Team Solea Racing		1:43:41.589	-58.786		2		135.799
10	#29	ALU	Sago Aludetsei			Dotruga Formula Racing	1:43:57.317	-74.515		2		136.151
11	#69	SAN	Marisa Sanchez			Cows Go Moo Racing		1:44:00.642	-77.840		2		136.032
12	#13	SWE	Vernika Swerq			Cows Go Moo Racing		1:44:08.541	-85.739		2		135.880
13	#80	AYA	Ifloenne é Aya			Team V.V. Imperial		1:44:09.343	-86.541		2		135.464
14	#98	MOT	Gorga Motxev			Dotruga Formula Racing	1:44:11.301	-88.498		2		135.810
15	# 3	BOB	Bob						BONGATAR				1:44:20.969	-98.167		2		136.836
16	# 2	MOL	Paul Molthus			BONGATAR				1:44:21.100	-98.297		2		136.634
17	#35	AKA	Asaúni Akaleta			Team Vikasani			1:44:21.249	-98.447		2		137.196
18	#94	NES	At'ipi Nesbeksë			Team Diigikwk Racers	1:44:24.314	-101.512	2		136.783
19	#53	TÀC	Ešuro Tàcràɰë			Team Diigikwk Racers	1:44:25.457	-102.654	2		136.498
20	#74	KON	Bařàsiz Konoca			Team Diigikwk Racers	1:44:27.957	-105.155	2		137.036
21	#26	ILI	Rikvisi Iliria			Team Vikasani			1:44:40.738	-117.936	2		137.747
22	#82	NUK	NUKKI					Team V.V. Imperial		1:45:48.136	-185.334	2		138.111
23	#14	HÚC	Daseno Húctu			Team Vikasani			RETIRED		DNF			0		137.256
24	#11	XIA	Tembio Xiahelvi			Dotruga Formula Racing	RETIRED		DNF			0		137.007

-- RACE INCIDENT REPORT --
Lyǽs Kæræsekæræn made a pit stop to repair damage caused by a large incident while attempting an overtake on lap 1.
Daseno Húctu crashed out while attempting an overtake on lap 2.
Gorga Motxev made a mistake while attempting an overtake on lap 3.
NUKKI made a mistake on lap 3.
Sago Aludetsei made a mistake while attempting an overtake on lap 12.
Tembio Xiahelvi crashed out while attempting an overtake on lap 13.
NUKKI made a mistake while attempting an overtake on lap 14.
ketila léqa pavúteka made a pit stop to repair damage caused by a large incident while attempting an overtake on lap 15.
xap'ít celentir šaŋév made a mistake while attempting an overtake on lap 17.
Marisa Sanchez made a mistake while attempting an overtake on lap 40.
Asaúni Akaleta made a mistake while attempting an overtake on lap 41.
