-- LAP TIMES --
Lap 1	42 107.567     	47 107.645     	80 107.718     	31 107.829     	81 107.648     	30 107.793     	98 107.978     	19 108.264     	20 108.067     	11 108.130     	21 108.017     	69 108.306     	53 108.301     	22 108.152     	35 108.712     	 3 108.260     	13 108.455     	29 108.384     	94 108.376     	 2 108.908     	74 109.156     	26 109.335     	14 110.231     	82 110.497     	
Lap 2	42 107.362     	31 107.581     	30 107.904     	47 108.220     	80 108.378     	81 108.304     	98 107.995     	19 108.548     	11 108.390     	20 108.669     	22 108.246     	69 108.753     	21 108.961     	53 108.786     	35 108.722     	29 108.657     	13 108.739     	 3 109.168     	94 108.957     	 2 108.756     	14 108.378     	74 109.559     	26 109.646     	82 110.000     	
Lap 3	42 108.099     	31 107.924     	30 107.769     	47 107.826     	80 107.898     	81 108.087     	98 108.612     	20 107.921     	19 108.115     	11 108.441     	69 107.970     	22 108.623     	29 108.109     	13 108.073     	53 108.622     	21 108.641     	35 108.777     	 3 108.901     	 2 109.167     	94 109.439     	14 109.167     	74 109.324     	26 110.068     	82 110.044     	
Lap 4	42 107.941     	31 107.884     	47 108.338     	80 108.063     	30 108.502     	81 108.414     	19 107.971     	20 108.127     	98 108.322     	11 108.330     	29 108.055     	69 108.662     	22 108.602     	53 108.374     	13 108.864     	21 108.655     	35 108.378     	 3 108.769     	 2 109.274     	14 108.510     	74 108.407     	94 110.109     	26 108.534     	82 110.218     	
Lap 5	42 108.373     	31 108.487     	80 108.336     	47 108.427     	30 108.735     	81 108.545     	19 108.247     	20 108.470     	98 108.562     	29 108.207     	11 108.719     	69 108.377     	22 108.221     	53 108.845     	13 108.693     	21 108.794     	35 109.601     	 3 109.219     	 2 108.681     	14 109.104     	74 108.859     	94 109.465     	26 109.111     	82 110.799     	
Lap 6	42 108.044     	31 108.375     	47 108.218     	80 108.378     	19 107.935     	30 108.663     	81 108.334     	98 108.027     	20 108.142     	11 108.227     	22 108.241     	29 109.013     	69 109.029     	53 108.817     	13 108.933     	21 108.911     	35 108.324     	 3 109.164     	 2 109.106     	14 108.701     	74 108.432     	94 109.358     	26 109.433     	82 110.492     	
Lap 7	42 108.075     	31 107.762     	47 108.315     	80 108.661     	20 108.125     	19 108.654     	30 108.782     	81 108.827     	98 108.968     	11 108.427     	22 108.825     	29 108.662     	69 109.119     	13 108.464     	53 109.306     	21 109.013     	 2 109.074     	14 108.651     	 3 109.373     	35 110.989     	74 108.670     	94 109.239     	26 109.265     	
Lap 8	42 108.039     	31 108.763     	47 107.868     	80 108.482     	19 108.531     	20 108.686     	81 108.449     	30 108.651     	98 108.968     	22 108.604     	11 109.169     	29 108.699     	69 108.581     	13 109.040     	21 108.424     	53 108.779     	14 108.938     	35 108.897     	74 109.624     	 2 109.602     	94 109.516     	26 109.972     	82 110.146     	
Lap 9	42 107.346     	47 107.464     	31 108.314     	80 108.787     	20 108.326     	19 108.616     	30 108.367     	81 108.826     	98 108.390     	22 108.606     	11 108.644     	29 108.769     	13 108.412     	69 109.269     	21 109.364     	53 110.266     	14 108.712     	35 109.006     	74 109.195     	 2 109.935     	94 108.528     	26 108.889     	82 110.237     	
Lap 10	42 107.384     	47 108.313     	31 107.971     	80 108.301     	19 108.199     	20 108.401     	30 108.598     	81 108.439     	98 108.656     	22 108.339     	11 108.509     	29 108.240     	13 108.542     	69 108.964     	21 108.412     	53 109.294     	35 108.592     	14 109.583     	94 107.782     	 2 108.924     	74 110.057     	26 108.531     	82 110.205     	
Lap 11	42 106.972     	47 108.213     	31 108.099     	19 108.470     	80 109.007     	20 109.042     	30 108.535     	81 108.646     	29 107.664     	22 108.594     	98 109.222     	11 108.676     	13 108.911     	69 108.957     	21 108.816     	53 109.388     	35 109.094     	14 109.159     	74 108.289     	 2 109.401     	94 109.889     	26 109.119     	82 110.555     	
Lap 12	42 107.433     	31 107.569     	47 108.628     	19 108.421     	80 108.969     	20 108.843     	30 108.997     	81 109.050     	29 108.933     	98 108.413     	22 109.043     	11 110.138     	13 108.690     	21 109.087     	69 109.476     	35 108.862     	14 109.121     	53 109.564     	94 107.928     	74 110.341     	 2 109.721     	26 109.398     	82 111.900     	
Lap 13	42 107.293     	31 107.207     	47 108.075     	19 108.598     	80 108.398     	20 108.577     	30 108.475     	81 108.714     	98 109.294     	29 109.608     	22 109.367     	13 108.442     	11 109.186     	69 109.685     	21 111.498     	35 109.352     	53 109.303     	14 109.635     	94 109.308     	74 110.247     	 2 110.180     	26 109.473     	82 110.517     	
Lap 14	42 107.092     	31 107.217     	47 108.173     	80 108.597     	19 109.421     	20 108.867     	30 109.387     	81 109.816     	98 109.569     	22 109.184     	29 109.572     	11 108.123     	13 109.407     	69 108.406     	21 108.977     	35 109.159     	14 109.222     	53 110.004     	94 109.373     	 2 109.592     	26 109.232     	74 110.427     	82 111.411     	
Lap 15	42 107.324     	31 107.840     	47 107.953     	80 108.994     	19 109.477     	20 109.118     	30 109.447     	81 108.674     	98 109.316     	29 109.132     	22 109.616     	13 108.711     	11 109.709     	69 108.042     	21 109.357     	35 109.746     	94 109.049     	14 109.827     	53 109.964     	 2 109.929     	26 110.010     	74 110.285     	82 111.315     	
Lap 16	42 107.396     	31 107.783     	47 107.929     	80 109.177     	19 109.508     	20 109.633     	30 108.876     	81 109.861     	29 109.031     	98 109.392     	22 109.176     	13 109.167     	11 109.031     	69 108.953     	21 109.177     	35 109.685     	14 109.585     	94 110.394     	53 111.288     	 2 109.750     	74 109.679     	26 110.905     	82 111.559     	
Lap 17	42 107.764     	31 107.894     	47 108.263     	80 108.841     	19 108.905     	20 109.277     	30 109.058     	81 108.893     	98 109.044     	22 109.229     	29 109.939     	13 109.317     	11 109.728     	69 109.389     	21 108.218     	35 109.233     	14 110.007     	94 109.540     	53 108.387     	 2 110.333     	74 110.121     	26 110.499     	82 111.807     	
Lap 18	42 108.409     	31 107.642     	47 108.578     	80 109.392     	19 109.441     	81 108.220     	30 109.329     	20 109.500     	98 109.215     	13 109.497     	22 109.839     	11 109.337     	69 109.782     	29 110.807     	21 109.229     	35 108.944     	14 109.861     	94 109.818     	53 111.461     	 2 110.634     	74 110.757     	26 110.700     	82 111.792     	
Lap 19	42 108.243     	31 107.905     	47 108.135     	80 108.528     	19 109.218     	30 109.493     	81 109.814     	20 110.061     	98 110.188     	13 109.963     	22 109.968     	11 110.082     	29 109.250     	69 110.270     	21 108.776     	35 109.197     	94 109.641     	14 110.293     	53 109.582     	 2 110.231     	74 110.527     	26 111.208     	82 112.142     	
Lap 20	42 108.086     	31 108.622     	80 108.709     	13 109.702     	11 110.100     	29 110.225     	69 109.753     	47 125.891 PIT	35 108.723     	14 110.791     	19 126.716 PIT	30 126.833 PIT	74 109.462     	20 126.434 PIT	81 128.077 PIT	26 110.045     	98 126.935 PIT	22 127.339 PIT	21 126.968 PIT	94 127.815 PIT	53 126.624 PIT	 2 126.370 PIT	82 128.700 PIT	
Lap 21	42 108.797     	31 108.638     	80 108.460     	47 107.608     	13 110.012     	69 109.784     	29 110.437     	35 109.116     	19 108.112     	30 108.426     	20 109.035     	81 108.106     	74 111.556     	98 109.027     	22 107.804     	21 107.742     	26 111.285     	11 127.278 PIT	94 108.284     	53 107.881     	14 126.238 PIT	 2 107.757     	82 110.939     	
Lap 22	42 125.587 PIT	80 108.482     	31 126.206 PIT	47 107.864     	19 106.626     	30 108.139     	20 108.770     	81 108.688     	22 107.827     	98 108.282     	21 108.700     	11 107.912     	13 126.413 PIT	29 126.753 PIT	69 127.235 PIT	35 126.467 PIT	94 108.922     	53 108.658     	 2 107.384     	14 109.208     	74 129.051 PIT	26 128.800 PIT	82 110.091     	
Lap 23	42 108.094     	80 109.584     	31 107.475     	47 107.388     	19 107.345     	30 107.294     	20 108.537     	81 109.041     	22 108.203     	98 108.367     	21 108.342     	11 108.495     	13 108.311     	29 108.611     	69 108.662     	35 109.829     	94 109.388     	14 107.660     	53 109.450     	 2 108.919     	74 108.783     	26 109.098     	82 109.709     	
Lap 24	42 106.676     	31 106.423     	47 106.817     	19 107.539     	30 106.812     	80 125.855 PIT	20 108.095     	81 107.823     	22 108.198     	98 108.709     	21 108.275     	13 108.404     	11 108.805     	29 108.073     	69 108.971     	35 107.598     	14 108.660     	53 108.767     	94 109.506     	 2 109.662     	74 107.705     	26 108.106     	82 110.135     	
Lap 25	42 106.860     	31 107.222     	47 106.616     	19 107.297     	30 107.088     	80 107.087     	20 107.987     	22 107.143     	81 108.572     	98 107.147     	11 107.337     	21 108.600     	13 108.530     	29 107.203     	69 108.052     	35 109.581     	14 108.780     	53 108.661     	94 108.914     	 2 108.041     	74 107.835     	26 108.213     	82 109.995     	
Lap 26	42 106.628     	31 106.740     	47 106.672     	19 107.533     	30 107.726     	80 107.328     	20 108.844     	81 108.175     	22 108.729     	98 108.724     	29 106.476     	11 108.073     	21 109.247     	13 109.043     	69 107.313     	35 107.138     	14 109.273     	53 108.951     	94 109.191     	 2 109.507     	74 108.558     	26 108.667     	82 109.928     	
Lap 27	42 106.364     	31 107.024     	47 106.869     	19 107.304     	30 108.170     	80 108.481     	22 107.842     	81 108.019     	20 108.466     	98 107.455     	29 108.086     	11 109.691     	69 107.474     	13 108.356     	21 109.095     	35 107.382     	14 108.518     	53 108.822     	94 109.606     	 2 109.842     	74 107.873     	26 108.653     	82 110.405     	
Lap 28	42 106.547     	31 107.350     	47 107.518     	19 107.415     	30 108.034     	80 107.721     	81 108.234     	22 108.773     	20 108.717     	98 109.095     	29 107.570     	21 107.565     	11 108.594     	69 108.260     	13 108.724     	35 107.748     	14 109.040     	94 108.255     	53 110.355     	 2 108.283     	74 108.048     	26 108.192     	82 110.566     	
Lap 29	42 106.500     	31 107.296     	47 107.425     	19 107.610     	30 108.056     	80 108.345     	22 108.152     	81 108.776     	20 108.939     	98 109.087     	29 108.233     	21 108.864     	11 108.928     	69 109.037     	13 108.841     	35 109.254     	14 108.406     	53 108.785     	94 109.794     	 2 109.680     	74 108.744     	26 108.583     	82 110.178     	
Lap 30	42 107.442     	31 106.795     	47 107.754     	19 107.421     	30 108.515     	80 108.446     	22 108.493     	81 108.436     	29 108.558     	98 109.170     	69 108.323     	11 108.655     	21 109.549     	35 107.940     	13 109.161     	20 119.539 PIT	14 107.700     	53 108.890     	94 109.822     	 2 109.832     	74 108.238     	26 108.216     	82 111.084     	
Lap 31	42 107.250     	31 107.174     	47 107.769     	19 107.957     	80 107.869     	30 108.787     	81 108.425     	22 108.788     	29 108.827     	98 109.647     	69 108.578     	11 108.872     	21 109.521     	13 108.887     	35 109.383     	20 107.740     	14 108.456     	53 108.337     	94 109.123     	74 108.559     	 2 110.234     	26 108.444     	82 110.891     	
Lap 32	42 107.423     	31 106.812     	47 107.632     	19 107.709     	30 108.088     	80 108.589     	81 108.240     	22 107.989     	29 107.328     	98 107.450     	69 108.934     	11 109.039     	21 108.880     	35 108.676     	13 109.013     	20 107.536     	14 108.232     	53 108.427     	94 108.371     	74 109.328     	 2 110.221     	26 108.649     	82 110.728     	
Lap 33	42 107.401     	31 107.603     	47 107.418     	19 107.374     	80 108.227     	30 108.717     	22 108.021     	81 108.480     	29 107.610     	98 107.516     	69 108.628     	11 109.760     	13 108.769     	35 109.050     	20 106.800     	21 109.508     	14 108.147     	53 108.307     	94 108.254     	74 110.119     	 2 109.957     	26 109.347     	82 111.042     	
Lap 34	42 107.710     	31 109.143     	47 108.156     	19 107.495     	80 108.585     	30 108.852     	22 108.894     	29 107.962     	81 109.181     	98 108.163     	69 108.210     	11 109.004     	20 108.505     	35 108.837     	13 109.174     	21 109.800     	14 108.231     	53 108.109     	94 109.135     	74 110.011     	26 108.597     	 2 110.081     	82 112.050     	
Lap 35	42 107.717     	31 107.095     	47 107.928     	19 108.265     	80 108.712     	30 108.833     	22 108.982     	29 108.879     	81 109.343     	98 108.461     	69 107.967     	20 108.749     	11 108.993     	13 108.821     	35 108.900     	21 108.624     	14 108.735     	53 108.208     	94 108.998     	74 110.112     	26 109.859     	 2 110.854     	82 110.865     	
Lap 36	42 107.237     	31 107.237     	47 107.724     	19 107.678     	80 108.597     	30 109.376     	29 109.037     	22 109.516     	81 108.771     	98 109.757     	69 108.340     	20 108.372     	11 109.049     	35 109.053     	13 109.528     	21 108.724     	14 108.569     	53 108.960     	94 108.647     	74 109.565     	26 110.214     	 2 108.877     	82 111.167     	
Lap 37	42 107.465     	31 107.814     	47 108.184     	19 108.070     	80 107.429     	30 108.311     	29 109.258     	81 109.422     	22 109.723     	98 108.536     	69 107.987     	20 108.570     	21 107.736     	11 109.190     	35 109.832     	13 109.520     	14 108.271     	53 108.810     	94 108.705     	74 109.796     	26 110.053     	 2 110.622     	82 111.118     	
Lap 38	42 107.616     	31 108.201     	47 108.418     	19 107.957     	80 107.884     	30 108.725     	29 109.332     	22 109.239     	81 109.666     	98 109.614     	69 108.183     	20 108.364     	21 109.665     	11 109.711     	13 109.140     	35 109.869     	14 108.642     	53 108.519     	94 109.517     	74 109.423     	26 110.898     	 2 110.972     	82 111.731     	
Lap 39	42 107.714     	31 108.030     	47 108.635     	19 108.214     	80 108.104     	30 108.420     	29 109.115     	22 109.216     	81 109.348     	98 110.111     	69 109.550     	20 107.261     	11 109.361     	21 109.919     	13 109.524     	35 109.526     	14 110.072     	53 109.536     	94 108.921     	74 109.294     	26 110.838     	 2 111.324     	82 111.506     	
Lap 40	42 108.187     	31 108.333     	47 125.354 PIT	80 107.972     	30 108.854     	19 125.625 PIT	29 109.525     	22 110.234     	20 108.111     	69 110.133     	11 109.854     	21 109.871     	13 110.030     	35 109.472     	14 109.104     	81 126.914 PIT	98 126.203 PIT	74 109.789     	53 126.384 PIT	26 109.193     	 2 109.628     	94 126.722 PIT	82 112.270     	
Lap 41	42 108.565     	31 107.877     	47 107.693     	80 108.113     	19 107.198     	29 109.141     	22 108.748     	20 108.468     	69 110.678     	30 126.196 PIT	11 110.033     	35 109.530     	13 109.979     	21 110.916     	81 108.393     	98 108.605     	14 127.755 PIT	74 111.240     	53 109.274     	26 110.634     	 2 109.328     	94 108.289     	82 112.026     	
Lap 42	31 108.414     	42 125.218 PIT	47 107.253     	80 107.931     	19 106.603     	29 108.887     	20 110.123     	30 107.547     	81 107.746     	98 108.567     	22 127.026 PIT	69 126.038 PIT	11 127.021 PIT	35 127.049 PIT	21 126.672 PIT	13 127.163 PIT	14 109.055     	53 107.636     	94 107.880     	26 111.235     	74 128.364 PIT	 2 128.664 PIT	82 130.256 PIT	
Lap 43	31 108.411     	42 106.845     	47 107.077     	80 108.276     	19 107.075     	29 109.478     	20 108.302     	30 107.410     	81 107.255     	98 107.009     	22 107.400     	69 107.510     	11 108.957     	35 108.885     	13 108.415     	21 109.166     	14 108.569     	53 109.796     	94 107.578     	74 108.414     	 2 108.343     	26 127.096 PIT	82 110.455     	
Lap 44	42 106.263     	31 125.878 PIT	47 106.764     	19 107.276     	80 124.652 PIT	20 107.917     	30 107.217     	81 106.706     	98 107.009     	22 106.657     	29 126.654 PIT	69 107.686     	11 108.188     	35 108.637     	13 108.584     	21 108.668     	53 107.521     	14 109.510     	94 107.594     	74 108.291     	 2 107.824     	26 108.553     	82 110.123     	
Lap 45	42 106.435     	31 106.939     	47 107.439     	19 107.250     	80 106.799     	20 108.161     	30 107.082     	81 106.856     	98 106.825     	22 107.611     	29 108.297     	69 109.131     	11 108.249     	35 108.239     	13 108.781     	21 108.303     	53 109.265     	94 108.472     	14 111.799     	74 108.215     	 2 108.014     	26 108.225     	82 110.648     	
Lap 46	42 106.313     	31 106.847     	47 107.522     	19 107.673     	80 107.228     	30 108.297     	20 109.302     	81 107.587     	98 107.732     	22 106.755     	29 107.468     	69 107.644     	11 108.021     	21 107.056     	13 108.248     	35 108.819     	53 108.972     	94 108.591     	14 107.418     	74 108.393     	 2 107.833     	26 108.288     	82 110.429     	
Lap 47	42 106.419     	31 106.507     	47 106.716     	19 107.179     	80 107.113     	30 108.558     	20 112.307     	81 107.742     	98 108.969     	22 108.514     	29 107.553     	69 107.386     	11 108.075     	21 107.826     	35 108.316     	13 108.416     	14 107.356     	53 109.160     	94 109.015     	74 108.684     	 2 107.531     	26 108.388     	82 110.419     	
Lap 48	42 106.495     	31 107.308     	47 106.808     	19 107.075     	80 106.843     	30 107.634     	20 108.702     	81 107.584     	98 108.147     	22 108.746     	29 107.185     	69 107.284     	21 107.806     	11 108.334     	13 108.959     	35 109.101     	14 108.555     	53 109.232     	94 108.721     	74 108.600     	 2 108.391     	26 108.536     	
Lap 49	42 107.324     	31 106.547     	47 107.025     	19 107.649     	80 107.138     	30 106.935     	20 109.014     	81 107.130     	98 107.113     	22 107.042     	29 107.164     	69 107.833     	21 109.239     	11 109.101     	13 108.674     	35 108.904     	14 109.043     	94 108.639     	74 109.416     	 2 110.230     	26 108.328     	82 110.686     	
Lap 50	42 107.008     	31 106.937     	47 106.961     	19 107.842     	80 107.168     	30 107.320     	20 109.593     	81 109.040     	98 107.553     	22 107.813     	29 107.084     	69 107.286     	21 109.393     	11 109.525     	13 109.113     	35 108.983     	14 108.665     	94 108.751     	74 108.467     	 2 108.295     	26 108.428     	82 110.581     	
Lap 51	42 106.805     	31 107.295     	47 107.558     	19 108.040     	80 107.285     	30 107.582     	81 109.605     	20 109.867     	98 108.188     	22 108.577     	29 108.639     	69 107.901     	21 109.305     	11 109.183     	13 108.781     	35 108.906     	14 109.015     	94 109.470     	74 108.060     	 2 108.545     	26 108.491     	82 110.549     	
Lap 52	42 107.585     	31 106.743     	47 107.674     	19 107.598     	80 107.027     	30 107.879     	81 108.917     	22 107.249     	98 110.022     	29 107.706     	69 108.293     	20 127.670 PIT	21 108.760     	11 109.370     	13 108.676     	35 109.381     	14 108.881     	94 109.528     	74 108.401     	 2 107.788     	26 108.954     	82 110.383     	
Lap 53	42 106.848     	31 107.008     	47 108.017     	19 107.762     	80 107.126     	30 108.118     	22 108.206     	81 108.585     	98 109.105     	29 109.027     	69 107.867     	20 108.981     	21 109.648     	13 108.790     	11 109.420     	35 108.596     	14 107.964     	94 108.161     	74 108.840     	 2 108.251     	26 108.446     	82 110.879     	
Lap 54	42 107.449     	31 107.664     	47 107.400     	19 108.205     	80 107.824     	30 108.217     	22 108.662     	81 108.910     	29 108.483     	98 109.106     	69 108.231     	20 108.441     	21 108.782     	13 109.198     	11 109.233     	35 109.769     	14 108.799     	94 108.371     	74 109.991     	 2 110.362     	26 108.497     	82 110.819     	
Lap 55	42 107.519     	31 107.354     	47 107.513     	19 108.269     	80 107.769     	30 107.763     	22 109.254     	81 109.366     	29 108.476     	98 109.574     	69 109.624     	20 107.169     	21 108.070     	11 108.581     	13 109.132     	35 109.488     	14 109.705     	94 108.621     	74 108.613     	 2 108.971     	26 109.085     	82 111.250     	
Lap 56	42 107.597     	31 107.591     	47 107.894     	19 108.569     	80 107.988     	30 108.188     	22 109.499     	29 108.223     	81 109.474     	98 109.775     	69 109.895     	20 106.848     	21 108.518     	11 108.727     	13 109.286     	35 109.269     	14 109.930     	94 109.797     	74 109.045     	 2 109.021     	26 109.148     	82 111.353     	
Lap 57	42 107.147     	31 107.179     	47 108.241     	19 108.315     	80 107.308     	30 108.105     	29 108.682     	22 108.930     	81 109.597     	98 108.967     	69 110.009     	20 107.622     	21 108.080     	11 108.146     	13 108.242     	35 108.869     	94 109.876     	14 110.172     	74 109.405     	 2 108.905     	26 109.114     	82 111.183     	
Lap 58	42 107.439     	31 107.682     	47 107.907     	19 108.251     	80 107.712     	30 108.465     	22 108.842     	29 109.359     	81 108.598     	98 108.206     	69 108.549     	20 107.953     	21 108.967     	11 108.055     	13 108.587     	35 108.363     	94 109.900     	14 110.032     	74 108.704     	 2 108.827     	26 109.016     	82 111.051     	
Lap 59	42 108.137     	31 108.185     	47 108.087     	19 108.539     	80 108.315     	30 118.617 PIT	29 109.152     	22 109.816     	81 109.957     	98 108.886     	69 108.442     	20 107.654     	21 108.967     	11 108.249     	13 108.571     	35 108.366     	94 110.226     	14 110.687     	74 109.590     	 2 109.277     	26 109.429     	82 111.693     	
Lap 60	42 108.024     	31 107.782     	47 108.488     	80 107.578     	19 125.609 PIT	30 107.851     	22 109.120     	29 109.636     	98 110.277     	69 108.432     	20 107.206     	21 110.089     	81 125.939 PIT	11 110.123     	13 109.007     	35 108.284     	94 110.423     	14 111.007     	74 110.068     	 2 110.516     	26 109.104     	82 113.741     	
Lap 61	42 107.900     	31 107.793     	47 108.467     	80 108.350     	19 107.756     	30 106.670     	29 109.047     	22 109.703     	69 110.347     	20 107.731     	81 108.944     	21 109.709     	11 109.912     	13 109.639     	35 108.569     	98 126.837 PIT	94 109.369     	74 109.424     	26 109.908     	 2 110.558     	14 126.414 PIT	82 111.904     	
Lap 62	31 108.324     	42 125.532 PIT	47 126.340 PIT	80 108.153     	19 107.216     	30 106.688     	29 109.636     	22 109.999     	20 108.151     	81 107.805     	98 108.554     	11 110.256     	35 110.149     	69 125.595 PIT	21 127.664 PIT	13 126.991 PIT	74 109.619     	26 111.023     	14 107.963     	94 126.753 PIT	 2 128.949 PIT	82 112.108     	
Lap 63	31 108.509     	42 107.094     	47 107.567     	80 108.820     	19 107.245     	30 106.673     	29 109.728     	22 110.392     	20 108.308     	81 107.233     	98 108.704     	69 108.846     	11 109.990     	35 110.078     	21 108.749     	13 109.239     	94 108.510     	14 108.962     	74 126.926 PIT	 2 108.376     	26 127.956 PIT	82 112.212     	
Lap 64	31 108.502     	42 106.974     	47 106.975     	80 108.572     	19 107.117     	30 107.703     	20 108.207     	81 106.689     	29 125.236 PIT	98 107.770     	69 108.574     	22 126.232 PIT	21 108.982     	13 108.700     	11 127.858 PIT	35 128.403 PIT	94 109.182     	14 109.288     	74 108.135     	 2 107.916     	26 108.768     	82 129.681 PIT	
Lap 65	42 106.693     	31 125.452 PIT	47 107.088     	80 108.367     	19 106.918     	30 107.702     	20 107.730     	81 106.962     	29 109.063     	98 109.300     	69 108.263     	22 108.160     	21 108.666     	13 108.643     	11 107.990     	35 108.006     	94 108.725     	14 109.595     	74 108.038     	 2 107.512     	26 107.855     	82 110.100     	
Lap 66	42 107.154     	31 106.863     	47 107.016     	19 107.002     	30 107.820     	80 125.581 PIT	20 107.903     	81 107.134     	29 108.431     	22 107.617     	98 108.802     	69 108.593     	21 109.010     	13 108.429     	11 107.275     	35 107.843     	94 108.156     	14 107.272     	74 108.015     	 2 107.653     	26 108.186     	82 109.662     	
Lap 67	42 106.409     	31 106.431     	47 107.378     	19 107.313     	30 107.165     	80 106.935     	20 107.862     	81 107.114     	29 108.190     	22 108.123     	98 108.053     	69 108.935     	11 107.281     	21 108.508     	13 108.677     	35 107.686     	14 109.013     	94 109.509     	74 108.291     	 2 108.193     	26 108.813     	82 109.720     	
Lap 68	42 106.611     	31 106.786     	47 106.971     	19 107.582     	30 107.754     	80 107.305     	20 108.624     	81 107.716     	29 108.131     	22 108.061     	98 108.494     	69 107.612     	11 108.067     	21 108.643     	13 109.067     	35 108.010     	94 108.364     	14 109.366     	74 108.335     	 2 107.621     	26 108.527     	82 110.650     	
Lap 69	42 106.472     	31 107.094     	47 107.166     	19 107.349     	30 107.123     	80 107.153     	20 108.676     	81 107.531     	29 108.545     	22 108.681     	98 108.544     	69 108.849     	11 108.303     	21 108.915     	13 108.803     	35 108.570     	94 109.692     	14 109.187     	74 108.220     	 2 108.431     	26 108.591     	82 110.030     	
Lap 70	42 107.367     	31 107.001     	47 107.167     	19 107.881     	30 107.157     	80 107.488     	20 108.628     	81 107.996     	29 108.108     	22 108.727     	98 108.649     	69 108.961     	11 107.221     	21 108.814     	13 108.708     	35 108.642     	94 109.608     	14 109.530     	74 107.909     	 2 108.142     	26 108.694     	82 109.915     	
Lap 71	42 106.868     	31 107.294     	47 107.069     	19 107.237     	30 107.893     	80 106.876     	20 109.001     	81 108.067     	29 107.615     	22 108.867     	98 108.302     	69 108.964     	11 107.209     	35 108.321     	13 108.607     	21 109.177     	94 109.523     	14 109.593     	74 107.987     	 2 108.272     	26 108.204     	82 110.880     	
Lap 72	42 106.797     	31 106.862     	47 107.854     	19 108.030     	30 107.375     	80 107.203     	81 107.221     	29 107.886     	22 108.934     	98 109.101     	69 107.642     	20 125.655 PIT	11 107.778     	21 107.710     	35 108.507     	13 109.228     	14 109.130     	94 109.585     	74 108.094     	 2 108.244     	26 108.454     	82 112.261     	
Lap 73	42 107.243     	31 107.276     	47 107.419     	19 107.440     	30 107.476     	80 106.746     	81 107.935     	29 107.433     	98 108.612     	22 109.030     	69 109.282     	20 108.705     	11 107.425     	21 108.785     	35 108.489     	13 109.507     	94 108.819     	14 109.273     	74 109.070     	 2 107.815     	26 108.780     	82 110.977     	
Lap 74	42 106.816     	31 106.744     	47 107.775     	19 107.410     	80 108.159     	30 108.665     	81 107.827     	29 107.406     	22 108.255     	98 109.460     	20 108.655     	69 109.048     	11 107.331     	21 109.165     	13 107.629     	35 110.529     	94 109.739     	14 110.194     	74 110.208     	 2 110.392     	26 108.743     	82 110.696     	
Lap 75	42 107.032     	31 107.106     	47 107.723     	19 107.685     	80 108.521     	30 108.909     	81 107.456     	29 107.390     	22 107.405     	20 108.771     	98 109.297     	69 109.622     	11 108.212     	21 108.976     	35 107.877     	13 109.186     	94 109.329     	14 109.842     	74 108.671     	 2 108.664     	26 108.716     	82 110.238     	

-- OFFICIAL RESULTS --
Pos	#No	Driver						Team					Time		Diff		Pits	Best
01	#42	OOS	Frank Oosterhout		Cows Go Moo Racing		2:15:03.855	-0.000		3		106.263
02	#31	ŠAŊ	xap'ít celentir šaŋév	Team Solea Racing		2:15:21.467	-17.611		3		106.423
03	#47	PAV	ketila léqa pavúteka	Team Solea Racing		2:15:30.331	-26.475		3		106.616
04	#19	ZAI	khélok atep zailunaɰ	Team Solea Racing		2:15:45.159	-41.303		3		106.603
05	#80	AYA	Ifloenne é Aya			Team V.V. Imperial		2:15:54.897	-51.042		3		106.746
06	#30	WIS	Josh Wise				BONGATAR				2:15:55.370	-51.514		3		106.670
07	#81	KÆR	Lyǽs Kæræsekæræn		Team V.V. Imperial		2:16:24.214	-80.358		3		106.689
08	#29	ALU	Sago Aludetsei			Dotruga Formula Racing	2:16:34.869	-91.014		3		106.476
09	#22	PHI	Philipe					Team Vincent			2:16:41.032	-97.177		3		106.657
10	#20	MAC	Mac						Team Vincent			2:16:43.528	-99.673		4		106.800
11	#98	MOT	Gorga Motxev			Dotruga Formula Racing	2:16:44.000	-100.144	3		106.825
12	#69	SAN	Marisa Sanchez			Cows Go Moo Racing		2:16:44.718	-100.862	3		107.284
13	#11	XIA	Tembio Xiahelvi			Dotruga Formula Racing	2:16:52.897	-109.041	3		107.209
14	#21	ORS	Orson					Team Vincent			2:17:01.928	-118.072	3		107.056
15	#35	AKA	Asaúni Akaleta			Team Vikasani			2:17:02.480	-118.625	3		107.138
16	#13	SWE	Vernika Swerq			Cows Go Moo Racing		2:17:02.673	-118.818	3		107.629
17	#94	NES	At'ipi Nesbeksë			Team Diigikwk Racers	2:17:15.364	-131.509	3		107.578
18	#14	HÚC	Daseno Húctu			Team Vikasani			2:17:16.559	-132.703	3		107.272
19	#74	KON	Bařàsiz Konoca			Team Diigikwk Racers	2:17:20.545	-136.690	3		107.705
20	# 2	MOL	Paul Molthus			BONGATAR				2:17:21.602	-137.747	3		107.384
21	#26	ILI	Rikvisi Iliria			Team Vikasani			2:17:26.592	-142.736	3		107.855
22	#82	NUK	NUKKI					Team V.V. Imperial		2:19:32.694	-268.839	3		109.662
23	#53	TÀC	Ešuro Tàcràɰë			Team Diigikwk Racers	RETIRED		DNF			2		107.521
24	# 3	BOB	Bob						BONGATAR				RETIRED		DNF			0		108.260

-- RACE INCIDENT REPORT --
Daseno Húctu made a mistake while attempting an overtake on lap 1.
At'ipi Nesbeksë made a mistake while attempting an overtake on lap 4.
Asaúni Akaleta made a mistake while attempting an overtake on lap 7.
Bob crashed out while attempting an overtake on lap 7.
NUKKI made a mistake while attempting an overtake on lap 12.
Orson made a mistake while attempting an overtake on lap 13.
Sago Aludetsei made a mistake while attempting an overtake on lap 18.
Lyǽs Kæræsekæræn made a mistake while attempting an overtake on lap 20.
Mac made a pit stop to repair damage caused by a large incident while attempting an overtake on lap 30.
xap'ít celentir šaŋév made a mistake on lap 34.
NUKKI made a mistake while attempting an overtake on lap 34.
Bařàsiz Konoca made a mistake on lap 41.
Mac made a mistake while attempting an overtake on lap 42.
Daseno Húctu made a mistake while attempting an overtake on lap 45.
Mac made a mistake while attempting an overtake on lap 47.
Ešuro Tàcràɰë crashed out while attempting an overtake on lap 48.
Josh Wise made a pit stop to repair damage caused by a large incident on lap 59.
NUKKI made a mistake while attempting an overtake on lap 60.
NUKKI made a mistake while attempting an overtake on lap 72.
