-- LAP TIMES --
Lap 1	31 105.148     	30 105.243     	47 105.876     	22 106.077     	19 105.887     	35 106.000     	20 105.634     	81 106.334     	29 106.068     	80 105.694     	14 106.260     	42 106.252     	11 106.041     	 2 106.148     	53 106.351     	98 106.554     	21 106.487     	94 106.341     	 3 106.650     	13 106.488     	69 106.400     	74 106.815     	26 107.017     	82 107.595     	
Lap 2	30 105.312     	31 105.901     	35 105.672     	20 105.686     	19 105.898     	81 105.734     	22 105.999     	47 106.269     	42 105.828     	80 106.044     	 2 105.851     	21 105.967     	11 106.346     	29 106.735     	53 106.397     	14 106.695     	98 106.376     	 3 106.427     	13 106.595     	69 106.589     	94 106.992     	74 106.665     	26 107.514     	82 107.617     	
Lap 3	30 105.161     	31 105.913     	22 105.726     	35 106.153     	20 106.114     	81 105.967     	42 105.673     	19 106.086     	47 106.340     	80 106.544     	 2 106.386     	11 105.907     	14 106.123     	21 106.346     	29 106.259     	 3 105.864     	98 106.429     	53 106.689     	69 106.344     	13 107.233     	94 106.934     	74 107.008     	26 106.988     	82 108.156     	
Lap 4	30 104.560     	31 105.608     	81 105.426     	19 105.915     	22 106.415     	35 106.326     	47 105.919     	20 106.609     	42 106.597     	 2 105.895     	80 105.961     	29 106.114     	11 106.914     	 3 106.391     	14 106.696     	53 106.171     	21 106.988     	98 106.713     	69 106.434     	13 106.424     	74 106.411     	94 107.087     	26 106.079     	82 108.003     	
Lap 5	30 104.388     	31 105.453     	81 106.085     	19 106.611     	42 106.006     	20 106.126     	35 106.420     	47 106.430     	80 106.086     	 2 106.671     	29 106.448     	22 107.718     	53 106.094     	14 106.384     	11 106.515     	21 106.164     	 3 106.586     	69 106.421     	13 106.544     	74 106.802     	98 108.631     	94 107.175     	26 107.215     	82 107.652     	
Lap 6	30 104.729     	31 104.617     	81 105.188     	35 106.022     	47 106.004     	80 106.202     	42 106.710     	19 106.828     	20 106.779     	29 106.379     	11 106.117     	22 106.623     	 3 106.162     	21 106.259     	 2 107.297     	14 106.759     	53 107.069     	69 107.018     	74 106.847     	13 107.272     	98 106.764     	94 107.092     	26 107.375     	82 107.844     	
Lap 7	30 104.853     	31 105.155     	81 104.341     	35 106.313     	47 106.486     	19 106.429     	80 106.648     	42 106.687     	20 106.928     	22 106.105     	 2 106.057     	 3 106.311     	11 106.504     	29 106.939     	14 106.197     	21 106.739     	53 106.779     	69 107.263     	13 106.602     	74 107.060     	98 106.554     	94 106.732     	26 107.601     	82 108.040     	
Lap 8	30 104.800     	31 104.593     	81 104.790     	47 106.090     	35 106.788     	80 106.400     	19 106.759     	42 106.634     	 2 106.209     	20 106.743     	22 106.528     	11 106.691     	14 106.687     	 3 107.015     	29 106.937     	21 106.923     	53 107.866     	69 107.260     	13 106.856     	98 106.590     	74 107.427     	94 106.616     	26 106.438     	82 108.263     	
Lap 9	30 104.754     	31 105.177     	81 105.101     	47 106.535     	35 106.907     	80 106.455     	42 106.288     	19 106.410     	20 106.201     	22 106.555     	 2 107.021     	11 106.460     	21 106.115     	 3 106.636     	14 106.659     	29 106.772     	53 106.950     	13 107.012     	98 106.890     	69 107.531     	94 106.747     	74 107.020     	26 106.403     	82 108.486     	
Lap 10	30 105.237     	31 105.092     	81 105.150     	47 106.801     	35 106.195     	80 106.637     	19 106.364     	42 106.426     	20 106.547     	22 106.803     	 2 106.800     	 3 106.566     	21 106.768     	11 107.238     	14 106.902     	29 106.797     	13 106.722     	53 105.899     	98 106.272     	69 106.967     	94 107.116     	74 107.349     	26 108.139     	
Lap 11	30 105.568     	31 104.860     	81 105.594     	47 105.979     	35 106.276     	19 106.372     	42 106.597     	80 106.646     	20 106.957     	22 106.774     	 3 106.914     	 2 107.219     	21 106.910     	11 107.178     	29 107.007     	98 106.532     	53 108.276     	13 107.562     	69 107.496     	94 107.493     	74 107.173     	26 106.691     	82 108.360     	
Lap 12	30 105.520     	31 105.539     	81 105.027     	47 105.999     	35 106.706     	19 106.620     	42 106.572     	80 106.368     	20 106.630     	 3 107.236     	 2 106.540     	21 106.655     	11 106.458     	22 106.798     	29 106.503     	98 106.388     	53 108.742     	13 107.777     	69 107.676     	94 107.297     	74 107.324     	26 106.965     	
Lap 13	30 105.572     	31 105.601     	81 105.181     	47 105.502     	35 106.764     	19 106.610     	80 106.931     	22 106.460     	20 107.244     	 2 107.037     	29 106.727     	21 107.560     	11 107.361     	 3 107.203     	98 105.730     	13 106.988     	53 107.611     	69 107.540     	94 107.467     	74 108.265     	26 108.164     	82 108.103     	
Lap 14	30 105.590     	31 105.045     	81 105.394     	47 105.531     	35 106.428     	80 106.855     	19 107.414     	22 106.363     	20 107.162     	 2 107.273     	 3 106.767     	29 107.517     	98 106.819     	11 107.307     	21 107.554     	13 107.124     	53 107.552     	69 107.495     	94 107.462     	74 107.482     	26 108.105     	82 108.567     	
Lap 15	30 105.234     	31 105.187     	81 105.604     	47 105.514     	35 105.611     	80 106.823     	19 107.266     	22 107.056     	20 106.945     	 3 106.834     	21 106.238     	29 106.900     	 2 107.438     	98 107.165     	11 107.441     	13 107.898     	53 107.270     	69 107.982     	94 107.997     	74 107.799     	26 106.959     	82 108.750     	
Lap 16	30 105.757     	31 105.572     	81 105.656     	47 105.745     	35 106.277     	80 107.248     	22 106.587     	19 107.669     	20 107.145     	 2 106.906     	21 107.253     	 3 107.458     	29 107.425     	98 107.257     	11 108.169     	53 107.046     	13 107.344     	69 107.512     	94 107.987     	74 108.373     	26 108.653     	82 108.778     	
Lap 17	30 105.407     	31 105.406     	81 106.014     	47 105.744     	35 105.757     	80 107.311     	22 107.384     	19 106.973     	20 107.283     	 3 106.847     	21 107.185     	 2 107.722     	11 106.011     	29 107.828     	98 109.010     	53 107.496     	13 108.214     	69 107.446     	94 106.976     	74 108.189     	26 108.937     	82 108.985     	
Lap 18	30 105.444     	31 105.499     	81 105.618     	47 105.776     	35 106.302     	80 107.505     	22 107.678     	19 107.408     	20 107.905     	21 107.238     	 3 107.773     	29 106.676     	 2 107.280     	11 107.722     	98 106.573     	53 107.658     	13 108.336     	69 107.754     	94 107.622     	74 107.343     	26 107.276     	82 108.726     	
Lap 19	30 105.707     	31 106.019     	81 105.478     	47 105.972     	35 106.760     	80 107.458     	22 107.064     	19 107.874     	20 107.435     	21 107.518     	 2 107.344     	29 107.539     	 3 107.702     	98 107.913     	53 106.984     	94 107.197     	13 108.029     	69 108.366     	74 107.403     	26 107.973     	11 119.155 PIT	82 108.663     	
Lap 20	30 106.171     	31 106.450     	81 106.055     	47 106.208     	35 106.672     	22 107.012     	80 107.253     	19 107.640     	20 107.621     	 2 107.427     	21 107.884     	29 107.958     	 3 108.063     	98 106.766     	53 107.143     	94 107.995     	13 107.715     	69 107.481     	74 107.165     	11 107.774     	26 108.582     	82 109.614     	
Lap 21	31 106.223     	81 106.412     	30 123.599 PIT	80 106.905     	22 108.031     	20 108.075     	47 123.829 PIT	 2 107.545     	29 107.787     	98 107.507     	35 122.826 PIT	94 108.765     	11 105.949     	13 110.931     	26 108.067     	19 125.495 PIT	 3 124.565 PIT	21 125.615 PIT	53 124.036 PIT	69 125.460 PIT	74 125.828 PIT	82 126.130 PIT	
Lap 22	81 106.249     	30 104.518     	31 123.099 PIT	22 106.613     	47 106.099     	35 105.412     	11 106.700     	80 123.494 PIT	26 107.722     	19 105.577     	21 105.002     	 3 106.202     	 2 124.466 PIT	20 125.015 PIT	29 125.013 PIT	53 106.083     	98 126.747 PIT	69 105.908     	94 124.824 PIT	74 106.771     	13 125.388 PIT	82 108.132     	
Lap 23	81 106.625     	30 104.770     	31 104.680     	47 104.784     	35 105.209     	11 105.334     	80 105.417     	19 106.214     	22 124.621 PIT	 3 105.794     	20 105.622     	26 109.567     	29 105.376     	 2 107.147     	21 109.184     	53 106.898     	98 107.912     	69 105.862     	94 106.948     	74 106.540     	13 105.707     	82 108.035     	
Lap 24	30 104.441     	31 104.266     	81 124.190 PIT	47 104.386     	35 104.848     	11 105.688     	80 104.845     	19 106.536     	22 106.362     	20 106.348     	21 104.666     	 2 106.080     	 3 108.113     	29 106.798     	53 105.094     	98 105.362     	69 105.195     	94 106.946     	74 106.915     	13 105.588     	26 126.514 PIT	82 107.771     	
Lap 25	30 104.448     	31 105.065     	81 104.693     	47 104.726     	35 105.171     	11 106.363     	80 105.758     	22 105.736     	19 106.668     	20 105.919     	29 105.191     	 2 105.907     	21 106.831     	 3 106.465     	53 105.331     	98 105.333     	69 105.384     	94 106.873     	74 106.902     	13 107.384     	26 106.168     	
Lap 26	30 104.349     	31 104.899     	81 104.557     	47 105.413     	35 105.000     	80 105.853     	11 106.845     	22 106.281     	19 106.561     	20 106.611     	29 106.178     	21 106.388     	 2 106.794     	 3 106.868     	98 105.397     	53 106.997     	69 106.094     	94 106.446     	74 106.578     	26 106.443     	82 107.979     	
Lap 27	30 104.787     	31 104.792     	81 104.948     	47 104.884     	35 105.346     	80 106.794     	11 107.369     	22 105.648     	19 106.191     	20 106.607     	29 106.224     	21 106.319     	 2 106.518     	 3 106.413     	98 105.980     	53 108.410     	69 106.316     	94 107.109     	74 107.317     	26 106.287     	82 107.778     	
Lap 28	30 105.045     	31 104.408     	81 105.146     	47 105.225     	35 104.932     	80 104.885     	11 105.220     	22 105.545     	19 105.418     	29 106.455     	20 106.647     	21 106.741     	 2 106.915     	98 106.827     	 3 107.008     	53 106.794     	69 107.256     	94 106.794     	74 106.531     	26 105.846     	82 108.321     	
Lap 29	30 104.735     	31 104.859     	81 104.226     	47 105.571     	35 105.000     	80 105.746     	11 106.153     	22 105.070     	19 105.087     	29 106.415     	20 106.901     	 2 106.364     	21 106.923     	98 106.910     	 3 107.681     	53 105.895     	69 105.747     	94 106.829     	74 107.216     	26 106.689     	82 107.847     	
Lap 30	30 104.734     	31 105.133     	81 104.467     	47 104.949     	35 105.249     	80 105.531     	11 105.536     	22 105.692     	19 105.396     	21 104.818     	29 106.796     	20 106.552     	 2 106.680     	98 106.438     	 3 106.495     	53 107.063     	69 105.982     	74 106.782     	94 107.486     	26 106.525     	82 107.737     	
Lap 31	30 104.530     	31 105.274     	81 104.430     	47 104.779     	35 105.716     	80 105.720     	11 106.238     	22 105.735     	19 106.057     	21 106.443     	29 106.965     	 2 105.657     	20 107.117     	98 106.283     	 3 107.173     	53 106.969     	69 107.527     	94 106.799     	74 107.445     	26 106.084     	82 108.332     	
Lap 32	30 105.335     	31 105.503     	81 105.082     	47 105.771     	35 105.652     	80 105.455     	11 106.181     	22 105.637     	19 106.254     	21 106.462     	20 105.914     	 2 106.361     	29 107.249     	98 105.478     	 3 106.021     	53 106.878     	69 106.723     	94 107.233     	74 107.373     	26 106.910     	82 108.510     	
Lap 33	30 104.908     	31 105.597     	81 105.362     	47 105.910     	35 106.046     	80 105.791     	11 106.312     	22 105.828     	19 106.239     	20 106.356     	21 107.323     	 2 106.893     	29 107.282     	 3 105.461     	98 108.545     	53 106.944     	69 107.718     	94 107.436     	74 107.505     	26 106.227     	82 108.021     	
Lap 34	30 105.366     	31 104.988     	81 105.301     	47 105.180     	35 105.634     	80 106.051     	22 106.116     	11 107.172     	19 105.754     	20 106.742     	21 106.895     	 2 107.514     	29 106.674     	 3 107.008     	98 107.413     	53 106.279     	69 106.602     	94 107.320     	74 107.211     	26 106.294     	82 108.429     	
Lap 35	30 105.200     	31 105.526     	81 105.160     	47 105.193     	35 106.197     	80 105.589     	22 106.475     	11 107.844     	19 106.481     	20 106.602     	29 105.356     	21 107.547     	 2 106.483     	 3 106.308     	98 106.280     	53 106.575     	69 105.949     	94 107.863     	74 107.841     	26 106.307     	82 108.831     	
Lap 36	30 105.849     	31 105.084     	81 105.435     	47 106.029     	35 105.729     	80 105.677     	22 105.518     	19 106.608     	11 107.633     	20 106.790     	29 107.557     	21 107.457     	 3 106.340     	 2 107.528     	98 106.134     	53 107.193     	69 107.241     	94 107.173     	74 107.748     	26 108.225     	82 108.768     	
Lap 37	30 105.193     	31 105.162     	81 105.715     	47 106.249     	35 106.294     	80 106.394     	22 105.808     	19 107.238     	11 108.417     	20 105.618     	29 106.895     	 3 107.022     	21 107.522     	 2 107.534     	98 107.011     	53 107.543     	69 107.705     	94 106.786     	74 107.725     	26 108.723     	82 108.540     	
Lap 38	30 105.808     	31 105.641     	81 105.684     	47 105.963     	35 106.433     	80 105.661     	22 105.344     	19 105.919     	11 106.915     	20 106.161     	29 107.319     	 3 107.717     	 2 107.156     	98 107.071     	21 107.766     	53 106.657     	69 107.156     	94 106.389     	74 107.203     	26 107.265     	82 108.773     	
Lap 39	30 105.274     	31 106.081     	81 105.213     	47 105.881     	35 105.861     	80 106.247     	22 105.527     	19 106.827     	11 106.342     	20 106.383     	29 106.653     	 2 106.907     	98 106.786     	 3 107.776     	21 107.431     	53 106.267     	69 107.040     	94 106.301     	74 107.526     	26 106.969     	82 121.230 PIT	
Lap 40	30 105.729     	31 105.300     	81 105.160     	47 106.093     	35 106.226     	80 106.057     	22 106.314     	19 106.098     	11 107.224     	20 106.768     	29 105.990     	21 106.227     	98 107.550     	 2 107.903     	 3 107.479     	53 106.670     	69 106.729     	94 106.958     	74 107.815     	26 107.335     	82 108.504     	
Lap 41	30 105.937     	31 105.667     	81 105.404     	47 106.242     	35 106.257     	80 106.800     	22 105.955     	19 106.304     	11 106.619     	20 106.092     	29 106.331     	98 107.150     	21 107.759     	 2 107.587     	53 107.242     	 3 108.536     	69 106.813     	94 106.976     	74 108.857     	26 108.899     	82 107.363     	
Lap 42	31 105.684     	81 106.159     	30 123.506 PIT	47 106.381     	80 106.457     	22 105.946     	35 123.582 PIT	19 107.187     	11 107.022     	20 106.872     	29 106.696     	98 107.187     	 2 108.292     	53 107.867     	69 107.721     	94 107.261     	21 126.630 PIT	 3 125.279 PIT	26 108.625     	74 125.988 PIT	82 107.795     	
Lap 43	81 105.526     	30 104.787     	31 122.481 PIT	47 106.820     	22 106.477     	35 105.580     	80 123.819 PIT	20 107.140     	19 123.792 PIT	69 107.839     	11 124.800 PIT	29 123.456 PIT	94 107.590     	98 123.772 PIT	21 106.919     	 2 124.805 PIT	53 125.268 PIT	 3 107.774     	26 107.191     	74 106.065     	82 107.569     	
Lap 44	81 106.331     	30 104.920     	31 105.167     	47 123.726 PIT	35 106.652     	22 107.725     	80 106.605     	19 105.360     	11 105.343     	20 124.794 PIT	29 105.839     	98 105.378     	21 106.019     	 2 107.378     	53 106.461     	 3 106.721     	69 124.458 PIT	26 107.672     	94 124.867 PIT	74 106.039     	82 107.903     	
Lap 45	81 106.244     	30 105.079     	31 104.335     	47 105.348     	35 105.814     	80 105.313     	22 124.534 PIT	19 105.492     	11 105.397     	29 105.844     	20 106.602     	98 105.134     	21 105.882     	53 106.237     	 2 106.758     	 3 106.860     	69 106.893     	94 106.572     	74 106.410     	26 125.952 PIT	82 107.401     	
Lap 46	30 104.229     	31 104.200     	81 123.056 PIT	47 104.410     	35 105.032     	80 105.327     	22 105.681     	19 104.957     	11 105.495     	29 106.159     	20 106.775     	98 104.726     	21 105.908     	 2 105.930     	53 106.189     	 3 105.396     	69 105.966     	94 105.268     	74 106.097     	26 106.374     	82 108.026     	
Lap 47	30 104.430     	31 104.638     	81 104.998     	47 105.062     	35 105.560     	80 105.451     	22 104.484     	19 105.339     	11 105.542     	29 106.187     	20 106.150     	98 105.237     	21 105.324     	 2 106.616     	53 106.633     	 3 108.499     	69 105.860     	94 105.557     	74 106.323     	26 106.148     	82 108.045     	
Lap 48	30 105.093     	31 104.523     	81 104.883     	47 105.242     	35 104.831     	80 104.849     	22 104.540     	19 105.488     	11 105.022     	29 106.232     	20 105.790     	98 108.153     	21 105.349     	 2 106.616     	53 106.896     	69 106.028     	 3 106.193     	94 106.121     	74 106.005     	26 106.238     	82 108.211     	
Lap 49	30 104.402     	31 104.709     	81 104.226     	47 104.687     	35 105.439     	80 105.658     	22 104.992     	19 105.486     	11 105.219     	29 106.571     	20 107.089     	98 105.688     	21 105.161     	 2 106.139     	53 106.547     	 3 106.675     	69 106.942     	94 105.595     	74 106.134     	26 106.531     	82 108.006     	
Lap 50	30 105.330     	31 104.681     	81 104.480     	47 105.192     	35 104.873     	80 105.892     	22 105.566     	19 105.327     	11 105.848     	29 106.653     	98 104.937     	20 106.734     	21 106.194     	 2 106.167     	53 107.135     	69 106.012     	 3 106.573     	94 105.768     	74 106.183     	26 106.422     	82 108.300     	
Lap 51	30 104.880     	31 105.095     	81 104.719     	47 105.318     	35 105.828     	80 104.982     	22 105.601     	19 105.326     	11 105.683     	29 106.557     	98 106.073     	20 106.594     	21 106.028     	 2 105.256     	53 106.942     	69 106.501     	 3 106.746     	94 105.632     	74 106.723     	26 106.914     	
Lap 52	30 105.237     	31 105.226     	81 104.900     	47 105.598     	35 105.277     	80 105.630     	22 104.793     	19 105.896     	11 106.046     	29 106.375     	98 106.345     	20 106.420     	21 106.040     	 2 105.258     	53 106.669     	69 107.004     	 3 106.944     	94 105.752     	26 106.654     	82 108.743     	
Lap 53	30 104.644     	31 105.418     	81 104.813     	47 105.258     	35 105.228     	80 105.655     	22 105.364     	19 106.018     	11 105.349     	29 106.764     	98 107.150     	20 106.618     	21 105.832     	 2 105.428     	53 106.735     	69 107.031     	 3 107.051     	94 106.485     	26 106.169     	82 108.749     	
Lap 54	30 104.722     	31 104.709     	81 105.146     	47 105.537     	35 106.101     	80 105.957     	22 105.530     	19 105.822     	11 105.989     	29 106.650     	98 106.534     	20 106.636     	21 106.268     	 2 105.367     	53 106.553     	69 107.277     	 3 107.434     	94 106.402     	26 106.287     	82 108.087     	
Lap 55	30 105.713     	31 104.954     	81 105.217     	47 105.433     	35 105.446     	80 106.110     	22 104.989     	19 105.536     	11 105.542     	98 106.462     	29 107.285     	20 107.063     	21 107.038     	 2 106.062     	53 105.886     	69 106.990     	 3 107.196     	94 106.247     	26 106.643     	82 108.275     	
Lap 56	30 105.475     	31 105.513     	81 104.788     	47 105.280     	35 105.885     	80 106.196     	22 105.948     	19 106.012     	11 105.747     	98 107.185     	20 106.575     	29 107.344     	21 107.401     	 2 106.268     	53 105.567     	69 107.252     	94 105.895     	 3 107.354     	26 106.289     	82 108.942     	
Lap 57	30 105.584     	31 105.064     	81 104.806     	47 105.395     	35 106.097     	80 106.279     	22 105.444     	19 106.188     	11 105.571     	98 107.156     	29 106.778     	20 107.220     	21 107.686     	 2 107.952     	53 106.406     	69 106.876     	94 107.434     	 3 107.811     	26 107.102     	82 109.146     	
Lap 58	30 105.285     	31 105.057     	81 105.213     	47 105.716     	35 105.963     	22 106.572     	80 107.199     	19 106.105     	11 106.128     	29 107.117     	98 107.463     	20 107.534     	21 105.947     	 2 105.981     	53 106.488     	69 107.105     	94 107.259     	 3 106.576     	26 106.875     	82 108.682     	
Lap 59	30 105.245     	31 105.447     	81 104.926     	47 106.158     	35 106.143     	22 106.714     	80 106.794     	19 105.978     	11 105.870     	98 107.316     	29 107.597     	20 107.067     	 2 106.231     	21 107.783     	53 105.886     	69 106.344     	94 107.763     	 3 107.837     	26 107.194     	82 109.476     	
Lap 60	30 105.640     	31 106.148     	81 105.769     	47 105.298     	35 106.136     	22 106.666     	80 106.576     	19 106.673     	11 106.104     	20 106.758     	98 107.184     	29 107.093     	21 106.237     	 2 107.187     	53 106.466     	69 106.944     	94 107.280     	 3 109.555     	26 107.433     	82 125.923 PIT	
Lap 61	30 105.414     	31 105.900     	81 105.670     	47 105.856     	35 105.967     	22 107.031     	80 107.099     	19 106.028     	11 106.871     	20 106.819     	29 107.177     	98 107.667     	21 108.162     	 2 107.732     	53 106.652     	69 106.382     	94 106.324     	 3 106.767     	26 106.822     	82 107.911     	
Lap 62	30 105.911     	31 106.089     	81 105.739     	47 105.848     	35 106.072     	80 106.561     	22 107.488     	19 106.306     	11 106.405     	20 107.862     	29 107.973     	98 108.562     	21 107.533     	 2 107.790     	53 106.752     	69 106.311     	94 106.482     	 3 107.077     	26 107.261     	82 108.020     	
Lap 63	31 105.777     	81 105.243     	30 123.353 PIT	47 106.205     	35 106.844     	80 107.452     	22 107.031     	19 106.390     	11 106.780     	20 107.770     	29 108.099     	98 107.991     	53 106.558     	 2 108.879     	69 107.304     	94 106.570     	 3 106.622     	21 125.259 PIT	26 107.672     	82 107.403     	
Lap 64	31 105.857     	81 105.707     	30 105.051     	47 105.794     	35 123.711 PIT	22 106.915     	11 106.711     	80 124.866 PIT	19 124.054 PIT	20 107.233     	29 107.633     	53 108.093     	69 106.685     	94 108.720     	 3 106.915     	21 106.128     	98 125.948 PIT	 2 125.857 PIT	26 107.951     	82 107.988     	
Lap 65	31 106.364     	81 105.465     	30 104.075     	47 123.559 PIT	35 105.020     	22 106.760     	80 105.774     	19 105.584     	11 124.227 PIT	20 106.453     	29 107.210     	53 107.011     	94 107.575     	21 105.537     	98 105.783     	 2 105.904     	69 124.606 PIT	26 107.375     	 3 124.759 PIT	82 107.670     	
Lap 66	31 107.038     	81 106.249     	30 104.796     	47 105.690     	35 105.051     	80 105.397     	22 124.214 PIT	19 104.811     	11 106.008     	20 107.061     	29 107.121     	53 107.469     	94 107.022     	21 105.211     	98 104.754     	 2 104.860     	69 105.781     	26 107.618     	 3 105.869     	82 107.960     	
Lap 67	30 104.525     	31 123.759 PIT	81 123.405 PIT	47 104.852     	35 104.668     	80 105.343     	22 106.604     	19 105.923     	11 105.492     	20 107.010     	21 105.098     	94 107.915     	98 105.318     	 2 104.774     	29 124.237 PIT	53 125.188 PIT	69 105.780     	 3 107.136     	26 108.979     	82 108.318     	
Lap 68	30 104.771     	31 104.580     	81 104.700     	47 104.829     	35 105.129     	80 105.724     	22 106.045     	19 106.174     	11 105.562     	21 105.582     	 2 105.602     	98 107.383     	20 124.594 PIT	29 105.455     	53 106.045     	69 105.268     	 3 105.697     	26 108.446     	94 128.373 PIT	82 108.125     	
Lap 69	30 104.972     	31 104.969     	81 104.505     	47 104.909     	35 105.447     	80 105.524     	22 106.445     	19 106.827     	11 105.838     	21 105.968     	 2 106.475     	98 106.007     	20 106.133     	29 106.814     	53 106.170     	69 106.629     	 3 104.986     	94 106.356     	26 125.164 PIT	82 108.149     	
Lap 70	30 104.769     	31 104.165     	81 104.344     	47 105.281     	35 104.951     	80 105.470     	22 106.205     	19 106.082     	11 105.850     	21 105.166     	 2 106.156     	98 105.965     	20 106.039     	29 106.830     	53 105.752     	69 105.934     	 3 105.118     	94 106.025     	26 107.052     	82 107.916     	

-- OFFICIAL RESULTS --
Pos	#No	Driver						Team					Time		Diff		Pits	Best
01	#30	WIS	Josh Wise				BONGATAR				2:03:31.399	-0.000		3		104.075
02	#31	ŠAŊ	xap'ít celentir šaŋév	Team Solea Racing		2:03:42.629	-11.230		3		104.165
03	#81	KÆR	Lyǽs Kæræsekæræn		Team V.V. Imperial		2:03:46.524	-15.126		3		104.226
04	#47	PAV	ketila léqa pavúteka	Team Solea Racing		2:04:08.756	-37.357		3		104.386
05	#35	AKA	Asaúni Akaleta			Team Vikasani			2:04:19.914	-48.515		3		104.668
06	#80	AYA	Ifloenne é Aya			Team V.V. Imperial		2:04:44.499	-73.100		3		104.845
07	#22	PHI	Philipe					Team Vincent			2:04:49.983	-78.584		3		104.484
08	#19	ZAI	khélok atep zailunaɰ	Team Solea Racing		2:04:50.411	-79.013		3		104.811
09	#11	XIA	Tembio Xiahelvi			Dotruga Formula Racing	2:04:55.624	-84.225		3		105.022
10	#21	ORS	Orson					Team Vincent			2:05:17.962	-106.563	3		104.666
11	# 2	MOL	Paul Molthus			BONGATAR				2:05:22.880	-111.481	3		104.774
12	#98	MOT	Gorga Motxev			Dotruga Formula Racing	2:05:22.997	-111.598	3		104.726
13	#20	MAC	Mac						Team Vincent			2:05:24.537	-113.138	3		105.618
14	#29	ALU	Sago Aludetsei			Dotruga Formula Racing	2:05:26.179	-114.780	3		105.191
15	#53	TÀC	Ešuro Tàcràɰë			Team Diigikwk Racers	2:05:28.884	-117.485	3		105.094
16	#69	SAN	Marisa Sanchez			Cows Go Moo Racing		2:05:30.103	-118.704	3		105.195
17	# 3	BOB	Bob						BONGATAR				2:05:35.972	-124.573	3		104.986
18	#94	NES	At'ipi Nesbeksë			Team Diigikwk Racers	2:05:43.689	-132.290	3		105.268
19	#26	ILI	Rikvisi Iliria			Team Vikasani			2:06:02.292	-150.893	3		105.846
20	#82	NUK	NUKKI					Team V.V. Imperial		2:07:07.558	-216.159	3		107.363
21	#74	KON	Bařàsiz Konoca			Team Diigikwk Racers	RETIRED		DNF			2		106.005
22	#13	SWE	Vernika Swerq			Cows Go Moo Racing		RETIRED		DNF			1		105.588
23	#42	OOS	Frank Oosterhout		Cows Go Moo Racing		RETIRED		DNF			0		105.673
24	#14	HÚC	Daseno Húctu			Team Vikasani			RETIRED		DNF			0		106.123

01	#20	MAC	Mac			81	
02	#22	PHI	Philipe			77	+06
03	#21	ORS	Orson			55	+01
04	#31	ŠAŊ	xap'ít celentir šaŋév	68	+18
05	#30	WIS	Josh Wise		63	+25
06	#14	HÚC	Daseno Húctu		34	
07	#47	PAV	ketila léqa pavúteka	45	+12
08	#10	DRI	Moose'; DROP TABLE driv	24	
09	#94	NES	At'ipi Nesbeksë		19	
10	# 4	HIS	Moose for(i = 1;;i++) {	18	
11	#81	KÆR	Lyǽs Kæræsekæræn	33	+15
12	#42	OOS	Frank Oosterhout	16	
13	#35	AKA	Asaúni Akaleta		26	+10
14	#11	XIA	Tembio Xiahelvi		12	+02
15	#98	MOT	Gorga Motxev		08	
16	#69	SAN	Marisa Sanchez		04	
17	#19	ZAI	khélok atep zailunaɰ	08	+04
18	# 2	MOL	Paul Molthus		04	
19	#80	AYA	Ifloenne é Aya		10	+08
20	#74	KON	Bařàsiz Konoca		01
21	#53	TÀC	Ešuro Tàcràɰë		00
22	#29	ALU	Sago Aludetsei		00
23	#26	ILI	Rikvisi Iliria		00
24	#13	SWE	Vernika Swerq		00
25	# 3	BOB	Bob			00
26	#82	NUK	NUKKI			00
27	# 7	BS=	Moose sudo dd if=/dev/z	00

01	Team Vincent				206	+14
02	Team Solea Racing			87	+40
03	Team Vikasani				50	+12
04	Team Moosii				42	
05	BONGATAR				42	+04
06	Team Diigikwk Racers			20	
07	Cows Go Moo Racing			20	+12
08	Dotruga Formula Racing			18	
09	Team V.V. Imperial			18	+18

-- RACE INCIDENT REPORT --
Philipe made a mistake while attempting an overtake on lap 5.
Gorga Motxev made a mistake while attempting an overtake on lap 5.
Paul Molthus made a mistake while attempting an overtake on lap 6.
Daseno Húctu crashed out while attempting an overtake on lap 10.
NUKKI made a mistake while attempting an overtake on lap 10.
Frank Oosterhout crashed out while attempting an overtake on lap 12.
Tembio Xiahelvi made a pit stop to repair damage caused by a large incident while attempting an overtake on lap 19.
Vernika Swerq made a mistake while attempting an overtake on lap 21.
Orson made a mistake while attempting an overtake on lap 23.
Bob made a mistake while attempting an overtake on lap 24.
Vernika Swerq crashed out while attempting an overtake on lap 25.
Gorga Motxev made a mistake while attempting an overtake on lap 29.
Gorga Motxev made a mistake while attempting an overtake on lap 34.
NUKKI made a pit stop to repair damage caused by a large incident while attempting an overtake on lap 39.
Bob made a mistake while attempting an overtake on lap 41.
Orson made a mistake while attempting an overtake on lap 42.
Bob made a mistake while attempting an overtake on lap 47.
Bařàsiz Konoca crashed out on lap 51.
Bob made a mistake while attempting an overtake on lap 60.
At'ipi Nesbeksë made a mistake on lap 64.
At'ipi Nesbeksë made a mistake while attempting an overtake on lap 68.
