-- LAP TIMES --
Lap 1	20 88.549     	47 88.521     	22 88.534     	11 88.474     	19 88.808     	81 88.726     	21 88.649     	31 88.527     	30 88.777     	14 89.157     	98 89.291     	74 88.842     	42 89.247     	35 89.384     	94 89.003     	80 88.917     	29 89.367     	53 89.055     	13 89.207     	 2 89.158     	69 89.584     	26 89.820     	 3 89.892     	82 89.804     	
Lap 2	20 88.169     	47 88.229     	19 88.253     	31 88.780     	11 89.269     	22 89.436     	80 88.281     	21 89.216     	81 89.266     	30 88.955     	35 88.689     	42 88.747     	29 88.714     	98 89.295     	14 89.484     	94 89.473     	69 89.012     	74 89.750     	53 89.539     	13 89.592     	26 89.244     	 2 90.017     	 3 89.552     	82 90.627     	
Lap 3	20 88.414     	47 88.331     	19 88.140     	31 88.490     	11 88.652     	22 88.875     	80 88.952     	81 88.921     	35 88.642     	42 88.750     	21 89.243     	30 89.128     	98 88.621     	29 89.421     	94 89.144     	14 89.479     	69 89.506     	53 89.483     	74 89.707     	26 89.514     	13 89.793     	 3 89.169     	 2 89.518     	82 89.967     	
Lap 4	19 87.710     	20 88.716     	47 89.030     	31 88.672     	81 88.468     	11 89.147     	22 89.149     	42 88.905     	80 89.110     	35 89.141     	21 89.107     	30 89.078     	29 88.664     	98 89.350     	94 89.029     	14 89.346     	53 88.914     	69 89.495     	74 89.422     	 2 88.944     	13 89.500     	26 90.049     	 3 90.005     	82 90.385     	
Lap 5	19 88.957     	20 88.840     	47 88.542     	31 88.759     	22 88.648     	81 89.259     	42 88.771     	11 89.212     	80 88.933     	35 88.945     	21 88.703     	98 88.689     	30 89.053     	29 89.297     	94 89.452     	14 89.223     	53 89.788     	69 89.587     	74 89.535     	13 89.171     	 2 89.864     	26 90.014     	 3 89.911     	82 90.482     	
Lap 6	19 88.914     	20 88.386     	47 89.117     	31 88.448     	22 88.337     	42 88.535     	81 88.829     	80 88.686     	35 89.000     	30 88.789     	11 89.490     	21 89.275     	98 89.340     	29 89.503     	94 88.854     	14 89.652     	69 88.899     	53 89.524     	74 89.834     	13 89.880     	 2 89.847     	26 89.222     	 3 89.802     	82 90.661     	
Lap 7	19 88.374     	20 89.178     	47 88.452     	31 88.992     	22 88.325     	81 88.661     	42 89.428     	80 89.417     	35 89.257     	21 89.036     	11 89.274     	98 88.943     	30 89.522     	29 88.934     	94 89.643     	69 89.025     	14 89.735     	53 89.646     	74 89.194     	26 89.342     	13 90.037     	 2 89.902     	 3 90.059     	82 90.302     	
Lap 8	19 88.126     	20 88.739     	47 88.913     	31 88.873     	22 89.127     	81 89.516     	80 88.969     	42 89.422     	21 88.985     	30 88.813     	98 89.172     	35 89.655     	11 89.404     	29 89.104     	94 89.156     	69 89.172     	14 89.181     	74 89.408     	53 89.638     	13 89.139     	26 90.011     	 3 88.718     	 2 90.261     	82 90.746     	
Lap 9	19 88.205     	20 88.660     	47 89.271     	31 89.015     	22 88.690     	81 88.716     	80 88.930     	42 89.299     	98 88.832     	21 89.432     	35 89.005     	30 89.449     	11 89.269     	29 89.065     	94 89.083     	69 89.399     	14 89.810     	53 89.412     	13 89.310     	74 90.096     	26 89.851     	 3 89.710     	 2 89.537     	82 90.016     	
Lap 10	19 88.424     	20 88.571     	47 89.234     	31 89.177     	22 89.187     	81 89.397     	80 88.938     	42 88.942     	21 89.248     	98 89.486     	11 88.982     	29 88.998     	30 89.792     	35 89.896     	94 89.865     	69 89.474     	14 88.956     	74 88.748     	53 89.380     	13 89.845     	 2 88.917     	26 90.320     	 3 90.352     	82 90.121     	
Lap 11	19 88.060     	20 88.319     	47 89.166     	31 88.816     	22 88.909     	81 89.141     	80 89.198     	42 89.565     	21 89.003     	11 89.026     	98 89.388     	29 89.236     	30 89.745     	35 90.497     	69 89.486     	94 90.027     	14 89.139     	53 89.684     	74 89.925     	13 89.898     	 2 89.249     	26 90.119     	 3 90.693     	82 90.115     	
Lap 12	19 87.708     	20 88.260     	31 88.682     	22 88.782     	47 89.345     	80 88.956     	81 89.229     	42 89.169     	21 89.384     	11 89.512     	98 89.683     	29 89.755     	30 89.668     	35 89.017     	14 89.477     	69 89.807     	94 89.892     	53 89.195     	74 89.480     	 2 89.231     	13 89.704     	26 89.926     	 3 91.014     	82 90.714     	
Lap 13	19 88.410     	20 88.102     	31 88.603     	47 88.592     	22 89.313     	80 89.110     	81 89.616     	42 89.357     	21 89.429     	11 89.465     	98 89.232     	29 89.660     	30 89.014     	35 90.657     	14 89.240     	94 89.221     	69 89.760     	53 89.911     	74 89.667     	13 88.753     	 2 89.541     	26 89.522     	 3 89.322     	82 91.047     	
Lap 14	19 88.446     	20 87.808     	22 87.892     	31 89.270     	47 89.075     	80 89.058     	42 88.904     	81 89.756     	21 89.018     	11 89.466     	98 89.669     	29 89.012     	30 89.526     	35 89.368     	14 89.304     	94 89.897     	69 90.001     	53 89.642     	74 89.489     	13 89.453     	 2 89.265     	26 89.163     	 3 89.281     	82 91.095     	
Lap 15	19 88.313     	20 88.729     	22 89.385     	47 88.807     	31 89.284     	80 88.278     	42 89.437     	81 89.689     	21 89.393     	98 89.356     	29 89.497     	11 90.000     	30 89.448     	35 89.752     	14 89.737     	94 89.450     	69 90.199     	53 89.681     	74 89.719     	 2 89.565     	13 89.822     	26 89.699     	 3 88.764     	82 90.623     	
Lap 16	19 88.168     	20 88.775     	31 88.665     	22 88.946     	47 89.538     	80 88.120     	42 89.252     	21 89.014     	81 89.739     	98 89.411     	11 89.283     	29 89.499     	30 89.433     	35 89.251     	14 89.523     	94 89.558     	13 88.994     	69 89.932     	53 89.677     	 2 89.935     	74 90.461     	26 89.919     	 3 91.162     	82 91.158     	
Lap 17	19 88.524     	20 88.679     	80 87.800     	22 89.344     	31 89.468     	47 88.855     	21 89.214     	42 89.567     	81 90.034     	11 89.592     	98 89.816     	29 89.811     	30 89.582     	35 89.390     	14 89.743     	94 89.091     	69 89.513     	74 88.875     	53 90.034     	13 90.498     	 2 90.039     	26 89.520     	 3 89.405     	82 90.449     	
Lap 18	19 88.492     	20 88.151     	47 88.860     	80 89.713     	31 89.277     	22 89.414     	21 89.136     	42 90.329     	81 89.553     	98 89.972     	11 90.194     	30 89.828     	29 90.160     	35 90.067     	94 89.378     	14 90.353     	69 89.664     	74 89.765     	53 89.816     	13 89.700     	 2 89.378     	26 89.654     	 3 89.727     	82 91.290     	
Lap 19	19 88.554     	20 88.761     	47 88.914     	31 89.050     	80 89.181     	22 89.559     	21 88.663     	42 89.538     	81 89.817     	11 89.530     	98 89.663     	29 89.417     	30 89.832     	35 90.246     	94 90.312     	14 90.585     	69 89.848     	74 90.346     	13 89.885     	53 90.234     	 2 90.088     	26 89.774     	 3 89.371     	82 91.065     	
Lap 20	19 88.759     	20 88.641     	31 89.460     	47 89.960     	22 88.934     	80 89.965     	21 88.835     	42 89.553     	81 89.414     	11 89.699     	98 89.770     	29 89.991     	30 90.218     	94 89.565     	35 89.993     	14 90.251     	69 90.341     	53 89.743     	74 90.487     	13 90.494     	 2 91.202     	26 89.831     	 3 89.377     	82 91.033     	
Lap 21	19 89.134     	20 88.987     	47 89.303     	22 89.474     	31 89.634     	80 89.237     	21 89.288     	42 89.680     	81 90.383     	11 89.567     	98 89.507     	29 89.560     	30 89.989     	94 89.993     	14 89.944     	69 89.860     	35 92.451     	53 89.814     	13 90.205     	74 90.840     	26 89.878     	 2 90.942     	 3 89.407     	82 90.884     	
Lap 22	19 89.210     	20 88.985     	47 89.533     	22 89.414     	31 90.065     	80 90.528     	21 89.003     	42 88.915     	81 90.271     	29 89.723     	11 90.440     	98 90.373     	30 90.119     	94 89.480     	14 90.014     	69 89.852     	35 90.037     	53 90.492     	13 90.773     	74 90.977     	 2 90.185     	26 90.696     	 3 90.318     	82 90.941     	
Lap 23	19 88.826     	20 88.862     	47 89.810     	22 89.735     	31 90.172     	80 89.865     	21 89.593     	42 88.712     	81 89.608     	11 89.956     	30 88.841     	29 90.292     	98 90.287     	94 89.813     	14 90.708     	35 89.898     	69 90.638     	53 91.093     	13 90.988     	 2 90.284     	74 90.787     	26 90.691     	 3 91.515     	82 91.336     	
Lap 24	19 88.869     	20 88.652     	80 89.395     	42 89.214     	29 90.115     	30 90.341     	98 90.674     	53 89.441     	22 106.581 PIT	47 107.178 PIT	35 92.652     	31 106.942 PIT	21 106.484 PIT	 2 91.187     	26 91.056     	 3 90.185     	81 106.956 PIT	11 108.092 PIT	94 107.162 PIT	14 106.954 PIT	69 108.537 PIT	13 107.598 PIT	74 107.551 PIT	82 108.231 PIT	
Lap 25	20 89.623     	19 106.592 PIT	42 89.900     	98 90.771     	22 88.470     	47 88.611     	31 89.358     	80 106.840 PIT	21 89.466     	 2 90.890     	81 87.970     	11 88.450     	29 107.014 PIT	30 107.465 PIT	94 89.101     	14 88.684     	53 107.931 PIT	69 90.537     	74 88.533     	35 107.043 PIT	13 89.549     	26 108.301 PIT	 3 109.195 PIT	82 90.124     	
Lap 26	19 87.606     	42 89.628     	20 106.274 PIT	22 88.173     	47 88.232     	31 88.204     	80 89.239     	21 88.545     	 2 89.780     	81 88.408     	11 89.395     	29 88.858     	94 88.838     	30 89.409     	98 106.800 PIT	14 88.609     	53 89.143     	69 89.358     	74 89.169     	35 89.584     	13 89.665     	26 89.065     	 3 89.134     	82 90.084     	
Lap 27	19 87.785     	20 89.379     	22 88.429     	47 87.831     	31 87.877     	21 88.512     	80 88.761     	81 88.350     	 2 90.846     	42 108.203 PIT	29 87.940     	11 89.233     	30 88.673     	94 88.904     	98 89.600     	14 89.630     	69 89.156     	53 89.645     	74 89.321     	35 89.431     	13 89.173     	26 88.486     	 3 89.034     	82 92.079     	
Lap 28	19 87.382     	20 87.514     	47 87.852     	22 88.843     	31 87.582     	80 88.377     	21 89.011     	81 89.253     	42 88.446     	29 88.480     	11 88.544     	30 88.609     	94 89.269     	98 87.662     	14 88.633     	53 88.800     	69 89.252     	74 89.357     	35 89.053     	13 89.784     	26 88.287     	 3 88.751     	 2 108.247 PIT	82 90.456     	
Lap 29	19 87.298     	20 88.211     	47 88.213     	22 88.906     	31 88.667     	80 89.161     	21 88.878     	81 88.894     	42 88.739     	29 88.012     	30 89.219     	94 88.873     	11 90.808     	98 89.177     	14 88.074     	53 88.894     	69 89.497     	74 89.800     	35 89.653     	26 88.658     	13 89.110     	 3 88.784     	 2 88.510     	82 90.395     	
Lap 30	19 87.353     	20 88.152     	47 88.109     	22 88.346     	31 88.581     	80 88.819     	21 88.860     	81 89.358     	42 88.868     	29 88.128     	30 88.869     	94 89.437     	11 89.391     	98 89.204     	14 89.730     	53 89.633     	69 89.491     	35 89.064     	74 89.815     	13 89.462     	26 90.096     	 3 88.419     	 2 89.089     	82 89.844     	
Lap 31	19 87.701     	20 87.414     	47 87.876     	22 88.497     	31 89.374     	80 88.685     	21 88.618     	81 88.650     	29 88.358     	42 88.835     	30 89.254     	98 88.760     	94 89.406     	11 89.213     	14 87.925     	53 89.484     	69 89.405     	35 88.981     	13 89.447     	74 89.993     	26 89.846     	 3 89.792     	 2 88.254     	82 90.462     	
Lap 32	19 88.141     	20 87.449     	47 87.626     	22 87.838     	31 87.527     	21 88.230     	80 89.000     	81 88.840     	42 89.170     	29 89.542     	30 88.387     	98 88.944     	94 89.588     	11 89.639     	14 89.319     	53 89.137     	69 89.514     	35 90.470     	74 89.645     	13 90.021     	26 90.120     	 2 88.611     	 3 90.599     	82 90.129     	
Lap 33	19 87.459     	20 88.046     	47 87.886     	22 87.635     	31 88.369     	80 88.623     	21 89.305     	81 89.362     	29 88.576     	42 89.344     	30 87.855     	94 89.033     	11 89.427     	14 89.588     	98 90.942     	53 89.333     	69 89.661     	35 88.837     	74 89.673     	13 89.996     	26 89.982     	 3 89.200     	 2 89.591     	82 90.042     	
Lap 34	19 88.000     	20 87.949     	47 88.200     	22 88.073     	31 88.112     	21 88.242     	80 89.511     	29 88.962     	81 89.198     	42 89.255     	30 88.393     	11 88.897     	94 89.854     	14 89.429     	98 89.100     	53 88.380     	69 89.351     	35 90.091     	74 89.373     	13 90.201     	26 89.333     	 2 88.745     	 3 90.136     	82 90.268     	
Lap 35	19 88.068     	20 87.729     	47 88.023     	22 88.259     	31 87.731     	21 88.636     	80 87.872     	29 88.979     	42 88.355     	81 89.620     	30 88.626     	11 89.679     	14 89.100     	94 89.831     	98 89.696     	53 88.255     	69 89.968     	35 89.777     	74 89.610     	13 89.828     	 3 88.866     	26 90.205     	 2 90.669     	82 90.993     	
Lap 36	19 88.084     	20 87.612     	47 88.046     	22 88.083     	31 87.744     	21 89.259     	80 89.257     	29 89.451     	42 89.533     	81 89.094     	30 88.610     	14 89.048     	11 89.814     	98 89.073     	94 89.819     	53 88.811     	69 89.981     	35 89.877     	74 89.364     	13 89.795     	 3 89.677     	26 89.891     	 2 90.119     	82 90.204     	
Lap 37	19 88.034     	20 88.116     	47 88.437     	22 87.825     	31 88.143     	21 89.524     	80 89.513     	42 88.809     	29 89.384     	81 89.033     	30 88.371     	14 89.762     	98 89.590     	11 89.791     	94 89.637     	53 88.764     	69 89.210     	35 89.073     	74 89.856     	13 89.670     	26 89.787     	 3 90.380     	 2 90.498     	82 90.380     	
Lap 38	19 87.986     	20 87.716     	47 87.854     	22 88.458     	31 88.228     	21 88.885     	80 89.064     	29 89.122     	81 89.218     	42 89.589     	30 89.265     	94 88.602     	14 90.030     	98 89.521     	11 89.789     	53 89.204     	69 89.687     	35 89.198     	74 89.662     	13 89.563     	26 89.537     	 2 89.243     	 3 90.925     	82 90.283     	
Lap 39	19 87.742     	20 87.821     	47 88.117     	22 87.891     	31 88.187     	80 88.958     	21 89.676     	30 88.955     	81 89.278     	29 89.539     	42 89.745     	94 89.309     	98 89.430     	14 89.845     	11 90.417     	53 89.055     	74 88.592     	69 90.173     	35 90.671     	13 89.506     	26 89.640     	 3 89.462     	 2 89.924     	82 91.095     	
Lap 40	19 88.151     	20 88.359     	47 88.751     	22 88.654     	31 88.121     	21 89.407     	80 89.623     	81 89.081     	30 89.427     	29 89.694     	42 91.294     	94 89.372     	98 89.021     	14 89.939     	11 89.555     	53 89.917     	74 89.896     	69 90.215     	35 90.452     	13 89.792     	26 89.648     	 2 89.692     	 3 90.189     	82 90.822     	
Lap 41	19 88.217     	20 87.847     	47 88.778     	22 88.910     	31 89.594     	80 89.474     	21 89.601     	81 89.260     	30 89.774     	29 89.300     	42 88.924     	94 89.537     	98 89.486     	14 89.512     	11 89.271     	53 90.834     	74 89.775     	69 90.107     	35 90.719     	26 89.029     	13 90.304     	 2 89.926     	 3 89.598     	82 90.832     	
Lap 42	19 88.323     	20 88.375     	47 88.803     	22 88.969     	31 88.757     	21 89.177     	80 89.923     	81 89.757     	30 89.301     	29 89.911     	42 88.606     	94 89.643     	98 89.808     	14 90.189     	11 90.141     	53 89.111     	74 90.205     	69 90.672     	35 89.734     	26 90.648     	13 90.255     	 3 89.226     	 2 89.741     	82 91.007     	
Lap 43	19 88.070     	20 88.024     	47 88.617     	22 88.465     	31 88.816     	21 89.274     	80 89.018     	81 90.182     	30 90.000     	29 89.506     	42 89.901     	94 90.101     	98 90.046     	11 89.703     	14 90.049     	53 88.679     	74 89.252     	69 90.553     	26 89.899     	35 91.057     	13 90.516     	 3 90.028     	 2 90.016     	82 91.064     	
Lap 44	19 88.403     	20 88.493     	47 88.289     	22 88.491     	31 88.710     	21 89.254     	80 89.564     	29 89.359     	81 89.608     	30 89.601     	42 89.409     	98 89.705     	94 90.326     	11 89.466     	14 89.720     	53 90.714     	74 89.309     	69 90.200     	35 89.548     	26 90.617     	13 90.471     	 2 89.713     	 3 90.855     	82 91.211     	
Lap 45	19 88.533     	20 88.077     	47 88.602     	22 89.096     	31 88.979     	21 90.264     	80 89.852     	81 90.310     	29 89.560     	30 89.500     	42 89.678     	98 89.801     	94 89.826     	11 90.358     	14 90.144     	53 89.412     	74 89.416     	69 90.130     	26 90.942     	13 89.940     	35 91.166     	 2 90.137     	 3 90.326     	
Lap 46	19 88.243     	20 88.935     	47 89.205     	22 88.869     	31 89.108     	21 89.086     	29 89.761     	42 89.341     	30 90.425     	81 90.275     	98 89.710     	94 90.498     	14 89.965     	11 90.333     	53 90.761     	74 89.176     	69 89.783     	35 89.929     	 2 90.445     	13 90.757     	26 90.408     	 3 91.386     	82 91.719     	
Lap 47	19 89.144     	20 88.729     	47 88.533     	22 89.316     	31 88.789     	21 88.992     	29 90.003     	30 89.737     	42 90.080     	81 90.907     	98 88.546     	94 89.907     	14 90.153     	53 89.575     	11 90.865     	74 89.355     	69 89.321     	35 89.236     	26 89.894     	 2 90.249     	13 90.602     	 3 89.358     	82 90.954     	
Lap 48	19 88.573     	20 89.272     	47 106.514 PIT	22 106.586 PIT	31 106.544 PIT	29 89.939     	30 90.502     	42 90.667     	98 88.743     	21 106.577 PIT	94 89.995     	14 90.858     	11 90.258     	53 90.820     	74 90.100     	81 106.499 PIT	35 89.933     	 2 90.669     	26 91.194     	 3 90.207     	69 107.017 PIT	13 107.668 PIT	82 108.715 PIT	
Lap 49	19 88.821     	20 88.986     	47 88.024     	22 87.993     	31 88.095     	42 90.674     	21 89.391     	98 90.313     	94 89.526     	53 91.131     	81 87.832     	29 107.081 PIT	30 107.572 PIT	35 89.337     	 2 90.938     	26 91.117     	 3 91.521     	11 107.325 PIT	14 108.348 PIT	74 107.106 PIT	69 89.122     	13 88.338     	82 90.322     	
Lap 50	19 106.600 PIT	20 106.792 PIT	47 87.900     	22 87.378     	31 87.249     	42 89.289     	21 88.903     	98 90.502     	81 88.444     	29 88.316     	30 88.853     	94 106.632 PIT	 2 90.702     	11 89.724     	14 89.729     	53 106.846 PIT	74 88.633     	69 88.523     	35 106.248 PIT	13 88.409     	26 108.137 PIT	 3 108.558 PIT	82 90.549     	
Lap 51	19 87.757     	20 87.663     	47 87.589     	22 88.211     	31 87.836     	42 88.819     	21 88.156     	29 88.381     	81 88.886     	30 87.723     	98 106.942 PIT	94 88.731     	 2 90.379     	11 88.976     	14 88.868     	74 88.454     	53 90.279     	69 88.327     	35 88.191     	13 88.093     	26 88.625     	 3 89.111     	82 89.771     	
Lap 52	19 88.049     	20 87.852     	47 87.761     	22 88.219     	31 87.701     	21 87.527     	81 88.823     	29 89.328     	30 88.216     	42 106.577 PIT	98 88.976     	94 88.902     	11 88.653     	14 88.848     	74 89.143     	53 90.486     	69 88.213     	35 88.644     	13 88.138     	26 88.946     	 3 88.733     	 2 107.809 PIT	82 90.550     	
Lap 53	19 87.903     	20 88.229     	47 87.818     	22 88.322     	31 88.723     	21 88.383     	81 88.721     	30 88.721     	29 89.037     	42 88.569     	98 88.712     	94 89.272     	11 89.484     	14 89.219     	74 89.032     	69 88.861     	53 89.746     	35 89.254     	13 89.797     	26 89.018     	 3 88.900     	 2 88.956     	82 90.439     	
Lap 54	19 87.991     	20 88.056     	47 87.336     	22 88.369     	31 87.664     	21 88.133     	81 88.569     	30 88.981     	29 89.483     	42 87.580     	98 87.539     	94 88.671     	11 88.846     	14 89.397     	74 89.093     	69 89.415     	53 90.301     	35 88.542     	13 89.067     	26 88.458     	 3 88.790     	 2 88.760     	82 90.192     	
Lap 55	19 88.142     	20 87.524     	47 87.716     	22 88.653     	31 89.551     	21 87.678     	81 89.016     	30 88.706     	29 89.144     	42 88.123     	98 87.686     	94 88.229     	11 88.695     	14 87.964     	74 88.814     	69 89.676     	35 87.901     	53 90.022     	13 88.919     	26 88.535     	 3 88.300     	 2 88.451     	82 90.509     	
Lap 56	19 87.682     	20 87.896     	47 88.208     	22 87.935     	31 87.604     	21 88.212     	81 89.091     	30 88.544     	29 89.074     	42 89.635     	98 87.908     	94 88.547     	14 89.079     	11 89.641     	74 88.416     	35 88.771     	69 89.643     	53 90.271     	13 88.366     	26 88.309     	 3 88.326     	 2 88.447     	82 90.579     	
Lap 57	19 87.845     	20 88.271     	47 87.847     	22 89.207     	31 89.155     	21 88.111     	81 88.734     	30 88.649     	29 89.696     	42 89.191     	98 88.486     	94 88.069     	14 89.226     	11 89.564     	74 88.284     	35 89.681     	69 89.972     	53 89.173     	13 89.284     	26 88.865     	 3 89.180     	 2 88.277     	82 90.067     	
Lap 58	19 87.629     	20 88.387     	47 88.345     	22 88.644     	31 88.729     	21 87.760     	30 88.654     	81 89.176     	29 88.989     	42 89.512     	98 87.729     	94 88.408     	74 88.424     	14 89.729     	11 89.712     	35 89.543     	69 89.413     	53 89.378     	13 89.801     	26 88.633     	 3 89.694     	 2 89.199     	82 90.057     	
Lap 59	19 88.120     	20 88.128     	47 87.528     	22 88.911     	31 88.954     	21 88.391     	30 89.241     	81 89.426     	29 88.874     	42 89.662     	98 88.020     	94 88.977     	14 88.941     	74 90.063     	11 89.881     	35 89.774     	69 89.431     	53 89.284     	13 89.665     	26 88.550     	 2 89.343     	 3 89.883     	82 90.618     	
Lap 60	19 87.895     	20 87.906     	47 87.931     	22 88.864     	31 89.788     	21 88.380     	30 88.866     	81 89.211     	29 88.315     	42 88.697     	98 89.806     	94 88.511     	14 89.701     	74 90.209     	11 89.599     	69 89.177     	35 89.593     	13 89.069     	53 90.162     	26 88.826     	 3 89.778     	 2 90.191     	82 90.389     	
Lap 61	19 87.596     	20 87.966     	47 87.732     	22 88.215     	31 88.608     	21 88.475     	30 88.203     	81 88.985     	29 88.706     	42 88.546     	98 88.632     	94 88.819     	14 88.402     	74 90.048     	11 90.178     	69 89.560     	35 90.746     	53 89.148     	13 89.890     	26 89.222     	 3 89.435     	 2 89.398     	82 90.412     	
Lap 62	19 88.170     	20 88.207     	47 87.953     	22 88.514     	31 88.138     	21 88.779     	30 88.809     	81 88.973     	29 89.016     	42 88.008     	98 88.713     	94 88.225     	14 88.336     	74 90.224     	11 90.211     	69 89.345     	35 89.615     	53 89.651     	26 88.662     	13 90.001     	 2 89.347     	 3 89.559     	82 90.346     	
Lap 63	19 88.329     	20 88.318     	47 87.930     	22 88.539     	31 88.025     	21 88.183     	30 89.046     	81 89.228     	29 89.228     	42 89.914     	98 87.965     	94 88.385     	14 88.268     	74 89.616     	11 89.969     	69 88.515     	35 89.614     	53 90.025     	26 89.828     	13 90.365     	 3 89.240     	 2 90.175     	82 90.615     	
Lap 64	19 88.301     	20 87.750     	47 88.412     	22 88.257     	31 88.576     	21 88.930     	30 88.388     	81 89.339     	29 89.289     	42 89.195     	98 89.431     	94 88.674     	14 88.496     	74 89.549     	11 90.382     	69 88.482     	35 89.722     	53 89.975     	26 90.226     	13 89.811     	 2 89.141     	 3 90.240     	82 90.932     	
Lap 65	19 87.976     	20 88.627     	47 88.263     	22 88.117     	31 88.089     	21 88.175     	30 89.113     	29 88.783     	81 89.719     	42 89.037     	98 89.332     	94 89.012     	14 88.714     	74 89.262     	69 89.176     	11 89.979     	35 90.154     	53 89.430     	26 90.600     	13 90.485     	 3 89.748     	 2 90.303     	82 91.348     	
Lap 66	19 88.728     	20 88.779     	47 88.154     	22 88.444     	31 88.754     	21 88.704     	30 89.100     	29 89.956     	81 90.091     	42 89.579     	98 89.809     	94 89.104     	14 88.443     	74 89.435     	11 89.899     	69 90.322     	35 89.442     	53 90.643     	13 90.046     	26 90.271     	 2 89.738     	 3 90.413     	82 91.188     	
Lap 67	19 88.275     	20 88.372     	47 88.901     	22 88.826     	31 88.123     	21 88.435     	30 89.086     	81 89.426     	29 89.995     	42 88.940     	98 88.359     	94 89.357     	14 89.196     	74 89.112     	11 89.614     	69 89.321     	35 88.960     	53 89.402     	26 89.422     	13 90.530     	 3 89.850     	 2 90.412     	82 90.671     	
Lap 68	19 87.986     	20 88.460     	47 88.092     	22 88.195     	31 88.985     	21 88.772     	30 89.142     	42 89.129     	81 89.754     	29 89.804     	98 90.239     	94 89.163     	14 88.753     	74 88.923     	11 89.540     	69 89.815     	35 89.294     	53 88.693     	26 90.092     	13 90.674     	 2 89.876     	 3 90.636     	82 91.298     	

-- OFFICIAL RESULTS --
Pos	#No	Driver						Team					Time		Diff		Pits	Best
01	#19	ZAI	khélok atep zailunaɰ	Team Solea Racing		1:40:34.070	-0.000		2		87.298
02	#20	MAC	Mac						Team Vincent			1:40:43.217	-9.147		2		87.414
03	#47	PAV	ketila léqa pavúteka	Team Solea Racing		1:40:51.121	-17.052		2		87.336
04	#22	PHI	Philipe					Team Vincent			1:41:02.979	-28.910		2		87.378
05	#31	ŠAŊ	xap'ít celentir šaŋév	Team Solea Racing		1:41:05.069	-30.999		2		87.249
06	#21	ORS	Orson					Team Vincent			1:41:19.408	-45.338		2		87.527
07	#30	WIS	Josh Wise				BONGATAR				1:41:39.379	-65.309		2		87.723
08	#42	OOS	Frank Oosterhout		Cows Go Moo Racing		1:41:44.736	-70.667		2		87.580
09	#81	KÆR	Lyǽs Kæræsekæræn		Team V.V. Imperial		1:41:45.013	-70.943		2		87.832
10	#29	ALU	Sago Aludetsei			Dotruga Formula Racing	1:41:45.265	-71.195		2		87.940
11	#98	MOT	Gorga Motxev			Dotruga Formula Racing	1:41:46.356	-72.287		2		87.539
12	#94	NES	At'ipi Nesbeksë			Team Diigikwk Racers	1:41:48.259	-74.189		2		88.069
13	#14	HÚC	Daseno Húctu			Team Vikasani			1:41:54.988	-80.918		2		87.925
14	#74	KON	Bařàsiz Konoca			Team Diigikwk Racers	1:42:03.790	-89.721		2		88.284
15	#11	XIA	Tembio Xiahelvi			Dotruga Formula Racing	1:42:07.504	-93.435		2		88.450
16	#69	SAN	Marisa Sanchez			Cows Go Moo Racing		1:42:07.841	-93.771		2		88.213
17	#35	AKA	Asaúni Akaleta			Team Vikasani			1:42:10.895	-96.826		2		87.901
18	#53	TÀC	Ešuro Tàcràɰë			Team Diigikwk Racers	1:42:12.180	-98.110		2		88.255
19	#26	ILI	Rikvisi Iliria			Team Vikasani			1:42:15.392	-101.322	2		88.287
20	#13	SWE	Vernika Swerq			Cows Go Moo Racing		1:42:16.957	-102.888	2		88.093
21	# 2	MOL	Paul Molthus			BONGATAR				1:42:20.603	-106.533	2		88.254
22	# 3	BOB	Bob						BONGATAR				1:42:21.132	-107.062	2		88.300
23	#82	NUK	NUKKI					Team V.V. Imperial		1:43:19.640	-165.570	2		89.771
24	#80	AYA	Ifloenne é Aya			Team V.V. Imperial		RETIRED		DNF			1		87.800

-- RACE INCIDENT REPORT --
Philipe made a mistake while attempting an overtake on lap 2.
Paul Molthus made a mistake while attempting an overtake on lap 8.
Asaúni Akaleta made a mistake while attempting an overtake on lap 21.
Ifloenne é Aya made a mistake while attempting an overtake on lap 22.
Asaúni Akaleta made a mistake while attempting an overtake on lap 24.
Marisa Sanchez made a mistake on lap 25.
NUKKI made a mistake while attempting an overtake on lap 27.
Tembio Xiahelvi made a mistake while attempting an overtake on lap 29.
Gorga Motxev made a mistake while attempting an overtake on lap 33.
Frank Oosterhout made a mistake while attempting an overtake on lap 40.
Ifloenne é Aya crashed out while attempting an overtake on lap 45.
