-- LAP TIMES --
Lap 1	30 104.563     	20 104.445     	42 104.868     	47 104.672     	22 105.018     	21 104.949     	31 105.250     	81 105.193     	69 105.056     	19 105.070     	98 105.447     	29 105.083     	80 105.289     	11 105.726     	35 105.728     	14 105.680     	13 105.787     	53 105.845     	 3 105.848     	 2 106.090     	94 106.237     	74 106.257     	26 106.814     	82 106.861     	
Lap 2	42 104.742     	22 104.711     	30 105.356     	31 104.823     	20 105.334     	47 105.372     	19 104.895     	81 105.219     	98 104.866     	21 105.470     	29 104.964     	69 105.774     	80 105.426     	11 105.400     	13 105.333     	35 105.598     	14 105.549     	 2 105.328     	 3 105.845     	53 106.004     	74 105.861     	94 106.037     	26 106.302     	82 107.160     	
Lap 3	22 104.580     	47 104.480     	30 104.822     	42 105.337     	31 104.964     	20 105.123     	98 104.992     	81 105.202     	19 105.582     	21 105.538     	29 105.632     	11 105.084     	80 105.403     	69 105.669     	13 105.442     	14 105.536     	35 106.052     	 3 105.551     	 2 105.943     	53 106.256     	94 106.028     	74 106.426     	26 106.880     	82 107.047     	
Lap 4	47 104.533     	22 104.996     	42 104.781     	30 104.933     	31 105.085     	20 105.057     	21 104.839     	81 105.345     	98 105.736     	19 105.799     	11 105.363     	69 105.031     	29 105.753     	80 105.722     	14 105.396     	13 105.968     	35 105.831     	 3 105.877     	 2 106.202     	53 105.803     	74 105.506     	94 106.049     	26 105.938     	82 106.490     	
Lap 5	47 104.807     	22 104.966     	42 104.768     	31 104.595     	30 104.968     	20 104.724     	21 105.150     	98 105.133     	81 105.640     	19 105.344     	29 105.366     	11 105.654     	69 105.757     	80 105.273     	14 105.861     	13 105.799     	35 105.880     	 3 106.100     	 2 106.363     	53 106.140     	74 106.022     	94 106.383     	26 106.194     	82 107.155     	
Lap 6	22 104.720     	47 105.123     	31 105.064     	42 105.495     	30 105.722     	20 105.998     	21 105.022     	81 104.767     	98 105.483     	19 105.575     	29 105.168     	69 105.338     	11 105.625     	80 105.537     	13 105.508     	14 105.990     	35 105.528     	 3 105.562     	 2 106.090     	53 106.644     	74 106.703     	94 106.296     	26 105.909     	82 107.410     	
Lap 7	22 104.949     	47 105.205     	31 104.913     	20 104.928     	30 105.719     	81 105.108     	21 105.450     	42 106.912     	98 105.594     	80 105.027     	11 105.508     	19 106.036     	29 106.094     	69 105.910     	13 106.102     	14 106.353     	35 105.988     	 3 106.771     	 2 106.469     	53 106.548     	94 106.289     	74 106.874     	26 106.131     	82 107.283     	
Lap 8	22 105.181     	47 105.013     	31 104.979     	20 105.269     	30 105.404     	42 105.239     	81 105.705     	21 105.910     	98 105.429     	80 105.586     	29 105.195     	11 105.405     	69 105.594     	19 105.829     	13 106.137     	14 105.774     	35 107.041     	 3 105.852     	 2 105.815     	53 106.067     	94 106.372     	74 106.304     	26 107.341     	82 107.423     	
Lap 9	31 104.648     	22 105.571     	47 105.592     	20 105.389     	42 105.294     	30 105.910     	21 105.407     	81 105.686     	98 105.725     	11 105.688     	29 106.108     	80 106.211     	19 105.578     	14 105.175     	69 107.676     	13 105.746     	35 105.860     	 3 105.897     	 2 105.812     	94 106.180     	53 106.877     	74 106.241     	26 106.373     	82 107.421     	
Lap 10	31 104.972     	47 104.479     	22 105.716     	20 105.459     	42 105.610     	81 105.041     	30 105.621     	21 105.328     	98 105.857     	11 105.733     	80 105.700     	19 105.730     	29 106.212     	14 106.192     	69 106.102     	13 106.023     	35 105.707     	 2 105.643     	 3 106.627     	74 105.930     	53 106.230     	94 106.869     	26 106.273     	82 107.308     	
Lap 11	47 104.641     	31 105.075     	22 104.574     	20 104.165     	42 105.188     	81 105.278     	30 105.321     	21 105.639     	98 106.068     	11 105.566     	19 105.880     	29 105.502     	80 106.172     	69 105.534     	14 105.956     	13 106.338     	35 105.821     	 2 105.980     	 3 105.848     	53 106.121     	94 106.439     	74 107.230     	26 106.471     	82 107.170     	
Lap 12	47 105.975     	31 105.812     	22 105.290     	20 105.002     	42 105.633     	81 105.901     	30 105.976     	21 106.149     	98 105.462     	11 105.986     	19 105.636     	29 106.325     	80 106.331     	69 105.878     	14 106.673     	13 106.429     	35 106.440     	 2 106.131     	 3 106.220     	53 106.358     	94 106.178     	74 106.768     	26 105.827     	82 107.190     	
Lap 13	47 105.724     	22 105.581     	31 105.882     	20 105.666     	42 105.655     	81 106.103     	30 106.120     	21 105.594     	98 106.333     	11 105.747     	80 105.541     	19 106.502     	29 106.356     	69 104.976     	14 105.922     	13 106.601     	 3 105.322     	35 106.763     	 2 106.840     	53 106.569     	94 106.829     	74 106.872     	26 107.172     	82 107.852     	
Lap 14	47 105.362     	31 105.227     	22 106.151     	20 105.713     	42 106.303     	81 105.608     	30 105.564     	21 106.450     	98 106.198     	80 105.844     	11 107.320     	19 106.455     	29 106.393     	69 106.632     	14 104.972     	13 106.530     	35 106.062     	 3 106.963     	 2 106.727     	53 107.054     	94 106.864     	74 106.824     	26 107.760     	82 107.537     	
Lap 15	31 105.674     	47 106.185     	22 105.451     	20 106.162     	42 105.476     	81 105.857     	30 105.923     	21 104.930     	98 105.184     	11 105.800     	19 106.025     	80 106.815     	29 106.348     	69 106.158     	14 107.052     	13 106.834     	35 106.822     	 2 105.779     	 3 107.051     	53 107.316     	94 107.135     	74 106.413     	26 107.798     	82 108.115     	
Lap 16	22 105.061     	47 105.737     	31 106.148     	20 104.491     	42 105.780     	30 105.735     	21 105.846     	81 106.504     	98 105.509     	80 106.014     	19 106.257     	11 106.819     	29 105.999     	69 106.308     	14 105.976     	13 106.211     	 3 106.134     	35 106.879     	 2 106.773     	53 107.016     	94 106.862     	74 107.167     	26 106.350     	82 108.083     	
Lap 17	47 105.686     	22 106.405     	31 105.915     	20 106.076     	42 106.293     	21 105.965     	30 106.593     	98 105.155     	81 106.472     	11 106.247     	19 106.623     	80 107.016     	29 106.775     	69 106.940     	14 107.358     	13 106.401     	35 106.516     	 3 107.323     	 2 107.069     	53 106.711     	74 106.906     	94 107.480     	26 106.892     	82 108.404     	
Lap 18	47 105.968     	31 105.826     	22 106.152     	20 106.547     	42 106.098     	30 106.393     	21 106.877     	98 106.564     	81 106.624     	19 106.111     	11 106.993     	80 106.808     	29 106.902     	14 105.550     	69 107.141     	13 105.800     	35 106.398     	 2 106.115     	 3 107.036     	53 107.701     	94 106.916     	74 107.657     	26 106.524     	82 108.049     	
Lap 19	47 106.616     	31 106.632     	22 106.322     	20 106.551     	42 105.087     	21 106.317     	98 106.193     	30 106.814     	81 107.052     	19 106.848     	11 106.732     	80 106.640     	29 106.243     	69 106.498     	14 107.259     	13 106.149     	35 106.621     	 3 106.038     	 2 106.948     	53 107.796     	94 107.591     	74 107.656     	26 106.873     	82 108.331     	
Lap 20	31 106.015     	20 106.416     	42 105.715     	98 106.424     	30 106.360     	81 107.457     	80 106.629     	11 107.258     	13 107.918     	47 123.724 PIT	22 125.905 PIT	21 123.760 PIT	94 107.427     	53 107.950     	26 108.211     	29 122.969 PIT	19 124.050 PIT	69 123.553 PIT	14 124.828 PIT	 2 123.600 PIT	 3 123.873 PIT	35 125.576 PIT	74 124.683 PIT	82 108.130     	
Lap 21	42 105.886     	98 107.029     	30 107.414     	11 107.956     	47 103.732     	13 105.954     	31 123.246 PIT	22 103.978     	20 123.223 PIT	21 104.464     	81 121.947 PIT	29 105.876     	53 108.606     	69 104.576     	26 107.568     	19 106.424     	80 124.409 PIT	14 105.100     	 3 105.555     	 2 105.986     	35 104.894     	74 106.439     	94 125.194 PIT	82 125.433 PIT	
Lap 22	42 106.273     	98 107.247     	30 107.346     	47 105.328     	11 107.637     	31 105.351     	22 105.100     	20 105.607     	21 104.422     	81 104.136     	29 105.648     	69 105.707     	19 105.718     	80 105.461     	14 105.988     	26 108.242     	13 123.849 PIT	 2 105.733     	 3 106.111     	35 105.799     	74 106.766     	94 106.541     	53 124.695 PIT	82 107.397     	
Lap 23	47 104.101     	31 104.912     	20 103.697     	22 104.864     	21 103.892     	42 123.120 PIT	81 103.796     	98 124.096 PIT	29 105.105     	69 105.329     	19 105.421     	30 125.386 PIT	80 104.541     	14 105.193     	13 105.800     	35 105.472     	 2 105.757     	 3 105.728     	11 124.985 PIT	74 106.383     	94 105.748     	53 105.607     	26 126.475 PIT	82 107.020     	
Lap 24	47 103.486     	31 104.971     	20 104.703     	22 105.229     	21 104.339     	81 104.992     	42 105.590     	98 105.129     	29 105.572     	69 105.199     	19 105.005     	80 105.146     	30 105.713     	14 104.307     	13 105.073     	35 105.367     	 3 105.424     	11 105.420     	 2 106.329     	74 105.930     	94 106.123     	53 104.558     	26 105.998     	82 106.954     	
Lap 25	47 104.439     	20 104.735     	31 104.979     	21 103.881     	22 105.442     	81 104.906     	42 104.821     	98 103.768     	29 105.286     	19 105.121     	69 105.188     	80 105.514     	30 105.143     	14 106.715     	13 105.574     	 3 105.625     	35 106.123     	11 105.331     	 2 105.656     	94 105.942     	74 106.313     	53 106.998     	26 105.227     	82 107.023     	
Lap 26	47 104.242     	20 104.977     	31 104.994     	22 104.695     	21 105.333     	42 104.835     	81 105.477     	98 104.209     	69 105.452     	29 105.896     	80 105.132     	19 105.983     	30 105.687     	14 105.167     	13 104.201     	 3 105.963     	11 105.659     	35 106.076     	 2 106.116     	53 104.794     	94 106.234     	74 106.503     	26 105.475     	82 106.535     	
Lap 27	47 104.171     	20 105.062     	31 104.884     	22 105.390     	21 105.252     	42 104.732     	81 105.427     	98 104.190     	29 105.143     	69 105.638     	19 105.792     	80 106.071     	30 106.350     	14 104.935     	13 104.468     	11 105.546     	35 106.237     	 2 106.157     	 3 108.278     	53 105.673     	94 106.361     	74 106.006     	26 105.176     	82 106.996     	
Lap 28	47 104.640     	20 104.833     	22 105.064     	31 106.407     	21 105.299     	42 104.230     	81 104.632     	98 104.784     	29 105.719     	69 106.030     	19 105.574     	80 106.049     	30 105.167     	13 104.827     	14 106.648     	11 104.327     	35 105.670     	 3 104.824     	 2 106.838     	53 105.991     	74 106.497     	94 106.673     	26 105.844     	82 107.235     	
Lap 29	47 103.991     	20 104.430     	31 105.195     	21 104.959     	22 105.626     	42 103.799     	81 104.813     	98 103.910     	29 105.970     	69 105.389     	19 105.574     	80 105.319     	30 105.756     	14 105.510     	13 106.170     	11 104.501     	35 106.275     	 2 105.326     	 3 106.280     	53 105.107     	74 106.222     	94 106.320     	26 105.710     	82 107.103     	
Lap 30	47 104.766     	20 104.018     	31 105.502     	21 105.648     	22 105.688     	42 105.554     	81 104.789     	98 104.875     	29 106.050     	69 105.960     	19 105.661     	80 106.109     	30 106.030     	13 105.743     	14 106.577     	11 104.820     	35 105.920     	 3 105.744     	 2 106.547     	53 105.498     	94 106.726     	74 107.108     	26 106.049     	82 107.581     	
Lap 31	47 104.384     	20 104.359     	31 105.191     	22 105.148     	21 105.872     	42 105.475     	81 103.966     	98 104.838     	29 105.648     	19 105.879     	69 106.310     	80 105.910     	30 106.104     	13 106.297     	14 106.544     	11 106.248     	35 105.670     	 3 106.180     	 2 105.914     	53 105.351     	74 106.373     	94 106.679     	26 106.212     	82 107.827     	
Lap 32	47 104.166     	20 104.724     	31 105.242     	22 105.476     	21 105.387     	81 105.119     	42 105.381     	98 104.761     	29 105.997     	19 105.765     	69 106.064     	80 106.119     	30 105.587     	13 106.211     	14 105.897     	11 106.050     	35 105.243     	 2 105.503     	 3 106.619     	53 105.529     	94 106.682     	74 107.153     	26 105.926     	82 107.650     	
Lap 33	47 105.020     	20 104.768     	22 105.136     	31 105.947     	42 104.780     	21 105.452     	81 105.979     	98 104.872     	19 105.727     	29 105.994     	80 105.611     	30 105.496     	69 106.541     	13 105.845     	14 106.274     	11 106.597     	35 104.890     	 2 106.422     	 3 106.159     	53 105.938     	94 106.290     	74 107.368     	26 107.677     	82 107.960     	
Lap 34	47 104.877     	20 104.897     	22 105.536     	31 105.789     	42 105.736     	21 106.070     	81 105.546     	98 104.973     	29 105.747     	19 105.882     	30 105.612     	80 105.907     	69 106.804     	13 106.460     	14 106.342     	11 106.140     	35 105.402     	 3 105.512     	 2 106.234     	53 105.774     	94 106.202     	74 107.220     	26 107.396     	82 107.712     	
Lap 35	47 104.811     	20 104.639     	22 106.122     	31 105.938     	42 105.852     	21 106.196     	81 106.175     	98 106.844     	29 106.133     	19 106.252     	30 105.713     	69 104.912     	80 106.267     	13 106.398     	35 105.049     	14 106.922     	11 106.792     	 2 105.998     	 3 106.484     	53 105.665     	94 105.301     	74 107.480     	26 107.986     	82 107.526     	
Lap 36	47 104.541     	20 104.767     	22 105.497     	31 105.842     	42 106.092     	21 106.192     	81 106.532     	98 105.152     	30 105.414     	19 105.937     	29 106.297     	80 105.526     	69 106.570     	13 105.612     	35 106.203     	11 106.497     	14 107.116     	 3 106.331     	 2 107.142     	53 105.283     	94 105.734     	74 106.412     	26 105.905     	82 107.751     	
Lap 37	47 105.106     	20 104.474     	22 105.921     	31 105.469     	42 106.213     	81 105.636     	21 106.514     	98 106.812     	30 105.782     	19 106.724     	80 106.324     	29 106.921     	69 106.886     	13 105.260     	11 105.718     	35 106.624     	14 106.740     	 3 106.664     	 2 106.710     	53 106.089     	94 105.765     	74 107.492     	26 108.203     	82 108.191     	
Lap 38	47 105.123     	20 105.356     	22 105.708     	42 104.890     	31 106.760     	21 105.119     	81 106.201     	98 104.810     	30 104.561     	29 105.613     	19 106.305     	80 106.439     	69 107.157     	13 106.471     	11 106.065     	14 105.447     	35 107.313     	 3 106.631     	 2 106.003     	53 105.666     	94 105.868     	74 106.254     	26 106.711     	82 107.984     	
Lap 39	47 105.117     	20 105.242     	22 105.821     	42 106.320     	31 106.340     	21 106.133     	81 105.929     	98 106.421     	30 104.888     	29 106.418     	80 106.363     	19 106.919     	69 106.833     	13 107.070     	11 106.503     	14 107.003     	35 108.192     	 2 106.419     	 3 107.590     	53 105.957     	94 106.308     	74 106.505     	26 106.395     	82 108.032     	
Lap 40	20 105.648     	47 123.404 PIT	42 106.146     	31 106.681     	81 106.739     	98 107.185     	30 105.078     	22 122.924 PIT	29 107.114     	21 123.333 PIT	80 106.954     	19 107.297     	69 106.959     	13 107.214     	11 105.402     	14 105.968     	 3 106.056     	53 105.863     	94 106.214     	35 122.353 PIT	 2 122.923 PIT	74 107.295     	26 106.320     	82 108.348     	
Lap 41	20 105.673     	47 104.652     	42 105.360     	31 105.679     	98 107.048     	30 105.285     	22 103.984     	21 105.817     	29 107.191     	81 122.847 PIT	80 107.194     	19 107.271     	11 106.339     	69 107.271     	13 106.650     	14 106.739     	 3 106.849     	53 106.298     	94 106.542     	35 104.741     	 2 105.337     	26 107.806     	74 124.807 PIT	82 125.346 PIT	
Lap 42	47 103.981     	42 105.052     	20 122.541 PIT	98 105.659     	30 105.350     	22 103.887     	21 104.322     	31 123.212 PIT	81 104.924     	11 106.274     	 3 106.619     	53 106.116     	29 124.361 PIT	19 123.960 PIT	80 124.681 PIT	69 124.528 PIT	35 106.239     	13 124.834 PIT	94 107.475     	14 123.542 PIT	 2 104.723     	26 106.546     	74 105.825     	82 107.500     	
Lap 43	47 103.668     	20 104.177     	98 105.533     	22 104.817     	42 122.652 PIT	21 104.409     	81 104.699     	31 105.607     	30 124.420 PIT	29 105.303     	19 105.343     	80 105.716     	11 122.569 PIT	35 105.733     	69 106.210     	13 106.134     	14 106.114     	 2 104.627     	 3 124.347 PIT	53 124.250 PIT	26 107.329     	94 127.058 PIT	74 104.870     	82 106.534     	
Lap 44	47 103.601     	20 104.139     	98 106.289     	22 103.479     	21 105.020     	42 105.372     	31 104.651     	81 105.337     	30 104.759     	29 105.764     	19 105.575     	80 105.106     	11 105.757     	69 105.222     	35 106.153     	13 106.026     	14 106.004     	 2 106.579     	 3 105.390     	53 105.018     	26 107.001     	94 105.617     	74 105.418     	82 106.455     	
Lap 45	47 103.963     	20 104.451     	98 106.040     	22 103.584     	21 104.943     	42 105.704     	31 105.316     	81 105.355     	30 104.132     	29 104.910     	80 105.315     	19 105.560     	11 104.650     	69 105.188     	35 106.038     	13 105.986     	14 105.626     	 2 106.647     	53 105.515     	 3 106.187     	94 105.421     	74 105.485     	26 124.366 PIT	82 106.940     	
Lap 46	47 103.705     	20 104.150     	22 104.291     	21 105.173     	42 105.665     	31 104.816     	81 104.750     	98 123.052 PIT	30 103.919     	29 104.591     	80 105.764     	19 105.762     	11 105.748     	69 104.885     	13 105.544     	35 105.986     	 2 104.862     	14 106.981     	53 105.946     	 3 106.083     	94 105.074     	74 105.393     	26 106.273     	82 106.894     	
Lap 47	47 103.932     	20 103.859     	22 104.014     	21 104.703     	42 105.190     	31 105.529     	81 105.385     	98 104.489     	30 104.331     	29 104.785     	80 105.437     	19 105.323     	69 104.508     	11 106.591     	13 105.284     	35 106.103     	14 104.922     	 2 105.728     	53 105.770     	 3 106.216     	94 105.321     	74 105.461     	26 105.167     	82 108.923     	
Lap 48	47 104.595     	20 104.177     	22 103.781     	21 104.764     	42 105.636     	81 104.945     	31 105.520     	98 104.642     	30 104.147     	29 104.974     	80 105.482     	19 105.504     	69 105.503     	11 106.374     	13 105.833     	35 105.987     	14 105.800     	 2 106.700     	53 106.466     	 3 106.183     	94 105.335     	74 105.205     	26 105.554     	82 107.433     	
Lap 49	47 104.366     	20 104.444     	22 104.325     	21 104.649     	42 104.782     	81 105.574     	31 105.675     	98 104.242     	30 104.446     	29 104.930     	69 104.466     	19 105.986     	80 106.106     	11 104.137     	13 104.618     	35 106.270     	14 105.952     	 2 104.889     	53 105.748     	 3 106.327     	94 104.989     	74 105.272     	26 105.244     	82 107.259     	
Lap 50	47 104.121     	20 104.714     	22 104.539     	21 105.009     	42 104.521     	81 105.148     	31 105.399     	98 104.480     	30 104.819     	29 104.716     	80 105.133     	69 105.792     	19 105.769     	11 104.690     	13 105.239     	35 105.599     	14 105.762     	 2 107.131     	53 105.909     	 3 105.993     	94 105.648     	74 106.016     	26 105.345     	82 107.775     	
Lap 51	47 104.819     	20 104.655     	22 104.574     	21 105.189     	42 104.433     	81 105.414     	31 105.104     	98 104.414     	30 104.700     	29 105.076     	69 105.398     	80 105.759     	19 105.456     	11 107.606     	13 105.044     	35 106.060     	14 106.799     	 2 105.196     	53 104.912     	 3 105.322     	94 105.307     	74 106.204     	26 106.258     	82 107.452     	
Lap 52	47 104.794     	20 104.365     	22 104.121     	21 104.489     	42 104.289     	31 104.896     	81 106.033     	98 104.195     	30 104.957     	80 105.539     	69 105.594     	19 105.311     	11 105.917     	13 105.974     	29 118.569 PIT	35 106.634     	14 106.420     	 2 106.559     	53 104.917     	 3 104.948     	94 105.601     	74 106.249     	26 105.781     	82 107.525     	
Lap 53	47 104.195     	20 104.362     	22 104.644     	21 105.127     	42 104.813     	31 105.478     	81 105.966     	98 106.609     	30 104.118     	19 105.460     	80 105.668     	69 106.357     	11 105.555     	13 106.118     	29 105.522     	35 106.396     	14 106.231     	 2 106.877     	53 104.974     	 3 105.632     	94 105.108     	74 105.469     	26 105.506     	82 107.398     	
Lap 54	47 104.231     	20 104.322     	22 105.000     	21 104.768     	42 104.714     	31 104.226     	81 104.210     	98 104.664     	30 104.330     	80 106.056     	19 106.312     	69 105.597     	11 106.356     	13 106.269     	29 103.919     	35 106.152     	14 106.590     	 2 105.570     	53 105.126     	 3 105.368     	94 105.454     	74 105.713     	26 106.037     	82 107.299     	
Lap 55	47 104.500     	20 104.829     	22 104.917     	21 104.771     	42 105.021     	31 104.766     	81 104.376     	98 105.771     	30 106.629     	80 106.239     	69 106.067     	19 106.423     	11 106.157     	13 105.686     	29 104.759     	35 105.322     	14 105.961     	 2 106.935     	53 105.814     	 3 105.321     	94 105.547     	74 105.547     	26 106.181     	82 107.379     	
Lap 56	47 104.496     	20 104.525     	22 105.262     	21 105.550     	42 104.626     	31 105.511     	81 105.644     	98 104.971     	30 104.356     	80 106.090     	69 106.278     	19 106.381     	29 103.522     	11 106.504     	13 106.358     	35 105.772     	14 105.133     	53 106.383     	 2 107.255     	 3 104.947     	94 105.648     	74 105.668     	26 106.362     	82 107.922     	
Lap 57	47 105.185     	20 104.580     	22 105.172     	42 105.849     	21 106.839     	31 105.434     	81 106.273     	98 104.317     	30 104.379     	80 105.894     	69 105.966     	19 105.822     	29 105.508     	13 105.690     	11 106.282     	35 105.906     	14 105.309     	53 106.289     	 3 106.381     	 2 106.854     	94 105.998     	74 106.191     	26 106.052     	82 107.784     	
Lap 58	47 105.249     	20 104.882     	22 105.044     	42 105.722     	21 105.930     	31 105.018     	81 105.787     	30 105.170     	98 106.436     	29 105.344     	80 106.290     	19 106.600     	69 106.794     	11 105.971     	13 106.362     	35 106.518     	14 106.918     	 3 106.220     	53 106.898     	 2 106.588     	94 106.283     	74 106.066     	26 106.345     	82 107.972     	
Lap 59	47 104.732     	20 105.442     	22 105.403     	42 106.236     	21 106.602     	31 105.022     	81 105.587     	30 106.575     	98 107.067     	29 105.489     	80 106.778     	69 106.441     	19 106.642     	11 106.299     	13 106.245     	35 107.045     	14 107.135     	53 107.037     	 3 107.256     	 2 107.650     	94 106.284     	74 106.587     	26 106.034     	82 107.765     	
Lap 60	20 105.357     	47 122.555 PIT	42 105.136     	21 105.804     	31 104.821     	22 122.934 PIT	81 105.184     	30 106.051     	98 107.887     	29 104.356     	69 106.315     	80 106.870     	19 106.257     	13 106.297     	11 106.936     	35 106.860     	14 107.702     	 2 106.249     	53 107.265     	 3 107.259     	94 105.667     	74 106.662     	26 106.035     	82 107.886     	
Lap 61	20 104.985     	47 104.193     	42 105.062     	31 106.036     	22 105.485     	21 106.851     	81 105.588     	30 105.276     	98 105.133     	29 104.232     	69 106.586     	19 106.797     	80 107.292     	13 106.726     	11 106.265     	35 106.544     	14 105.976     	53 107.416     	 3 107.820     	94 106.457     	 2 124.698 PIT	26 106.415     	74 123.227 PIT	82 125.738 PIT	
Lap 62	47 104.315     	20 122.215 PIT	42 105.780     	22 105.068     	31 106.775     	21 106.518     	30 104.978     	98 104.804     	81 123.423 PIT	29 104.545     	80 108.575     	11 107.463     	14 105.717     	53 106.959     	 3 107.639     	69 124.482 PIT	19 124.387 PIT	94 106.454     	13 124.934 PIT	35 123.231 PIT	 2 105.425     	26 106.991     	74 105.610     	82 106.765     	
Lap 63	47 103.792     	20 103.991     	42 105.446     	22 103.516     	31 106.142     	21 106.666     	98 104.927     	81 104.756     	30 122.533 PIT	29 104.378     	11 107.178     	14 106.411     	53 106.870     	19 105.517     	69 106.010     	13 104.524     	80 123.745 PIT	35 104.538     	 2 104.426     	 3 122.663 PIT	26 106.810     	94 123.785 PIT	74 105.200     	82 106.813     	
Lap 64	47 104.210     	20 103.514     	22 104.590     	42 106.301     	98 105.274     	81 104.478     	31 123.865 PIT	30 104.076     	21 124.294 PIT	29 104.774     	11 105.835     	53 106.670     	19 105.155     	69 105.663     	13 104.582     	80 105.247     	35 104.988     	14 124.121 PIT	 2 104.849     	 3 105.558     	94 105.545     	26 107.228     	74 105.237     	82 107.253     	
Lap 65	47 104.233     	20 104.256     	22 103.881     	98 105.911     	42 122.344 PIT	81 104.352     	31 104.851     	30 105.424     	21 106.034     	29 105.073     	19 104.905     	13 105.640     	80 104.389     	69 108.227     	35 104.516     	11 122.660 PIT	14 105.567     	 2 105.946     	 3 104.573     	53 124.761 PIT	94 106.247     	26 108.298     	74 105.426     	82 106.509     	

-- OFFICIAL RESULTS --
Pos	#No	Driver						Team					Time		Diff		Pits	Best
01	#47	PAV	ketila léqa pavúteka	Team Solea Racing		1:54:20.624	-0.000		3		103.486
02	#20	MAC	Mac						Team Vincent			1:54:31.579	-10.955		3		103.514
03	#22	PHI	Philipe					Team Vincent			1:54:42.075	-21.451		3		103.479
04	#98	MOT	Gorga Motxev			Dotruga Formula Racing	1:54:53.509	-32.885		2		103.768
05	#42	OOS	Frank Oosterhout		Cows Go Moo Racing		1:55:01.705	-41.081		3		103.799
06	#81	KÆR	Lyǽs Kæræsekæræn		Team V.V. Imperial		1:55:04.738	-44.114		3		103.796
07	#31	ŠAŊ	xap'ít celentir šaŋév	Team Solea Racing		1:55:06.488	-45.864		3		104.226
08	#30	WIS	Josh Wise				BONGATAR				1:55:07.301	-46.677		3		103.919
09	#21	ORS	Orson					Team Vincent			1:55:08.890	-48.266		3		103.881
10	#29	ALU	Sago Aludetsei			Dotruga Formula Racing	1:55:10.927	-50.303		3		103.522
11	#19	ZAI	khélok atep zailunaɰ	Team Solea Racing		1:55:38.762	-78.138		3		104.895
12	#13	SWE	Vernika Swerq			Cows Go Moo Racing		1:55:40.751	-80.127		3		104.201
13	#80	AYA	Ifloenne é Aya			Team V.V. Imperial		1:55:41.220	-80.596		3		104.389
14	#69	SAN	Marisa Sanchez			Cows Go Moo Racing		1:55:42.877	-82.253		3		104.466
15	#35	AKA	Asaúni Akaleta			Team Vikasani			1:55:43.811	-83.186		3		104.516
16	#11	XIA	Tembio Xiahelvi			Dotruga Formula Racing	1:55:44.359	-83.735		3		104.137
17	#14	HÚC	Daseno Húctu			Team Vikasani			1:55:49.578	-88.954		3		104.307
18	# 2	MOL	Paul Molthus			BONGATAR				1:55:50.533	-89.909		3		104.426
19	# 3	BOB	Bob						BONGATAR				1:55:53.496	-92.872		3		104.573
20	#53	TÀC	Ešuro Tàcràɰë			Team Diigikwk Racers	1:55:57.878	-97.254		3		104.558
21	#94	NES	At'ipi Nesbeksë			Team Diigikwk Racers	1:56:00.231	-99.607		3		104.989
22	#26	ILI	Rikvisi Iliria			Team Vikasani			1:56:02.588	-101.964	2		105.167
23	#74	KON	Bařàsiz Konoca			Team Diigikwk Racers	1:56:03.824	-103.200	3		104.870
24	#82	NUK	NUKKI					Team V.V. Imperial		1:57:20.294	-179.670	3		106.455

-- RACE INCIDENT REPORT --
Frank Oosterhout made a mistake while attempting an overtake on lap 7.
Marisa Sanchez made a mistake while attempting an overtake on lap 9.
Rikvisi Iliria made a mistake on lap 15.
Philipe made a mistake while attempting an overtake on lap 20.
Vernika Swerq made a mistake while attempting an overtake on lap 20.
Asaúni Akaleta made a mistake while attempting an overtake on lap 20.
Bob made a mistake while attempting an overtake on lap 27.
At'ipi Nesbeksë made a mistake while attempting an overtake on lap 43.
Daseno Húctu made a mistake while attempting an overtake on lap 46.
NUKKI made a mistake while attempting an overtake on lap 47.
Tembio Xiahelvi made a mistake while attempting an overtake on lap 51.
Sago Aludetsei made a pit stop to repair damage caused by a large incident on lap 52.
Ifloenne é Aya made a mistake while attempting an overtake on lap 62.
Tembio Xiahelvi made a mistake while attempting an overtake on lap 62.
Marisa Sanchez made a mistake while attempting an overtake on lap 65.
