-- LAP TIMES --
Lap 1	81 123.192     	42 123.989     	31 124.140     	22 124.157     	21 123.871     	19 124.395     	20 124.351     	53 124.395     	98 124.357     	29 124.270     	35 124.527     	13 124.327     	30 124.772     	69 124.504     	47 125.374     	94 124.910     	14 124.757     	 2 124.846     	80 124.769     	11 125.107     	 3 125.224     	74 125.545     	26 125.516     	82 125.885     	
Lap 2	81 123.210     	42 123.452     	31 123.896     	22 124.101     	20 123.800     	21 124.438     	47 123.652     	30 124.007     	19 124.571     	98 124.393     	69 124.232     	35 124.398     	53 124.961     	80 124.222     	29 125.069     	13 125.012     	14 124.643     	 2 124.899     	94 125.369     	11 125.157     	 3 125.303     	74 124.911     	26 125.069     	82 125.687     	
Lap 3	81 123.688     	42 124.185     	31 124.063     	20 123.949     	21 124.038     	22 124.425     	47 123.812     	19 124.317     	69 124.496     	30 124.783     	80 124.014     	35 124.502     	53 124.254     	98 125.066     	29 124.514     	14 124.443     	13 125.160     	94 125.060     	11 124.896     	 2 125.628     	74 124.857     	26 124.901     	 3 125.557     	82 126.055     	
Lap 4	81 122.721     	42 123.831     	31 124.200     	20 124.465     	47 124.176     	21 124.336     	22 124.459     	19 124.526     	35 124.178     	80 124.366     	69 124.637     	30 124.846     	98 124.466     	29 124.411     	53 124.965     	14 124.465     	13 124.945     	11 124.535     	94 125.184     	26 124.945     	 2 125.606     	74 125.718     	 3 125.753     	82 125.950     	
Lap 5	81 123.014     	42 123.711     	31 124.041     	47 123.699     	20 124.083     	22 124.023     	21 124.699     	80 124.363     	19 124.734     	35 124.890     	53 124.535     	30 124.808     	98 124.805     	14 124.633     	69 125.364     	29 125.349     	13 125.161     	11 124.708     	94 125.022     	26 125.118     	74 125.279     	 2 125.616     	 3 125.869     	82 126.461     	
Lap 6	81 122.554     	42 123.404     	47 123.883     	31 124.520     	20 124.526     	22 124.357     	21 124.909     	19 124.105     	35 124.001     	80 124.515     	30 124.270     	53 124.628     	98 124.815     	69 124.841     	14 125.055     	29 125.208     	13 124.601     	11 124.576     	94 125.304     	26 125.939     	 3 123.984     	74 125.594     	 2 126.578     	82 125.899     	
Lap 7	81 122.815     	42 123.264     	31 123.822     	47 124.091     	22 124.084     	20 124.554     	19 123.996     	35 124.544     	21 124.925     	80 124.995     	30 124.400     	14 124.343     	69 124.604     	98 125.023     	53 125.374     	11 123.823     	29 124.813     	13 125.468     	94 124.064     	74 123.989     	 2 124.177     	 3 125.932     	26 126.026     	82 126.397     	
Lap 8	81 122.617     	42 123.338     	31 123.827     	47 123.866     	22 124.776     	20 124.730     	19 124.251     	21 124.542     	35 124.658     	80 124.696     	30 124.990     	29 123.750     	14 124.977     	53 124.683     	69 125.481     	98 125.483     	94 123.639     	11 125.464     	13 124.886     	74 124.838     	26 124.592     	 3 125.135     	 2 125.617     	82 126.185     	
Lap 9	81 123.177     	42 123.681     	47 123.426     	31 124.161     	20 124.320     	22 124.609     	35 124.327     	19 125.743     	21 125.369     	30 124.878     	80 125.336     	29 124.918     	53 124.828     	14 125.161     	98 124.806     	69 125.075     	11 125.177     	94 125.385     	13 124.449     	74 125.007     	 2 124.582     	26 125.655     	 3 125.642     	82 126.637     	
Lap 10	81 123.062     	42 123.174     	31 123.659     	47 124.831     	22 124.602     	20 124.861     	35 125.040     	19 124.734     	21 124.684     	30 124.966     	80 124.971     	14 124.600     	53 124.903     	29 125.430     	98 125.074     	69 125.574     	11 125.695     	13 125.485     	94 125.671     	74 124.209     	 2 125.622     	26 126.161     	 3 126.307     	82 126.334     	
Lap 11	81 123.307     	42 123.264     	47 123.741     	31 124.550     	20 124.884     	22 125.162     	19 124.585     	35 124.999     	21 125.111     	30 125.435     	80 125.402     	14 125.444     	53 125.632     	98 124.972     	29 125.442     	69 125.822     	94 125.471     	11 125.880     	13 125.998     	74 125.714     	 2 124.777     	26 125.953     	 3 126.941     	82 128.505     	
Lap 12	81 123.459     	42 123.706     	31 123.558     	47 125.023     	20 124.628     	22 125.318     	19 125.297     	35 125.449     	21 125.181     	30 125.601     	14 124.957     	80 125.786     	29 124.951     	98 125.517     	53 125.719     	74 123.954     	94 125.421     	69 126.055     	13 125.299     	11 125.679     	 2 124.367     	26 124.865     	 3 124.359     	82 127.017     	
Lap 13	81 123.219     	42 123.863     	31 123.893     	47 123.401     	20 125.563     	22 125.535     	19 124.906     	21 124.421     	35 125.562     	14 125.060     	30 125.360     	80 125.106     	29 125.562     	98 125.548     	53 127.216     	69 125.432     	11 125.450     	74 126.703     	94 126.355     	13 126.092     	 2 124.799     	26 125.225     	 3 124.711     	82 127.148     	
Lap 14	81 123.749     	42 123.833     	31 125.174     	47 124.678     	22 124.880     	20 125.624     	19 125.130     	21 125.223     	30 125.279     	35 127.191     	80 125.519     	14 125.853     	29 125.564     	98 126.631     	69 125.655     	53 125.937     	11 125.522     	13 125.674     	94 125.987     	 2 125.791     	74 126.466     	26 126.560     	 3 126.824     	82 127.131     	
Lap 15	81 123.534     	42 124.465     	47 124.269     	31 124.906     	22 125.633     	20 125.851     	19 125.049     	21 125.188     	80 125.522     	35 125.891     	30 125.963     	14 125.475     	29 125.906     	98 125.524     	69 125.717     	74 124.630     	11 126.204     	53 126.451     	13 126.496     	94 126.522     	 2 126.434     	26 127.040     	 3 127.226     	82 127.430     	
Lap 16	81 124.226     	42 124.158     	47 124.924     	31 124.703     	22 125.659     	20 125.699     	19 126.000     	21 125.766     	80 125.825     	35 125.761     	30 126.300     	29 125.247     	14 127.064     	98 124.783     	69 125.744     	11 125.948     	53 126.403     	74 126.968     	94 126.153     	13 126.607     	 2 126.945     	26 125.839     	 3 125.581     	82 127.629     	
Lap 17	81 124.655     	42 124.612     	31 124.325     	47 125.219     	22 125.943     	19 125.438     	35 125.569     	30 125.881     	14 125.894     	29 126.563     	98 127.166     	69 126.924     	11 126.922     	74 126.676     	53 126.842     	13 126.413     	94 126.688     	 2 126.067     	26 127.445     	20 142.491 PIT	 3 128.098     	21 143.170 PIT	80 142.711 PIT	82 127.684     	
Lap 18	42 125.155     	81 141.533 PIT	19 125.680     	22 126.012     	35 126.050     	98 124.841     	29 126.362     	31 143.542 PIT	47 143.247 PIT	11 126.560     	53 126.866     	13 126.439     	 2 127.353     	21 122.541     	20 124.579     	80 123.121     	30 143.145 PIT	14 143.347 PIT	69 143.369 PIT	74 144.171 PIT	94 144.535 PIT	26 144.468 PIT	82 127.977     	 3 144.630 PIT	
Lap 19	81 123.395     	42 141.206 PIT	22 126.223     	35 125.014     	31 124.021     	47 124.073     	98 127.131     	11 126.827     	 2 125.997     	21 124.365     	20 124.344     	80 123.654     	19 143.404 PIT	30 124.550     	14 126.312     	69 124.065     	29 144.340 PIT	74 124.165     	94 124.357     	13 143.772 PIT	53 144.288 PIT	26 126.145     	 3 125.491     	82 145.361 PIT	
Lap 20	81 122.371     	42 123.374     	31 123.895     	47 123.698     	98 126.065     	11 126.423     	21 124.606     	20 124.323     	80 123.689     	19 122.937     	22 142.669 PIT	30 123.270     	35 142.649 PIT	14 124.747     	69 124.347     	29 124.862     	74 124.231     	94 124.076     	13 125.247     	53 125.072     	 2 144.216 PIT	26 125.391     	 3 126.119     	82 126.606     	
Lap 21	81 123.024     	42 122.330     	47 123.628     	31 124.156     	21 124.047     	20 124.505     	80 124.238     	19 123.932     	22 122.720     	30 123.419     	35 123.493     	14 124.625     	69 124.358     	29 123.997     	74 123.880     	94 123.342     	98 143.627 PIT	53 124.708     	13 124.937     	 2 124.231     	11 144.307 PIT	26 123.765     	 3 124.333     	82 125.645     	
Lap 22	81 122.988     	42 123.264     	31 122.717     	47 124.311     	21 124.635     	20 125.043     	22 122.436     	80 124.430     	19 124.661     	30 123.527     	35 122.700     	29 124.084     	14 124.985     	69 126.145     	74 125.160     	94 124.838     	98 123.759     	53 125.109     	13 125.029     	 2 124.709     	11 124.620     	26 124.102     	 3 123.786     	82 126.189     	
Lap 23	81 122.294     	42 122.823     	31 123.171     	47 122.534     	21 123.196     	20 123.988     	22 124.388     	80 124.604     	19 124.282     	30 123.734     	35 123.514     	14 125.048     	29 126.380     	74 125.264     	98 124.622     	94 125.131     	13 124.445     	53 125.023     	11 124.050     	 2 125.633     	26 124.286     	 3 123.762     	69 135.049 PIT	82 126.442     	
Lap 24	81 122.333     	42 122.511     	31 124.295     	47 123.909     	21 123.977     	20 124.120     	22 124.232     	19 124.062     	80 124.402     	30 124.317     	35 126.541     	14 123.624     	29 123.450     	98 125.047     	94 125.005     	74 125.654     	13 124.482     	53 124.886     	11 124.307     	26 124.361     	 2 125.438     	69 124.125     	 3 124.988     	82 126.080     	
Lap 25	81 122.552     	42 123.209     	31 123.883     	47 124.023     	21 123.348     	20 124.494     	22 124.438     	19 124.566     	80 124.405     	30 123.294     	35 122.991     	14 124.878     	29 124.550     	98 124.600     	74 125.143     	94 125.792     	13 124.885     	53 125.020     	11 125.103     	26 125.206     	69 124.721     	 2 126.584     	 3 126.033     	82 126.100     	
Lap 26	81 123.308     	42 123.329     	47 123.652     	31 124.637     	21 123.602     	22 123.801     	20 124.671     	19 124.332     	80 124.972     	30 124.675     	35 123.424     	29 124.120     	14 125.207     	98 123.025     	74 125.639     	94 125.537     	13 123.642     	53 124.699     	11 124.994     	26 124.813     	 2 126.021     	69 125.151     	 3 124.198     	
Lap 27	81 122.793     	42 123.199     	47 124.278     	31 123.765     	21 123.594     	22 123.989     	20 124.983     	19 124.564     	30 124.424     	35 123.000     	80 125.560     	29 125.395     	98 123.891     	14 125.432     	13 124.952     	94 125.823     	74 126.222     	53 124.108     	26 124.914     	69 125.193     	 2 124.947     	 3 126.149     	82 126.448     	
Lap 28	81 123.565     	42 122.981     	31 124.004     	47 125.041     	21 124.266     	22 124.603     	20 124.444     	19 124.677     	35 124.379     	30 124.799     	80 124.252     	29 125.192     	98 124.909     	14 125.789     	13 125.113     	94 125.417     	74 125.544     	53 127.199     	26 124.447     	69 123.422     	 3 125.383     	 2 126.091     	82 126.718     	
Lap 29	81 123.365     	42 123.159     	47 123.915     	31 125.003     	21 123.744     	22 124.646     	20 125.022     	19 124.521     	30 124.690     	35 125.196     	80 125.613     	29 125.309     	14 124.359     	98 125.705     	13 125.792     	94 125.360     	74 125.343     	53 125.200     	26 125.689     	69 125.240     	 2 124.475     	 3 126.151     	82 126.420     	
Lap 30	81 123.465     	42 123.532     	31 124.193     	47 124.871     	21 123.934     	22 123.674     	20 125.489     	19 125.625     	30 125.016     	80 124.455     	35 126.314     	29 125.060     	14 124.921     	98 125.699     	13 125.231     	74 125.339     	94 126.038     	53 124.365     	69 125.595     	26 126.634     	 2 124.673     	 3 124.744     	82 126.808     	
Lap 31	81 123.864     	42 124.023     	47 124.050     	31 124.802     	21 123.921     	22 123.230     	19 125.199     	20 125.778     	30 125.227     	80 125.635     	35 126.258     	29 125.815     	14 125.877     	98 125.582     	13 123.986     	74 126.116     	94 126.389     	53 127.236     	69 125.487     	26 126.397     	 2 125.093     	 3 124.492     	82 127.445     	
Lap 32	81 123.389     	42 124.003     	31 124.228     	47 125.119     	21 124.875     	22 123.724     	20 125.136     	19 125.282     	80 124.068     	30 125.408     	35 124.181     	14 125.087     	29 125.377     	98 125.687     	13 124.606     	94 125.560     	53 124.184     	74 126.395     	69 123.929     	26 126.134     	 2 126.446     	 3 125.645     	82 126.944     	
Lap 33	81 124.313     	42 123.695     	47 124.250     	31 125.174     	21 124.638     	22 123.281     	20 125.340     	19 125.414     	35 124.219     	30 125.655     	80 136.019 PIT	98 124.017     	29 125.753     	14 125.993     	13 124.745     	53 125.858     	94 125.999     	69 125.601     	74 126.639     	 3 126.103     	26 126.791     	 2 126.522     	82 127.751     	
Lap 34	81 124.039     	42 124.263     	31 124.631     	47 125.132     	22 123.789     	19 125.652     	35 125.338     	30 125.830     	21 141.634 PIT	80 125.159     	98 125.726     	29 126.390     	14 126.713     	13 124.533     	20 143.349 PIT	53 126.314     	69 125.951     	94 126.923     	74 125.986     	26 126.648     	 3 126.996     	 2 127.147     	82 127.527     	
Lap 35	81 123.732     	42 124.329     	31 125.312     	47 125.108     	22 124.220     	19 125.376     	35 125.557     	30 126.127     	21 123.436     	80 123.537     	98 124.356     	29 125.806     	14 125.963     	13 126.243     	20 123.728     	53 125.856     	69 125.699     	74 126.596     	 2 125.539     	26 127.231     	 3 127.071     	94 144.168 PIT	82 128.097     	
Lap 36	81 124.396     	42 124.046     	31 126.132     	47 126.843     	22 124.177     	19 125.511     	21 124.638     	35 127.515     	30 126.621     	80 122.769     	98 125.076     	20 123.389     	29 126.789     	14 126.697     	13 126.934     	69 125.603     	53 126.182     	 2 125.891     	26 127.306     	94 124.203     	74 142.585 PIT	 3 145.468 PIT	82 127.759     	
Lap 37	81 124.739     	42 141.996 PIT	47 125.104     	31 125.882     	22 124.381     	21 123.246     	19 124.936     	35 125.606     	80 123.126     	98 124.866     	20 123.390     	14 126.257     	29 127.153     	30 143.607 PIT	69 125.975     	 2 126.077     	26 126.264     	13 143.788 PIT	94 125.076     	74 124.801     	53 145.595 PIT	 3 124.832     	82 145.042 PIT	
Lap 38	81 141.599 PIT	42 123.282     	21 124.455     	31 143.106 PIT	47 143.636 PIT	19 126.539     	22 140.896 PIT	80 124.203     	35 126.290     	20 123.031     	98 125.331     	29 126.026     	30 123.762     	69 125.259     	13 123.845     	14 144.473 PIT	74 124.402     	94 125.080     	53 124.148     	 2 142.633 PIT	 3 123.616     	26 143.991 PIT	82 126.840     	
Lap 39	81 123.205     	42 124.429     	21 123.569     	31 124.211     	47 124.094     	22 124.617     	80 123.701     	20 124.333     	98 127.672     	30 123.473     	19 144.035 PIT	35 142.036 PIT	69 125.284     	13 123.087     	14 123.172     	29 143.227 PIT	94 124.575     	74 125.297     	53 123.772     	 3 124.405     	 2 126.038     	26 124.051     	82 126.316     	
Lap 40	81 122.225     	42 122.997     	21 123.245     	31 123.317     	47 123.080     	22 123.775     	80 123.898     	20 123.057     	30 122.779     	19 123.742     	35 123.435     	69 125.207     	13 123.378     	98 143.260 PIT	14 122.654     	29 124.181     	53 123.053     	94 124.961     	74 124.439     	 3 123.631     	 2 124.376     	26 123.918     	82 125.785     	
Lap 41	81 122.895     	42 122.734     	21 123.666     	31 123.736     	47 123.761     	22 124.377     	80 124.081     	20 123.730     	30 123.758     	19 124.418     	35 125.470     	69 125.897     	13 123.892     	98 124.500     	14 125.357     	29 123.327     	53 124.689     	74 124.550     	94 125.256     	 3 124.356     	 2 123.602     	26 123.587     	82 126.658     	
Lap 42	81 123.043     	42 122.468     	21 123.719     	47 123.101     	31 123.809     	22 123.704     	80 124.777     	20 123.051     	30 123.713     	19 122.559     	35 123.305     	13 123.912     	98 123.101     	14 123.204     	29 123.632     	53 125.018     	74 125.901     	94 125.587     	69 141.951 PIT	 3 123.880     	 2 123.903     	26 123.976     	82 126.018     	
Lap 43	81 123.119     	42 123.165     	21 123.888     	31 122.950     	47 124.222     	22 122.619     	80 124.141     	20 123.480     	30 123.731     	19 122.919     	35 123.588     	13 124.209     	98 123.418     	14 123.794     	29 123.558     	53 125.406     	69 123.653     	94 125.507     	74 126.112     	 3 124.094     	 2 124.563     	26 124.124     	82 126.467     	
Lap 44	81 122.729     	42 122.818     	47 123.564     	31 124.542     	21 125.513     	22 123.134     	80 124.457     	20 123.189     	30 123.813     	19 122.929     	35 123.241     	98 124.124     	13 125.425     	14 123.435     	29 124.041     	53 123.892     	69 124.376     	74 125.151     	94 125.815     	 3 124.304     	 2 124.663     	26 124.598     	82 126.094     	
Lap 45	81 122.933     	42 123.259     	22 122.596     	31 123.724     	47 124.444     	21 124.564     	80 123.676     	20 123.946     	30 124.712     	19 124.495     	35 123.176     	98 124.391     	14 124.344     	13 125.261     	29 123.394     	53 124.075     	69 123.731     	74 125.902     	94 125.755     	 3 126.210     	 2 124.373     	26 124.007     	82 126.979     	
Lap 46	81 122.768     	42 122.834     	31 123.858     	22 124.501     	21 123.608     	47 124.034     	80 124.091     	20 123.681     	30 124.547     	35 123.029     	19 125.317     	98 124.507     	29 122.904     	14 124.661     	13 125.381     	53 123.523     	69 123.383     	74 125.579     	94 125.952     	 2 125.271     	26 124.830     	 3 126.054     	82 126.795     	
Lap 47	81 123.024     	42 123.866     	31 123.925     	47 124.224     	22 124.908     	21 125.606     	80 124.691     	20 123.971     	30 123.795     	19 124.190     	35 124.335     	98 124.815     	29 125.020     	13 123.907     	14 126.155     	53 124.045     	69 123.812     	74 125.616     	94 125.825     	26 125.435     	 2 126.170     	 3 126.687     	82 126.739     	
Lap 48	81 123.027     	42 123.048     	31 124.698     	47 124.127     	22 124.314     	21 124.901     	80 124.661     	20 124.522     	30 124.270     	19 124.385     	35 126.823     	98 125.325     	14 123.868     	29 125.497     	13 125.390     	53 125.392     	69 124.785     	74 125.810     	94 126.000     	 3 124.617     	26 126.218     	 2 126.311     	82 126.902     	
Lap 49	81 123.756     	42 123.139     	31 124.204     	22 123.204     	47 124.592     	21 124.307     	80 124.611     	20 124.744     	30 123.693     	19 123.678     	35 123.462     	98 125.086     	14 124.693     	29 125.140     	13 126.210     	69 125.301     	53 126.009     	74 126.107     	94 125.962     	 3 125.862     	26 126.180     	 2 126.524     	82 127.421     	
Lap 50	81 122.942     	42 124.226     	31 124.333     	22 124.776     	47 124.391     	21 125.175     	80 125.272     	20 124.678     	30 124.167     	19 123.599     	35 123.425     	98 125.617     	14 125.395     	29 125.402     	13 125.007     	69 124.744     	53 126.644     	74 126.429     	94 126.819     	26 125.903     	 3 126.436     	 2 127.171     	82 127.155     	

-- OFFICIAL RESULTS --
Pos	#No	Driver						Team					Time		Diff		Pits	Best
01	#81	KÆR	Lyǽs Kæræsekæræn		Team V.V. Imperial		1:43:19.120	-0.000		2		122.225
02	#42	OOS	Frank Oosterhout		Cows Go Moo Racing		1:43:32.721	-13.601		2		122.330
03	#31	ŠAŊ	xap'ít celentir šaŋév	Team Solea Racing		1:44:09.296	-50.176		2		122.717
04	#22	PHI	Philipe					Team Vincent			1:44:09.881	-50.761		2		122.436
05	#47	PAV	ketila léqa pavúteka	Team Solea Racing		1:44:10.126	-51.006		2		122.534
06	#21	ORS	Orson					Team Vincent			1:44:12.728	-53.608		2		122.541
07	#80	AYA	Ifloenne é Aya			Team V.V. Imperial		1:44:16.986	-57.866		2		122.769
08	#20	MAC	Mac						Team Vincent			1:44:18.206	-59.086		2		123.031
09	#30	WIS	Josh Wise				BONGATAR				1:44:28.388	-69.268		2		122.779
10	#19	ZAI	khélok atep zailunaɰ	Team Solea Racing		1:44:29.398	-70.278		2		122.559
11	#35	AKA	Asaúni Akaleta			Team Vikasani			1:44:31.542	-72.422		2		122.700
12	#98	MOT	Gorga Motxev			Dotruga Formula Racing	1:44:48.304	-89.184		2		123.025
13	#14	HÚC	Daseno Húctu			Team Vikasani			1:44:48.686	-89.566		2		122.654
14	#29	ALU	Sago Aludetsei			Dotruga Formula Racing	1:44:49.199	-90.079		2		122.904
15	#13	SWE	Vernika Swerq			Cows Go Moo Racing		1:44:50.479	-91.360		2		123.087
16	#69	SAN	Marisa Sanchez			Cows Go Moo Racing		1:44:57.163	-98.043		3		123.383
17	#53	TÀC	Ešuro Tàcràɰë			Team Diigikwk Racers	1:44:59.562	-100.442	2		123.053
18	#74	KON	Bařàsiz Konoca			Team Diigikwk Racers	1:45:08.225	-109.106	2		123.880
19	#94	NES	At'ipi Nesbeksë			Team Diigikwk Racers	1:45:09.468	-110.349	2		123.342
20	#26	ILI	Rikvisi Iliria			Team Vikasani			1:45:09.762	-110.642	2		123.587
21	# 3	BOB	Bob						BONGATAR				1:45:09.874	-110.754	2		123.616
22	# 2	MOL	Paul Molthus			BONGATAR				1:45:11.833	-112.713	2		123.602
23	#82	NUK	NUKKI					Team V.V. Imperial		1:46:15.576	-176.456	2		125.645
24	#11	XIA	Tembio Xiahelvi			Dotruga Formula Racing	RETIRED		DNF			1		123.823

01	#20	MAC	Mac			127	+04
02	#47	PAV	ketila léqa pavúteka	128	+10
03	#22	PHI	Philipe			129	+12
04	#31	ŠAŊ	xap'ít celentir šaŋév	117	+15
05	#42	OOS	Frank Oosterhout	119	+18
06	#30	WIS	Josh Wise		91	+02
07	#21	ORS	Orson			72	+08
08	#81	KÆR	Lyǽs Kæræsekæræn	84	+25
09	#14	HÚC	Daseno Húctu		35	
10	#35	AKA	Asaúni Akaleta		34	
11	#19	ZAI	khélok atep zailunaɰ	29	+01
12	#10	DRI	Moose'; DROP TABLE driv	24	
13	#98	MOT	Gorga Motxev		20	
14	#94	NES	At'ipi Nesbeksë		19	
15	# 4	HIS	Moose for(i = 1;;i++) {	18	
16	#69	SAN	Marisa Sanchez		14	
17	#80	AYA	Ifloenne é Aya		20	+06
18	#11	XIA	Tembio Xiahelvi		12	
19	#29	ALU	Sago Aludetsei		08	
20	#13	SWE	Vernika Swerq		06	
21	# 2	MOL	Paul Molthus		04	
22	#74	KON	Bařàsiz Konoca		01
23	#53	TÀC	Ešuro Tàcràɰë		00
24	#26	ILI	Rikvisi Iliria		00
25	# 3	BOB	Bob			00
26	#82	NUK	NUKKI			00
27	# 7	BS=	Moose sudo dd if=/dev/z	00

01	Team Vincent				304	+21
02	Team Solea Racing			248	+35
03	Cows Go Moo Racing			116	+25
04	BONGATAR				93	
05	Team V.V. Imperial			73	+14
06	Team Vikasani				69	
07	Team Moosii				42	
08	Dotruga Formula Racing			40	+06
09	Team Diigikwk Racers			20	

-- RACE INCIDENT REPORT --
ketila léqa pavúteka made a mistake while attempting an overtake on lap 1.
NUKKI made a mistake while attempting an overtake on lap 11.
Marisa Sanchez made a mistake while attempting an overtake on lap 22.
Sago Aludetsei made a mistake while attempting an overtake on lap 23.
Marisa Sanchez made a pit stop to repair damage caused by a large incident while attempting an overtake on lap 23.
Tembio Xiahelvi crashed out while attempting an overtake on lap 26.
Ifloenne é Aya made a pit stop to repair damage caused by a large incident while attempting an overtake on lap 33.
ketila léqa pavúteka made a mistake while attempting an overtake on lap 36.
Frank Oosterhout made a mistake on lap 39.
