-- LAP TIMES --
Lap 1	10 54.747     	20 55.584     	14 55.817     	21 55.520     	30 55.796     	29 55.833     	19 55.839     	22 56.116     	31 55.875     	 3 56.150     	 4 56.467     	98 55.850     	42 56.450     	69 56.307     	35 56.849     	53 56.032     	74 56.390     	11 56.747     	26 56.170     	94 56.497     	47 56.765     	80 56.558     	 7 56.506     	 2 56.711     	82 56.591     	81 57.040     	13 56.564     	
Lap 2	10 56.524     	20 55.735     	21 55.795     	19 55.762     	30 56.216     	14 56.321     	22 55.976     	29 56.544     	98 56.016     	53 55.932     	31 56.512     	42 56.269     	 4 56.455     	 3 56.571     	26 55.979     	69 56.480     	94 55.999     	 2 55.803     	74 56.274     	35 56.504     	11 56.209     	13 56.033     	80 56.380     	47 56.549     	 7 56.557     	82 56.461     	81 56.802     	
Lap 3	21 55.631     	20 56.299     	10 56.485     	14 55.676     	30 55.704     	22 55.646     	19 56.307     	 4 55.694     	53 55.801     	42 56.143     	29 56.687     	35 55.841     	98 56.678     	69 56.165     	 3 56.474     	11 56.157     	74 56.338     	31 56.828     	94 56.591     	26 56.776     	80 56.200     	 7 56.109     	47 56.314     	13 56.918     	81 56.705     	 2 58.170     	82 57.401     	
Lap 4	21 56.254     	20 55.841     	30 55.825     	22 55.702     	14 56.345     	10 56.455     	19 55.862     	35 55.687     	53 56.217     	42 56.105     	 4 56.601     	69 56.002     	74 55.912     	29 56.445     	11 56.259     	98 56.561     	94 56.193     	 3 56.739     	47 56.143     	26 56.474     	31 56.779     	 7 56.661     	80 57.001     	13 56.889     	81 56.644     	 2 56.586     	82 56.793     	
Lap 5	20 55.435     	21 56.188     	22 55.934     	30 56.450     	14 56.040     	19 56.091     	10 56.522     	53 56.342     	42 56.070     	35 56.530     	 4 56.207     	69 56.321     	94 55.910     	74 56.536     	 3 55.871     	11 56.478     	29 56.811     	98 56.563     	47 56.357     	 7 56.159     	26 56.774     	31 56.811     	80 56.389     	81 56.175     	 2 56.226     	13 56.831     	82 56.687     	
Lap 6	20 56.027     	22 55.987     	21 56.117     	14 55.780     	30 56.298     	19 56.035     	10 55.816     	53 56.176     	42 56.165     	35 56.169     	 4 56.172     	74 56.088     	11 56.072     	 3 56.238     	94 56.488     	69 56.779     	47 55.970     	98 56.407     	29 56.695     	 7 56.249     	31 56.055     	26 56.753     	80 56.664     	81 56.316     	 2 56.166     	13 56.602     	82 57.314     	
Lap 7	20 55.460     	22 55.925     	21 56.277     	30 55.835     	14 56.455     	10 55.978     	19 56.391     	 4 56.011     	35 56.062     	53 56.630     	42 56.685     	74 56.086     	94 55.891     	69 56.243     	47 56.433     	 3 56.712     	11 56.864     	31 55.961     	 7 56.207     	29 56.726     	26 56.196     	98 57.331     	13 55.452     	81 56.224     	80 56.594     	 2 56.599     	82 56.947     	
Lap 8	20 55.125     	22 55.711     	14 55.788     	30 56.031     	21 56.210     	19 55.749     	10 56.530     	35 55.891     	 4 56.511     	42 56.123     	94 56.404     	53 56.869     	47 55.992     	74 56.845     	 3 56.087     	11 56.022     	31 55.943     	69 56.669     	29 55.917     	 7 56.618     	26 56.053     	98 56.277     	81 56.390     	13 56.662     	80 57.054     	 2 57.041     	82 56.610     	
Lap 9	20 55.476     	22 55.792     	21 55.754     	14 56.169     	30 56.335     	19 56.356     	10 56.132     	35 56.096     	42 56.379     	 4 56.656     	94 56.384     	 3 55.958     	74 56.183     	53 56.562     	11 56.289     	47 56.734     	31 56.711     	69 56.739     	29 56.643     	 7 56.893     	98 56.395     	26 56.787     	81 56.197     	13 56.237     	 2 56.206     	80 56.893     	82 57.058     	
Lap 10	20 55.316     	22 56.248     	21 55.791     	14 55.889     	30 56.201     	10 56.298     	19 56.685     	35 55.910     	42 55.955     	94 55.753     	 4 56.319     	53 56.207     	 3 56.570     	11 56.246     	74 56.628     	31 56.270     	47 56.705     	69 56.706     	29 56.674     	98 56.514     	 7 56.852     	26 56.236     	 2 56.886     	81 56.419     	13 56.838     	80 55.384     	
Lap 11	20 55.941     	22 55.956     	14 55.639     	21 56.408     	30 56.455     	19 56.068     	10 56.505     	35 56.815     	42 56.614     	94 56.727     	53 55.987     	11 56.008     	 4 56.744     	 3 56.660     	74 56.490     	31 56.235     	69 56.456     	47 56.899     	98 56.087     	29 56.581     	26 56.796     	81 56.650     	13 56.117     	 2 55.577     	80 56.937     	82 57.399     	
Lap 12	20 55.053     	22 55.722     	14 55.865     	21 56.397     	30 56.550     	10 55.820     	19 56.588     	35 56.554     	 4 55.939     	94 56.274     	42 56.736     	53 56.365     	 3 56.100     	74 56.183     	11 56.858     	31 56.721     	69 56.377     	47 56.327     	98 56.215     	29 56.154     	26 56.591     	80 55.797     	81 56.667     	 2 56.606     	13 57.059     	82 57.198     	
Lap 13	20 55.316     	22 56.107     	14 56.287     	21 55.508     	10 55.833     	30 56.192     	19 55.994     	35 56.706     	94 55.808     	 4 56.190     	42 56.474     	74 56.048     	53 56.607     	11 56.157     	 3 56.579     	31 56.072     	69 56.369     	29 56.581     	98 56.701     	47 56.966     	13 55.974     	26 56.775     	81 56.611     	80 57.138     	 2 56.978     	82 56.777     	
Lap 14	20 55.957     	22 56.583     	14 55.873     	21 56.252     	30 56.157     	10 56.561     	19 56.172     	35 55.873     	 4 56.046     	94 56.490     	42 56.322     	11 56.344     	74 56.620     	53 56.652     	 3 56.874     	31 56.989     	69 56.390     	29 56.279     	98 56.337     	47 56.852     	13 56.384     	26 57.044     	80 56.691     	81 57.199     	 2 56.739     	82 57.186     	
Lap 15	20 55.257     	22 56.103     	21 55.782     	14 56.525     	19 55.425     	10 56.112     	30 56.178     	35 56.364     	 4 55.897     	94 55.883     	42 56.672     	74 56.699     	53 56.664     	11 56.959     	 3 56.287     	69 56.285     	31 56.492     	98 56.588     	29 56.990     	13 56.559     	47 56.944     	26 56.344     	80 56.623     	 2 56.340     	81 56.976     	82 57.040     	
Lap 16	20 55.778     	22 56.283     	21 56.686     	14 57.004     	19 56.158     	30 56.046     	10 56.712     	94 55.638     	35 55.939     	 4 56.189     	74 56.138     	42 56.811     	53 56.610     	11 56.525     	 3 57.026     	31 56.539     	69 56.784     	98 56.942     	29 56.912     	47 56.179     	13 56.547     	26 56.529     	80 56.339     	 2 56.200     	81 56.276     	82 57.561     	
Lap 17	20 55.610     	22 56.596     	21 56.381     	19 55.990     	14 56.691     	30 56.217     	10 56.210     	94 55.891     	35 56.021     	 4 56.190     	74 56.412     	53 56.362     	42 56.816     	11 56.456     	69 56.162     	 3 56.509     	31 56.849     	98 56.541     	47 56.410     	29 56.603     	13 56.462     	80 56.596     	81 56.226     	26 56.874     	 2 56.799     	82 57.495     	
Lap 18	20 55.335     	22 56.535     	21 56.770     	19 56.338     	14 56.394     	10 56.076     	30 57.352     	35 56.311     	94 56.863     	 4 56.811     	74 56.291     	11 56.348     	42 56.730     	53 56.810     	69 56.243     	 3 56.904     	31 56.795     	98 56.875     	13 56.617     	47 56.892     	29 57.004     	 2 56.558     	81 56.844     	80 57.008     	26 56.918     	82 57.376     	
Lap 19	20 55.203     	22 56.049     	21 55.970     	19 56.230     	14 56.771     	10 56.820     	30 56.604     	94 56.368     	35 57.240     	 4 56.560     	74 56.228     	69 56.119     	53 56.438     	11 56.962     	42 56.968     	 3 56.381     	31 56.844     	98 56.530     	29 56.311     	47 56.663     	 2 56.201     	13 57.252     	26 56.396     	80 56.877     	81 57.135     	82 57.047     	
Lap 20	20 55.964     	22 56.414     	21 55.928     	14 55.904     	19 57.014     	10 56.426     	30 56.040     	94 56.469     	 4 56.774     	35 57.844     	74 56.306     	53 56.347     	11 56.426     	69 57.008     	 3 56.262     	42 57.036     	98 56.199     	31 56.674     	47 56.540     	29 56.717     	 2 56.173     	13 56.467     	26 56.389     	80 56.883     	81 57.462     	82 56.831     	
Lap 21	20 55.571     	21 55.896     	22 56.705     	14 56.783     	19 56.699     	94 55.426     	30 56.405     	10 56.914     	35 55.936     	 4 56.946     	74 56.725     	53 56.246     	11 56.733     	69 56.580     	 3 56.783     	42 56.615     	31 56.336     	98 56.546     	 2 56.628     	47 56.846     	29 56.881     	26 56.672     	13 57.152     	80 56.751     	81 56.788     	82 57.016     	
Lap 22	20 56.083     	21 56.277     	22 56.614     	19 56.106     	14 56.531     	94 55.989     	30 55.890     	10 56.001     	35 56.448     	 4 56.687     	74 56.474     	53 57.086     	11 56.463     	69 56.996     	 3 56.710     	42 57.117     	98 56.620     	31 57.137     	47 56.591     	 2 56.697     	26 56.385     	29 57.006     	13 56.590     	80 57.229     	81 57.681     	82 57.293     	
Lap 23	20 55.360     	21 56.118     	22 56.096     	19 56.146     	10 55.304     	14 56.516     	30 56.709     	94 57.006     	35 56.332     	74 55.941     	 4 56.757     	53 56.209     	11 57.182     	 3 56.745     	42 56.333     	98 56.435     	69 57.591     	31 56.750     	 2 56.554     	47 56.810     	26 56.811     	29 57.185     	13 57.350     	80 56.507     	81 56.836     	82 57.462     	
Lap 24	20 55.717     	21 56.212     	22 56.302     	19 56.661     	94 55.474     	10 56.935     	14 56.658     	30 56.724     	35 56.503     	74 56.265     	 4 56.319     	53 56.364     	11 56.336     	42 56.254     	69 56.337     	 3 57.045     	98 56.812     	31 57.147     	 2 56.804     	47 56.683     	26 56.422     	29 56.862     	80 55.942     	13 56.612     	81 56.880     	82 57.724     	
Lap 25	20 56.085     	21 55.951     	22 56.402     	19 56.224     	14 56.316     	10 56.411     	94 56.987     	30 56.785     	35 56.921     	74 56.757     	 4 56.465     	53 56.250     	11 56.454     	42 56.833     	 3 56.958     	98 56.683     	69 57.131     	31 56.328     	 2 56.404     	26 56.716     	47 57.248     	29 57.187     	80 57.250     	13 57.336     	81 56.644     	82 57.854     	
Lap 26	20 55.856     	21 56.193     	22 55.897     	19 57.023     	10 56.630     	14 56.856     	94 56.840     	30 56.419     	35 56.241     	 4 56.289     	74 56.548     	53 56.004     	11 57.113     	42 56.804     	69 56.802     	98 57.134     	 3 57.195     	31 56.864     	 2 57.042     	26 56.539     	47 56.254     	13 56.940     	29 57.248     	80 57.468     	81 56.134     	82 58.652     	
Lap 27	20 56.263     	21 55.716     	22 56.068     	10 56.591     	14 56.551     	19 57.183     	94 56.692     	30 56.320     	35 56.256     	 4 56.964     	74 56.950     	53 57.636     	11 56.764     	42 56.384     	31 56.507     	98 56.920     	69 57.160     	 3 57.070     	 2 56.537     	47 57.044     	26 57.389     	29 56.475     	13 56.566     	80 56.616     	81 56.964     	82 57.111     	
Lap 28	20 55.594     	21 55.924     	22 56.138     	10 56.402     	30 56.081     	14 56.509     	19 56.421     	94 56.599     	35 56.125     	74 56.028     	 4 56.814     	53 56.790     	11 56.887     	42 56.780     	98 56.453     	 3 56.397     	 2 56.696     	31 57.265     	69 57.223     	26 56.182     	47 56.989     	29 56.888     	80 56.828     	13 57.353     	81 57.106     	82 57.561     	
Lap 29	20 56.079     	21 55.997     	22 56.465     	30 56.300     	10 56.669     	19 56.814     	14 56.890     	94 56.540     	35 56.084     	74 56.446     	 4 56.418     	53 56.704     	42 56.609     	11 56.824     	98 56.774     	 3 56.631     	 2 56.813     	69 56.764     	31 57.033     	26 57.021     	47 56.965     	29 57.185     	80 56.893     	13 57.095     	81 56.288     	82 57.851     	
Lap 30	20 55.976     	21 55.797     	22 55.910     	30 56.589     	14 56.323     	19 56.534     	10 57.078     	94 56.842     	35 55.684     	74 56.964     	 4 56.523     	53 56.172     	42 57.378     	11 57.333     	98 56.991     	 3 56.993     	 2 57.183     	31 57.073     	69 57.318     	47 56.367     	26 57.103     	29 56.508     	81 56.324     	13 56.928     	80 57.634     	82 57.477     	
Lap 31	20 56.077     	21 55.964     	22 56.568     	14 56.190     	30 56.848     	19 56.670     	94 56.390     	10 56.819     	35 57.061     	 4 56.590     	74 57.091     	53 56.728     	42 56.743     	11 57.106     	 3 57.076     	98 57.231     	26 56.048     	 2 56.837     	47 56.566     	31 56.909     	69 57.040     	29 56.946     	81 57.182     	80 56.627     	13 57.243     	82 57.609     	
Lap 32	20 55.891     	21 56.083     	22 55.723     	14 56.421     	19 56.472     	30 57.040     	10 56.854     	94 57.122     	35 57.014     	 4 56.488     	74 56.358     	53 56.643     	42 57.231     	11 57.417     	 3 56.604     	 2 56.673     	26 57.001     	98 57.302     	47 56.901     	31 57.168     	69 57.124     	29 56.805     	81 56.825     	13 56.819     	80 57.019     	82 57.849     	
Lap 33	20 55.793     	21 55.766     	22 55.974     	30 56.287     	19 57.385     	10 57.054     	94 56.994     	14 58.865     	35 56.781     	74 55.853     	 4 56.773     	53 56.894     	42 56.574     	 3 56.643     	11 57.519     	 2 56.957     	26 56.988     	98 57.032     	47 57.581     	31 57.194     	69 57.125     	29 57.012     	81 56.949     	13 56.744     	80 56.751     	82 58.196     	
Lap 34	20 56.112     	21 56.031     	22 56.202     	30 56.425     	19 56.563     	10 56.932     	94 56.849     	14 57.040     	35 57.550     	 4 56.695     	74 57.573     	53 56.411     	 3 57.569     	26 56.837     	11 57.205     	42 59.040     	98 57.328     	47 56.706     	 2 57.608     	31 56.986     	69 57.049     	80 56.108     	29 57.276     	13 56.857     	81 57.328     	82 57.790     	
Lap 35	20 56.556     	21 56.478     	22 56.729     	30 56.131     	19 56.848     	10 56.984     	14 56.625     	94 57.300     	35 57.280     	74 56.672     	 4 56.905     	53 56.134     	 3 56.891     	26 57.183     	98 56.966     	11 57.652     	 2 57.196     	42 57.481     	47 57.490     	31 57.268     	69 57.410     	80 56.879     	29 56.675     	13 56.934     	81 57.231     	82 57.552     	
Lap 36	20 56.488     	21 56.328     	22 56.537     	30 56.501     	19 56.702     	14 56.504     	10 57.374     	94 57.092     	35 56.773     	74 57.107     	 4 57.402     	53 56.898     	 3 57.605     	11 56.868     	98 57.063     	26 57.673     	42 56.958     	 2 57.249     	47 57.666     	69 57.305     	31 57.568     	80 57.005     	29 57.297     	13 56.962     	81 56.908     	82 57.676     	
Lap 37	20 73.716 PIT	30 56.337     	14 57.370     	10 57.534     	35 56.978     	 4 57.223     	53 57.442     	21 73.576 PIT	22 74.011 PIT	 3 57.494     	42 57.267     	98 57.474     	26 57.423     	47 56.981     	 2 57.703     	31 57.360     	13 57.228     	80 57.966     	81 57.441     	19 74.957 PIT	94 73.874 PIT	74 74.511 PIT	11 74.629 PIT	69 74.386 PIT	29 74.344 PIT	82 57.551     	
Lap 38	20 55.205     	21 56.105     	22 55.834     	 3 57.370     	42 57.203     	98 57.325     	26 57.501     	80 57.198     	30 73.664 PIT	13 57.610     	19 56.222     	94 55.873     	14 74.456 PIT	74 55.544     	10 74.408 PIT	35 74.289 PIT	 4 74.621 PIT	53 74.646 PIT	11 55.552     	 2 73.558 PIT	29 55.820     	69 56.891     	31 74.151 PIT	47 74.820 PIT	81 74.695 PIT	82 74.551 PIT	
Lap 39	20 54.853     	21 55.648     	22 55.561     	 3 57.248     	26 57.737     	30 55.783     	13 56.563     	80 57.785     	19 55.824     	94 56.166     	14 56.366     	74 55.860     	35 56.021     	10 56.752     	 4 56.683     	53 56.576     	11 55.259     	42 73.710 PIT	 2 56.661     	69 55.875     	29 56.338     	98 74.248 PIT	47 56.696     	31 57.011     	81 55.753     	82 57.379     	
Lap 40	20 55.598     	21 55.246     	22 55.842     	 3 57.201     	30 55.937     	13 57.964     	19 56.053     	94 56.405     	14 55.535     	74 56.272     	35 55.885     	10 55.415     	 4 56.372     	53 56.105     	11 56.137     	69 55.776     	29 55.833     	 2 56.405     	98 56.151     	42 56.895     	31 56.324     	47 56.708     	81 56.124     	26 75.454 PIT	80 73.892 PIT	82 57.277     	
Lap 41	20 55.571     	21 55.943     	22 55.090     	30 55.883     	 3 57.920     	19 56.067     	94 55.705     	13 57.526     	14 56.206     	35 56.020     	10 56.102     	74 56.616     	 4 56.565     	53 56.531     	11 56.026     	69 55.872     	29 56.079     	 2 56.398     	42 56.499     	98 56.573     	31 55.982     	47 55.967     	81 56.535     	26 56.115     	80 57.002     	82 56.997     	
Lap 42	20 55.307     	21 55.362     	22 55.638     	30 55.655     	 3 57.202     	94 55.885     	19 56.734     	14 55.953     	74 55.337     	35 55.885     	10 56.422     	 4 55.963     	53 56.658     	11 56.078     	69 56.668     	29 56.560     	 2 56.619     	42 56.158     	31 56.063     	98 56.647     	47 56.135     	81 57.045     	26 56.496     	80 55.739     	13 74.708 PIT	82 57.248     	
Lap 43	20 55.249     	21 55.870     	22 55.426     	30 55.777     	94 55.923     	19 56.512     	14 56.397     	35 56.011     	74 56.210     	10 55.533     	 4 56.000     	53 56.220     	11 55.788     	29 56.016     	69 56.637     	42 56.082     	47 55.815     	31 56.208     	 2 56.838     	98 56.482     	81 56.386     	26 56.203     	80 56.424     	 3 74.837 PIT	13 56.109     	82 56.948     	
Lap 44	20 55.709     	21 55.886     	22 55.788     	30 55.525     	94 56.071     	19 56.634     	14 56.497     	35 56.195     	74 56.096     	10 56.167     	 4 55.846     	53 55.921     	11 56.075     	29 56.819     	69 56.776     	42 56.298     	47 56.196     	31 56.510     	 2 56.847     	98 56.640     	26 56.070     	81 56.459     	80 56.808     	 3 55.863     	13 56.151     	82 57.388     	
Lap 45	20 55.280     	21 55.992     	22 55.435     	30 55.850     	94 55.270     	14 55.915     	19 56.613     	35 56.171     	10 56.082     	74 56.793     	 4 55.478     	53 55.642     	11 55.882     	29 56.238     	69 55.886     	42 56.256     	47 56.335     	31 56.378     	 2 56.352     	98 56.443     	26 56.022     	81 56.964     	80 56.194     	 3 56.416     	13 55.821     	82 57.477     	
Lap 46	20 55.738     	21 55.917     	22 55.398     	30 55.386     	94 55.393     	74 55.174     	35 55.853     	14 56.413     	19 56.352     	10 56.094     	 4 55.522     	53 55.658     	11 55.404     	42 56.147     	29 56.819     	69 56.818     	31 56.113     	47 56.859     	98 55.869     	 2 56.120     	26 56.211     	81 56.760     	80 56.986     	 3 56.942     	13 55.991     	82 57.113     	
Lap 47	20 55.884     	21 55.531     	22 55.919     	30 55.485     	94 55.170     	14 56.113     	74 56.468     	19 56.185     	35 56.643     	10 56.401     	 4 55.752     	53 56.221     	11 56.160     	29 55.979     	42 56.749     	69 56.807     	47 56.124     	31 56.909     	98 56.490     	 2 56.842     	26 56.008     	81 56.640     	13 55.924     	80 56.359     	 3 56.482     	82 56.742     	
Lap 48	20 55.706     	21 55.864     	22 55.376     	30 55.852     	94 55.282     	14 56.077     	74 56.020     	19 56.267     	10 56.301     	35 56.424     	 4 56.160     	53 56.281     	11 55.648     	29 56.453     	69 55.925     	42 56.569     	47 56.515     	31 56.119     	98 56.628     	26 55.925     	 2 56.734     	81 56.700     	13 56.831     	80 57.028     	 3 57.064     	82 57.163     	
Lap 49	20 55.361     	21 55.849     	22 55.793     	30 55.672     	94 55.910     	19 56.063     	14 56.491     	74 56.587     	35 56.272     	10 56.328     	 4 55.930     	53 56.239     	11 55.863     	29 56.175     	69 56.653     	42 56.766     	31 56.396     	47 56.815     	98 56.474     	26 56.825     	 2 56.625     	13 56.531     	81 56.889     	 3 56.204     	80 56.782     	82 56.745     	
Lap 50	20 55.705     	21 55.907     	22 55.329     	30 55.731     	94 56.023     	14 55.696     	19 56.276     	74 56.103     	10 55.814     	35 55.975     	 4 55.670     	53 55.704     	11 55.693     	29 56.817     	69 56.362     	42 55.934     	31 56.362     	47 56.894     	98 56.685     	26 56.040     	 2 56.809     	13 56.299     	80 56.114     	81 57.044     	 3 56.765     	82 57.119     	
Lap 51	20 55.136     	21 55.911     	22 55.601     	30 55.490     	94 55.302     	14 56.670     	74 56.214     	35 56.225     	10 56.466     	19 56.729     	 4 56.668     	53 55.514     	11 55.893     	29 56.649     	42 56.491     	69 56.760     	31 56.825     	47 56.103     	98 56.501     	26 56.844     	 2 56.789     	13 56.127     	80 56.190     	81 56.768     	 3 56.702     	82 56.757     	
Lap 52	20 55.579     	21 56.424     	22 55.880     	30 55.479     	94 55.831     	10 56.176     	14 56.670     	74 56.595     	35 56.757     	19 56.863     	 4 56.512     	53 56.256     	11 55.770     	29 56.065     	42 56.300     	69 56.721     	31 56.239     	47 56.790     	26 56.252     	98 56.837     	 2 57.386     	80 55.331     	13 56.120     	 3 56.803     	81 57.003     	82 57.450     	
Lap 53	20 55.180     	21 56.417     	22 56.161     	30 56.009     	94 55.966     	74 56.223     	35 55.881     	10 56.483     	14 56.406     	 4 55.827     	19 56.743     	53 56.666     	11 55.658     	29 56.083     	42 56.517     	69 56.078     	47 56.238     	31 56.957     	26 57.004     	98 56.802     	80 56.387     	 2 57.004     	13 56.915     	81 56.014     	 3 56.198     	82 57.657     	
Lap 54	20 55.306     	21 56.562     	22 56.770     	30 55.877     	94 56.033     	74 56.206     	14 56.268     	 4 55.908     	35 56.599     	10 56.822     	19 56.140     	53 56.300     	11 57.211     	29 56.125     	69 56.119     	42 56.976     	31 56.233     	47 56.478     	98 57.022     	26 57.076     	80 56.634     	13 55.751     	 2 56.919     	81 56.650     	 3 56.685     	82 57.540     	
Lap 55	20 55.169     	21 55.910     	22 56.351     	30 55.217     	94 55.580     	35 55.893     	74 56.420     	 4 56.225     	10 55.924     	14 56.732     	19 55.890     	53 56.285     	11 56.313     	29 56.504     	69 56.864     	42 56.259     	31 56.773     	47 56.753     	98 56.295     	26 56.849     	80 56.685     	13 56.760     	 2 56.299     	81 56.722     	 3 56.870     	82 57.050     	
Lap 56	20 56.060     	21 56.364     	22 56.780     	30 55.190     	94 55.629     	 4 56.012     	74 56.395     	35 56.792     	19 56.112     	10 56.597     	14 56.719     	53 55.910     	11 55.822     	29 56.431     	42 56.213     	69 56.790     	47 56.224     	26 56.212     	98 56.979     	31 58.415     	13 56.405     	 2 56.399     	80 57.242     	81 56.652     	 3 56.839     	82 57.532     	
Lap 57	20 55.202     	21 55.745     	22 56.149     	30 56.068     	94 55.498     	 4 56.641     	35 56.500     	19 56.397     	74 57.110     	10 56.606     	14 56.585     	53 56.970     	11 56.534     	29 56.335     	42 56.562     	69 56.532     	47 56.501     	26 56.257     	98 56.448     	13 56.550     	31 56.722     	 2 56.468     	80 56.190     	81 56.793     	 3 56.467     	
Lap 58	20 55.642     	21 55.521     	22 55.731     	30 55.584     	94 55.505     	 4 56.051     	19 56.688     	10 56.469     	14 56.498     	74 57.018     	53 56.944     	11 56.757     	29 55.869     	42 56.289     	69 56.322     	47 56.608     	26 56.836     	98 56.643     	31 57.077     	13 56.221     	 2 56.591     	80 56.273     	 3 56.316     	81 57.161     	82 57.699     	
Lap 59	20 55.932     	21 55.990     	22 55.995     	30 56.085     	94 55.634     	 4 56.402     	10 56.161     	19 56.490     	74 56.042     	14 56.510     	53 57.080     	11 57.199     	29 56.171     	42 56.757     	69 57.152     	47 56.555     	80 55.684     	26 57.054     	98 56.909     	31 56.792     	13 56.829     	 2 57.062     	 3 56.800     	81 56.414     	82 57.270     	
Lap 60	20 55.755     	21 55.574     	22 56.034     	30 55.733     	94 55.881     	 4 56.925     	10 56.211     	74 56.329     	19 56.747     	14 56.427     	53 57.123     	11 56.920     	29 55.949     	42 56.345     	47 56.508     	69 56.938     	98 56.370     	26 56.458     	80 56.803     	31 56.372     	 2 55.890     	13 57.194     	 3 56.225     	81 56.318     	82 57.105     	
Lap 61	20 55.763     	21 56.051     	22 56.222     	30 55.381     	94 55.753     	 4 56.178     	10 56.592     	74 56.719     	19 56.704     	14 56.723     	53 57.177     	11 57.401     	29 56.039     	42 56.476     	69 56.092     	47 56.779     	98 56.236     	26 56.709     	31 56.612     	 2 56.544     	80 57.095     	13 56.525     	81 56.152     	 3 57.060     	82 56.903     	
Lap 62	20 55.574     	21 55.729     	22 56.003     	30 55.378     	94 56.006     	 4 56.148     	10 56.060     	19 56.767     	74 57.209     	14 56.854     	53 56.616     	11 57.170     	29 55.867     	42 56.228     	69 56.290     	47 56.356     	98 56.890     	31 56.364     	26 57.219     	 2 56.697     	80 57.138     	13 57.132     	81 56.864     	 3 56.477     	82 57.369     	
Lap 63	20 55.327     	21 56.343     	22 55.490     	30 55.666     	94 56.494     	10 55.669     	 4 56.208     	19 56.938     	14 56.749     	74 56.917     	53 56.115     	11 56.540     	29 56.136     	42 55.768     	69 56.529     	47 56.602     	98 56.372     	26 56.401     	 2 56.393     	31 56.998     	80 56.560     	13 56.926     	81 56.631     	 3 56.871     	82 57.883     	
Lap 64	20 55.430     	21 56.009     	22 56.046     	30 55.876     	94 56.172     	 4 56.308     	10 56.906     	14 56.322     	19 56.497     	74 56.893     	53 55.909     	11 55.909     	29 56.757     	42 56.051     	47 56.284     	69 57.111     	98 56.600     	 2 56.385     	26 56.865     	31 57.148     	80 57.136     	13 56.816     	81 56.883     	 3 56.871     	82 57.663     	
Lap 65	20 56.036     	21 56.423     	22 55.760     	30 55.429     	94 56.005     	10 55.494     	 4 56.952     	14 56.176     	19 57.154     	74 56.931     	53 56.605     	11 56.090     	29 56.586     	42 56.644     	47 56.436     	69 56.363     	98 56.343     	 2 56.917     	26 57.046     	31 56.680     	80 57.059     	13 56.829     	81 56.688     	 3 56.816     	82 57.128     	
Lap 66	20 56.223     	21 56.481     	22 56.514     	30 55.691     	94 56.437     	 4 55.882     	10 56.982     	14 55.613     	19 56.476     	74 56.318     	53 56.576     	11 56.213     	29 56.839     	42 56.242     	69 56.400     	47 57.110     	98 56.195     	 2 57.069     	26 56.568     	31 57.295     	80 56.640     	13 56.917     	81 57.114     	 3 57.115     	82 57.438     	
Lap 67	20 55.514     	21 55.872     	22 56.723     	30 56.681     	94 56.461     	10 56.175     	 4 56.987     	14 55.559     	74 56.404     	19 56.772     	53 57.141     	11 56.742     	29 56.741     	42 56.133     	69 57.158     	47 56.891     	98 56.224     	 2 56.497     	26 57.072     	80 56.579     	31 57.311     	13 56.919     	81 56.690     	 3 57.009     	82 57.604     	
Lap 68	20 55.993     	21 56.342     	22 56.267     	30 56.709     	94 55.885     	10 56.707     	 4 56.492     	14 56.434     	74 56.578     	19 57.214     	53 57.361     	11 57.495     	29 56.340     	42 56.500     	47 56.521     	69 57.405     	98 57.015     	 2 57.019     	26 56.754     	80 57.138     	13 56.472     	31 57.343     	81 56.911     	 3 56.420     	82 57.922     	
Lap 69	20 55.708     	21 56.619     	22 56.196     	30 55.570     	94 56.536     	10 57.147     	14 56.333     	 4 57.112     	74 56.982     	19 57.051     	53 56.768     	11 57.403     	29 56.090     	42 55.942     	47 56.536     	69 56.622     	98 57.961     	26 56.355     	 2 57.007     	31 56.325     	80 57.086     	13 56.909     	81 57.197     	 3 57.211     	82 58.078     	
Lap 70	20 55.999     	21 55.951     	22 56.824     	30 56.888     	94 56.266     	10 56.619     	14 56.953     	 4 56.730     	74 57.200     	19 56.690     	53 56.150     	11 56.905     	29 56.829     	42 56.628     	47 56.764     	69 56.374     	98 56.070     	26 56.784     	 2 57.321     	80 56.822     	13 56.976     	31 57.350     	 3 57.051     	81 57.638     	82 57.793     	
Lap 71	20 56.064     	21 56.740     	22 56.952     	30 57.334     	94 56.395     	10 56.431     	14 56.433     	 4 56.565     	74 56.617     	19 56.991     	53 56.852     	11 56.240     	29 56.774     	42 56.304     	69 55.979     	47 57.419     	98 56.039     	26 56.929     	 2 57.018     	80 56.868     	31 56.794     	13 57.438     	 3 57.009     	81 57.212     	82 57.798     	
Lap 72	20 56.634     	21 56.199     	22 56.830     	30 56.902     	94 56.534     	10 56.825     	14 56.822     	 4 57.345     	74 57.290     	19 57.146     	53 56.906     	11 56.532     	29 57.139     	42 57.053     	69 56.964     	47 56.856     	98 57.344     	26 57.294     	 2 56.767     	31 57.015     	80 57.630     	13 57.002     	 3 56.724     	81 56.668     	82 58.008     	
Lap 73	20 55.802     	21 56.821     	22 56.447     	30 56.616     	94 56.840     	10 56.789     	14 57.149     	 4 57.272     	19 57.054     	74 57.673     	53 56.646     	11 57.031     	29 56.885     	42 57.619     	69 56.674     	47 57.695     	98 57.194     	26 56.801     	 2 57.280     	31 57.449     	13 57.101     	80 57.439     	 3 57.172     	81 57.325     	82 58.167     	
Lap 74	20 56.706     	21 56.454     	22 55.947     	30 56.073     	94 56.785     	10 56.729     	14 57.145     	 4 56.952     	11 56.205     	53 57.406     	42 56.851     	69 56.194     	47 56.817     	98 56.725     	26 56.896     	74 74.176 PIT	19 74.385 PIT	 2 57.866     	80 56.098     	13 57.075     	31 57.340     	 3 57.172     	81 56.919     	29 73.088 PIT	82 58.320     	
Lap 75	20 72.945 PIT	21 56.160     	30 56.668     	22 73.731 PIT	94 73.865 PIT	 4 57.013     	11 56.997     	53 57.908     	42 56.626     	10 73.278 PIT	14 74.050 PIT	47 57.144     	98 57.097     	26 56.546     	19 56.062     	74 56.300     	80 57.015     	 2 57.166     	31 56.521     	13 56.876     	 3 56.875     	29 55.842     	81 57.701     	69 73.719 PIT	82 75.044 PIT	
Lap 76	20 55.172     	30 55.885     	21 73.678 PIT	22 55.666     	94 56.719     	42 56.316     	10 56.002     	14 56.238     	 4 73.434 PIT	98 57.192     	26 57.225     	19 56.591     	74 56.580     	80 56.935     	 2 57.598     	29 55.092     	13 57.101     	11 75.037 PIT	53 74.970 PIT	 3 57.106     	69 55.480     	47 74.195 PIT	31 74.381 PIT	81 74.425 PIT	82 57.156     	
Lap 77	20 54.894     	30 56.035     	21 55.304     	22 55.467     	94 55.506     	42 56.940     	10 55.429     	14 56.272     	 4 56.679     	74 55.873     	19 56.245     	29 55.815     	11 56.144     	 2 57.783     	13 57.748     	80 58.747     	53 56.815     	 3 57.713     	69 55.582     	47 55.997     	98 73.383 PIT	26 74.532 PIT	31 56.026     	81 56.620     	82 57.379     	
Lap 78	20 55.147     	21 55.817     	22 55.467     	30 74.172 PIT	94 55.713     	10 55.537     	14 55.704     	 4 55.488     	74 55.894     	19 56.640     	29 56.518     	11 55.990     	 2 57.271     	13 57.810     	53 57.361     	80 57.938     	 3 56.989     	69 55.667     	42 73.901 PIT	47 56.406     	98 56.866     	26 55.666     	31 55.871     	81 56.070     	82 56.637     	
Lap 79	20 55.005     	21 55.311     	22 55.194     	30 55.805     	94 55.757     	10 55.303     	14 55.523     	 4 55.294     	74 56.739     	19 56.476     	29 56.767     	11 57.013     	53 56.148     	13 57.112     	 2 57.953     	80 57.270     	69 56.193     	 3 57.742     	42 56.642     	47 55.298     	98 55.881     	26 55.409     	31 55.624     	81 56.010     	82 56.689     	
Lap 80	20 55.008     	21 55.242     	22 55.045     	30 55.655     	94 55.474     	10 55.190     	14 56.489     	 4 56.448     	74 56.237     	19 56.598     	29 56.634     	11 56.272     	53 56.085     	80 56.606     	42 55.500     	69 56.177     	 3 57.707     	47 56.057     	98 55.832     	26 56.134     	31 56.157     	81 56.497     	13 74.301 PIT	 2 75.661 PIT	82 57.329     	
Lap 81	20 55.708     	21 55.493     	22 55.326     	30 55.619     	94 55.398     	10 55.161     	14 55.691     	 4 56.557     	74 55.994     	19 56.041     	29 56.407     	11 56.271     	53 55.727     	42 56.018     	69 56.262     	 3 56.764     	47 55.841     	98 55.929     	26 55.952     	31 55.337     	81 56.408     	13 55.952     	80 75.025 PIT	 2 56.343     	82 57.021     	
Lap 82	20 55.270     	21 55.240     	22 55.151     	30 55.195     	94 55.608     	10 55.914     	14 55.509     	 4 55.845     	74 55.472     	19 55.815     	29 56.337     	11 56.255     	53 56.128     	42 56.323     	69 56.055     	47 55.682     	98 55.562     	26 56.181     	31 55.990     	81 56.274     	13 56.568     	80 56.855     	 2 56.953     	 3 73.474 PIT	82 57.205     	
Lap 83	20 55.550     	21 55.574     	22 55.063     	30 55.553     	94 55.568     	10 55.795     	14 55.951     	 4 55.534     	74 55.789     	19 55.348     	53 55.558     	11 57.090     	29 58.337     	69 55.876     	42 56.758     	47 56.292     	98 55.478     	26 55.537     	31 56.124     	81 55.887     	13 56.311     	80 56.166     	 3 55.866     	 2 56.667     	82 56.704     	
Lap 84	20 55.350     	21 56.107     	22 56.169     	30 55.600     	94 55.765     	10 55.379     	14 55.222     	 4 55.834     	74 56.031     	19 55.834     	53 56.141     	11 56.806     	29 56.181     	42 55.835     	69 56.742     	47 56.693     	98 56.489     	26 56.217     	31 55.619     	81 56.413     	13 55.575     	 3 56.050     	80 56.992     	 2 56.267     	82 57.281     	
Lap 85	20 55.535     	21 55.739     	22 55.868     	30 55.293     	94 56.073     	10 55.932     	14 55.194     	 4 55.454     	74 56.562     	19 56.651     	53 55.361     	29 55.600     	11 56.690     	69 56.050     	42 56.144     	47 56.409     	98 56.751     	26 56.219     	31 55.746     	81 56.801     	13 56.167     	 3 56.006     	 2 56.327     	80 56.889     	82 57.343     	
Lap 86	20 55.581     	21 56.544     	22 56.498     	30 55.340     	94 56.076     	10 55.481     	14 55.619     	 4 55.638     	19 55.871     	74 56.871     	53 56.112     	29 56.135     	11 56.510     	69 56.673     	42 56.709     	47 56.222     	98 56.398     	26 56.440     	31 57.148     	13 56.528     	81 57.059     	 3 56.692     	80 56.133     	 2 56.680     	82 56.622     	
Lap 87	20 55.746     	21 55.857     	22 56.512     	30 55.506     	94 55.409     	10 55.612     	14 55.593     	 4 56.115     	74 56.035     	19 56.733     	53 55.975     	29 56.092     	11 57.254     	42 56.353     	69 56.657     	47 56.893     	98 56.306     	26 55.646     	31 55.799     	13 56.738     	81 56.671     	 3 56.105     	 2 56.247     	80 56.369     	82 56.819     	
Lap 88	20 55.676     	21 55.331     	22 55.519     	30 55.931     	94 56.158     	10 55.782     	14 55.829     	 4 55.926     	19 56.103     	74 56.936     	53 55.403     	29 55.806     	11 56.322     	42 56.057     	69 56.876     	47 56.040     	26 55.632     	98 56.846     	31 55.834     	81 56.307     	13 56.613     	 3 56.005     	80 55.489     	 2 56.880     	82 57.281     	
Lap 89	20 55.206     	21 55.380     	22 55.280     	30 55.400     	94 55.902     	10 56.245     	14 55.156     	 4 56.167     	19 56.666     	74 56.859     	53 55.832     	29 55.863     	11 55.470     	42 55.462     	69 55.525     	47 56.114     	26 56.333     	98 57.419     	31 55.841     	13 55.919     	81 56.678     	80 55.847     	 3 56.759     	 2 55.858     	82 57.058     	
Lap 90	20 55.704     	21 56.117     	22 55.375     	30 55.526     	94 55.908     	10 55.927     	14 55.198     	 4 55.707     	19 56.742     	74 56.605     	53 56.385     	29 55.717     	11 56.215     	42 55.780     	69 56.420     	47 56.338     	26 55.844     	98 56.122     	31 56.543     	13 56.680     	81 56.535     	 3 55.937     	80 56.338     	 2 55.756     	82 58.980     	
Lap 91	20 55.996     	21 56.332     	22 56.338     	30 56.016     	94 55.411     	10 56.112     	14 55.415     	 4 55.654     	19 56.232     	74 57.017     	53 57.331     	29 56.371     	11 56.870     	42 56.139     	69 55.613     	47 56.320     	26 56.011     	98 56.153     	31 57.441     	13 56.274     	81 56.074     	 3 56.056     	80 56.142     	 2 56.327     	82 57.553     	
Lap 92	20 55.143     	21 56.524     	22 56.653     	30 55.147     	94 55.875     	10 56.266     	14 55.646     	 4 55.878     	19 56.221     	74 55.628     	53 56.391     	29 56.661     	42 56.556     	11 56.779     	69 56.245     	47 56.126     	26 56.149     	98 55.409     	31 56.371     	13 56.140     	81 56.773     	 3 56.407     	80 56.605     	 2 56.484     	82 57.202     	
Lap 93	20 55.428     	21 55.802     	22 55.504     	30 56.029     	94 56.177     	10 56.174     	14 55.546     	 4 56.288     	19 56.678     	74 56.614     	53 56.536     	29 56.510     	42 56.887     	11 57.055     	69 56.403     	47 56.295     	26 56.842     	98 57.314     	31 55.889     	13 55.686     	81 56.930     	 3 56.486     	80 57.014     	 2 57.008     	82 57.451     	
Lap 94	20 55.427     	21 56.153     	22 56.412     	30 55.436     	94 55.877     	14 56.001     	10 56.745     	 4 55.975     	19 56.299     	74 56.524     	53 56.223     	29 56.759     	69 56.105     	42 56.903     	11 56.654     	47 55.830     	26 55.981     	98 55.439     	31 55.799     	13 56.320     	 3 55.995     	81 57.000     	80 56.942     	 2 56.614     	82 56.901     	
Lap 95	20 55.251     	21 56.233     	22 56.361     	30 56.476     	94 55.913     	10 55.895     	14 56.258     	 4 56.263     	19 56.318     	74 56.897     	53 55.671     	29 56.529     	11 56.475     	42 56.579     	69 56.969     	47 56.190     	26 56.810     	98 57.185     	31 56.513     	13 55.703     	 3 56.722     	81 56.079     	 2 56.350     	80 57.105     	82 57.695     	
Lap 96	20 55.660     	21 55.557     	22 56.390     	30 56.596     	94 56.097     	14 56.132     	10 56.759     	 4 55.684     	19 55.621     	74 57.148     	53 56.903     	29 55.729     	42 56.110     	69 56.504     	11 56.911     	47 55.690     	26 55.904     	98 56.060     	31 57.019     	13 56.640     	 3 56.410     	81 56.766     	80 55.511     	 2 56.509     	82 57.013     	
Lap 97	20 55.433     	21 55.635     	22 55.669     	30 55.198     	94 55.847     	10 55.713     	14 56.456     	 4 56.198     	19 56.101     	74 56.338     	53 57.458     	29 56.634     	42 56.529     	11 56.554     	69 57.097     	47 55.700     	26 56.189     	98 55.579     	31 55.879     	13 56.356     	 3 56.509     	81 57.051     	80 56.807     	 2 56.644     	82 57.000     	
Lap 98	20 55.956     	21 56.258     	22 56.125     	30 56.496     	94 56.357     	14 56.153     	10 56.746     	 4 56.170     	19 56.588     	74 55.676     	53 56.404     	29 56.079     	42 56.218     	11 56.401     	69 56.657     	47 56.141     	26 56.439     	98 57.336     	31 55.937     	13 55.749     	 3 56.213     	80 56.793     	81 57.432     	 2 56.981     	82 57.101     	
Lap 99	20 55.761     	21 55.840     	22 56.282     	30 55.243     	94 56.183     	14 56.142     	10 56.086     	 4 56.168     	19 56.522     	74 56.217     	29 56.100     	53 57.123     	42 57.098     	11 56.592     	69 56.353     	47 56.079     	26 55.735     	98 56.350     	31 57.079     	13 56.476     	 3 56.115     	80 56.708     	81 57.002     	 2 56.405     	82 57.273     	
Lap 100	20 55.435     	21 55.500     	30 56.527     	22 56.571     	94 57.089     	10 55.845     	14 56.352     	 4 55.504     	19 55.679     	74 56.376     	29 56.217     	53 56.151     	42 56.349     	11 56.382     	69 56.836     	47 56.932     	26 56.078     	98 56.484     	31 56.372     	13 55.994     	 3 56.031     	81 56.736     	 2 56.702     	80 57.303     	82 57.885     	
Lap 101	20 56.191     	21 56.314     	22 55.593     	30 56.324     	94 55.825     	14 56.469     	10 56.719     	 4 56.416     	19 56.048     	74 56.089     	29 56.700     	53 57.796     	42 56.748     	11 56.568     	69 56.839     	47 56.386     	26 56.187     	98 55.705     	31 55.844     	13 56.189     	 3 55.908     	80 55.948     	81 56.732     	 2 57.026     	82 57.879     	
Lap 102	20 56.064     	21 55.492     	22 56.409     	30 56.411     	94 56.031     	10 56.215     	14 56.626     	 4 56.202     	19 56.335     	74 55.829     	29 56.576     	53 56.272     	11 56.607     	42 57.156     	47 56.123     	69 57.023     	26 56.132     	98 55.699     	31 56.392     	13 56.394     	 3 56.300     	80 56.976     	81 56.812     	 2 56.856     	82 57.719     	
Lap 103	20 56.031     	21 55.485     	22 57.023     	30 56.958     	94 56.566     	10 56.438     	14 56.633     	 4 56.333     	19 55.900     	74 56.378     	29 56.824     	53 56.478     	11 56.588     	42 57.008     	69 56.083     	47 57.050     	26 56.034     	98 55.916     	31 56.330     	13 56.346     	 3 55.775     	 2 56.269     	81 56.794     	80 57.277     	82 57.814     	
Lap 104	20 55.491     	21 56.406     	22 56.999     	30 56.548     	94 56.151     	10 56.849     	14 56.517     	 4 55.990     	19 56.078     	74 56.396     	29 56.653     	53 56.647     	11 56.993     	42 56.579     	69 57.367     	26 56.448     	47 57.066     	98 55.953     	31 55.991     	13 56.302     	 3 56.294     	 2 57.064     	80 56.898     	81 57.232     	82 57.802     	
Lap 105	20 56.327     	21 56.542     	22 56.303     	30 56.598     	94 56.236     	10 56.515     	14 56.541     	 4 57.824     	19 56.264     	74 56.776     	29 56.281     	53 56.675     	42 56.842     	11 57.081     	26 56.883     	47 56.988     	69 57.375     	98 57.064     	31 56.477     	13 56.335     	 3 56.639     	80 56.986     	 2 57.276     	81 57.522     	82 57.601     	
Lap 106	20 55.764     	21 56.237     	22 56.348     	30 57.606     	94 56.668     	14 56.044     	10 56.545     	 4 55.784     	19 56.704     	74 56.853     	29 56.586     	53 55.979     	42 56.969     	11 57.529     	26 56.970     	69 57.015     	47 57.190     	98 57.129     	31 56.420     	13 56.899     	 3 55.965     	80 56.873     	81 56.526     	 2 57.218     	82 57.963     	
Lap 107	20 55.950     	21 55.983     	22 56.133     	30 55.525     	94 55.881     	14 56.536     	10 56.626     	 4 56.124     	19 56.049     	74 56.949     	29 56.920     	53 55.938     	42 56.493     	11 57.397     	26 57.393     	69 56.958     	47 56.992     	98 57.024     	31 56.640     	13 56.816     	 3 56.067     	80 56.871     	 2 56.764     	81 57.333     	82 57.741     	
Lap 108	20 56.266     	21 56.545     	22 55.795     	30 56.069     	94 56.528     	10 56.219     	14 56.911     	 4 55.989     	19 56.265     	74 56.976     	29 57.186     	53 57.613     	42 56.801     	11 56.546     	26 56.570     	47 56.773     	69 57.359     	31 56.149     	98 57.279     	 3 55.979     	13 56.927     	80 57.252     	 2 57.288     	81 57.370     	82 57.509     	
Lap 109	20 55.978     	21 56.365     	22 56.286     	30 56.364     	94 56.411     	14 56.536     	10 56.985     	 4 56.025     	19 56.915     	74 56.671     	29 56.731     	53 57.949     	42 56.683     	11 57.201     	26 57.242     	47 57.447     	69 57.534     	31 56.850     	98 57.074     	 3 56.395     	13 56.508     	 2 56.687     	80 57.586     	81 56.587     	82 57.525     	
Lap 110	20 55.701     	21 56.250     	22 56.739     	30 55.610     	94 56.012     	10 56.678     	14 56.925     	 4 56.529     	19 56.346     	74 56.942     	29 56.385     	53 56.066     	42 56.528     	11 57.161     	26 56.717     	47 56.992     	69 57.123     	31 57.389     	98 57.154     	 3 56.557     	13 56.782     	 2 57.007     	80 56.828     	81 57.443     	82 57.892     	

-- OFFICIAL RESULTS --
Pos	#No	Driver						Team					Time		Diff		Pits	Best
01	#20	MAC	Mac						Team Vincent			1:42:38.682	-0.000		2		54.853
02	#21	ORS	Orson					Team Vincent			1:43:16.146	-37.464		2		55.240
03	#22	PHI	Philipe					Team Vincent			1:43:21.496	-42.814		2		55.045
04	#30	WIS	Josh Wise				BONGATAR				1:43:21.857	-43.175		2		55.147
05	#94	NES	At'ipi Nesbeksë			Team Diigikwk Racers	1:43:29.966	-51.285		2		55.170
06	#10	DRI	Moose'; DROP TABLE driv	Team Moosii				1:43:48.005	-69.323		2		54.747
07	#14	HÚC	Daseno Húctu			Team Vikasani			1:43:48.119	-69.438		2		55.156
08	# 4	HIS	Moose for(i = 1;;i++) {	Team Moosii				1:43:49.890	-71.209		2		55.294
09	#19	ZAI	khélok atep zailunaɰ	Team Solea Racing		1:44:00.975	-82.293		2		55.348
10	#74	KON	Bařàsiz Konoca			Team Diigikwk Racers	1:44:06.369	-87.688		2		55.174
11	#29	ALU	Sago Aludetsei			Dotruga Formula Racing	1:44:08.997	-90.315		2		55.092
12	#53	TÀC	Ešuro Tàcràɰë			Team Diigikwk Racers	1:44:10.512	-91.830		2		55.361
13	#42	OOS	Frank Oosterhout		Cows Go Moo Racing		1:44:15.280	-96.598		2		55.462
14	#11	XIA	Tembio Xiahelvi			Dotruga Formula Racing	1:44:17.665	-98.984		2		55.259
15	#26	ILI	Rikvisi Iliria			Team Vikasani			1:44:17.813	-99.132		2		55.409
16	#47	PAV	ketila léqa pavúteka	Team Solea Racing		1:44:18.655	-99.973		2		55.298
17	#69	SAN	Marisa Sanchez			Cows Go Moo Racing		1:44:19.329	-100.648	2		55.480
18	#31	ŠAŊ	xap'ít celentir šaŋév	Team Solea Racing		1:44:19.847	-101.166	2		55.337
19	#98	MOT	Gorga Motxev			Dotruga Formula Racing	1:44:19.897	-101.215	2		55.409
20	# 3	BOB	Bob						BONGATAR				1:44:26.874	-108.193	2		55.775
21	#13	SWE	Vernika Swerq			Cows Go Moo Racing		1:44:27.242	-108.560	2		55.452
22	# 2	MOL	Paul Molthus			BONGATAR				1:44:38.333	-119.651	2		55.577
23	#80	AYA	Ifloenne é Aya			Team V.V. Imperial		1:44:38.531	-119.850	2		55.331
24	#81	KÆR	Lyǽs Kæræsekæræn		Team V.V. Imperial		1:44:39.193	-120.512	2		55.753
25	#82	NUK	NUKKI					Team V.V. Imperial		1:45:46.575	-187.893	2		56.461
26	#35	AKA	Asaúni Akaleta			Team Vikasani			RETIRED		DNF			1		55.684
27	# 7	BS=	Moose sudo dd if=/dev/z	Team Moosii				RETIRED		DNF			0		56.109

-- RACE INCIDENT REPORT --
Paul Molthus made a mistake while attempting an overtake on lap 3.
Gorga Motxev made a mistake while attempting an overtake on lap 7.
Moose sudo dd if=/dev/z crashed out while attempting an overtake on lap 10.
Philipe made a mistake while attempting an overtake on lap 13.
Josh Wise made a mistake while attempting an overtake on lap 18.
Asaúni Akaleta made a mistake while attempting an overtake on lap 19.
Asaúni Akaleta made a mistake while attempting an overtake on lap 20.
Marisa Sanchez made a mistake while attempting an overtake on lap 23.
NUKKI made a mistake while attempting an overtake on lap 26.
Daseno Húctu made a mistake while attempting an overtake on lap 33.
Frank Oosterhout made a mistake while attempting an overtake on lap 34.
xap'ít celentir šaŋév made a mistake while attempting an overtake on lap 56.
Asaúni Akaleta crashed out while attempting an overtake on lap 57.
Ifloenne é Aya made a mistake while attempting an overtake on lap 77.
Sago Aludetsei made a mistake while attempting an overtake on lap 83.
NUKKI made a mistake while attempting an overtake on lap 90.
At'ipi Nesbeksë made a mistake on lap 100.
Moose for(i = 1;;i++) { made a mistake on lap 105.
Josh Wise made a mistake while attempting an overtake on lap 106.
