-- LAP TIMES --
Lap 1	42 90.829     	35 91.679     	31 91.434     	81 91.433     	53 91.654     	47 91.819     	22 91.840     	30 91.952     	14 91.660     	80 92.227     	20 91.946     	 2 92.111     	69 92.038     	94 91.967     	98 91.706     	13 92.123     	11 92.117     	21 92.411     	29 92.585     	26 92.567     	 3 92.746     	19 92.597     	74 92.732     	82 93.114     	
Lap 2	42 91.497     	31 91.414     	47 91.455     	30 91.423     	81 91.716     	53 91.727     	35 92.039     	22 91.891     	69 91.415     	20 91.797     	14 92.223     	13 91.835     	 2 92.111     	80 92.454     	94 92.191     	98 92.430     	21 92.063     	 3 91.864     	11 92.489     	29 92.563     	19 92.647     	26 92.895     	74 92.812     	82 93.413     	
Lap 3	42 91.728     	31 91.436     	35 91.499     	81 91.938     	30 92.083     	47 92.109     	22 91.688     	53 91.951     	14 91.706     	69 91.993     	20 91.975     	13 92.079     	 2 92.258     	94 92.389     	 3 91.991     	80 92.628     	98 92.337     	29 91.946     	21 92.672     	19 91.761     	11 92.504     	74 92.435     	26 93.867     	82 93.170     	
Lap 4	42 91.471     	31 91.779     	35 91.947     	47 91.897     	30 91.946     	81 92.041     	69 91.690     	20 91.662     	22 92.289     	53 92.486     	14 92.409     	13 92.109     	 2 92.433     	98 92.385     	21 91.922     	80 92.563     	19 92.024     	94 92.811     	 3 92.736     	29 92.415     	74 91.468     	11 92.619     	26 92.848     	82 93.469     	
Lap 5	42 91.559     	31 92.181     	35 91.628     	30 91.594     	69 91.568     	47 91.980     	81 92.361     	22 92.187     	14 91.792     	20 92.367     	53 92.146     	13 91.550     	 2 92.018     	98 92.246     	94 92.153     	19 92.304     	29 92.213     	21 92.708     	80 92.660     	74 92.488     	 3 92.965     	11 92.808     	26 92.030     	82 93.847     	
Lap 6	42 90.809     	31 91.802     	35 91.587     	30 91.822     	47 91.799     	69 92.288     	22 91.718     	14 91.692     	20 91.837     	81 92.359     	13 92.069     	53 92.539     	 2 92.519     	98 92.251     	94 92.391     	80 92.001     	29 92.401     	19 92.560     	74 92.279     	21 92.779     	11 92.179     	26 92.172     	 3 94.678     	82 93.959     	
Lap 7	42 90.457     	31 91.931     	35 92.073     	30 91.958     	47 91.666     	69 91.766     	14 91.805     	22 92.069     	13 91.924     	81 92.199     	20 92.405     	53 91.901     	98 92.143     	 2 92.705     	80 92.146     	29 92.529     	19 92.542     	94 92.855     	74 92.644     	21 92.951     	11 92.958     	 3 93.388     	26 95.173     	82 94.231     	
Lap 8	42 91.123     	31 91.823     	35 91.715     	30 92.061     	47 92.103     	14 91.991     	69 92.423     	22 92.556     	13 92.240     	81 92.271     	20 92.237     	53 93.448     	98 91.898     	 2 92.336     	80 92.324     	19 92.086     	29 92.412     	94 92.446     	74 92.549     	21 92.369     	11 92.762     	 3 92.105     	26 92.002     	82 93.577     	
Lap 9	42 90.388     	31 92.057     	47 91.586     	35 92.455     	30 92.359     	14 92.596     	69 92.587     	13 91.969     	22 92.104     	20 92.367     	81 92.554     	53 92.589     	98 92.782     	19 92.059     	 2 92.623     	80 92.674     	29 92.358     	74 92.487     	94 93.097     	21 92.500     	11 93.135     	 3 91.928     	26 92.620     	82 93.575     	
Lap 10	42 90.401     	31 91.528     	47 91.570     	35 91.807     	30 92.537     	13 92.018     	14 92.325     	69 92.351     	20 91.917     	22 92.474     	81 92.611     	98 92.014     	53 92.733     	19 92.113     	80 92.379     	29 92.145     	 2 92.865     	94 92.634     	21 92.638     	74 93.375     	11 92.352     	 3 92.458     	26 91.967     	82 94.127     	
Lap 11	42 91.123     	31 91.630     	47 91.831     	35 92.701     	30 92.330     	13 91.772     	69 91.994     	20 91.956     	14 92.835     	22 92.509     	81 92.240     	98 92.297     	53 92.564     	19 92.397     	80 92.572     	29 92.901     	 2 93.398     	94 92.373     	21 92.954     	74 93.085     	11 92.861     	 3 92.603     	26 92.455     	82 93.514     	
Lap 12	42 90.643     	31 92.022     	47 91.469     	35 91.869     	13 92.158     	69 91.925     	30 92.494     	20 92.568     	14 92.332     	22 92.344     	81 92.532     	98 92.762     	53 92.262     	19 92.723     	80 92.680     	29 92.625     	 2 92.413     	94 92.543     	21 92.795     	11 92.596     	74 93.215     	 3 92.422     	26 92.568     	82 93.513     	
Lap 13	42 91.118     	47 91.623     	31 92.475     	35 91.556     	13 92.616     	69 92.444     	30 92.510     	14 92.096     	20 92.965     	22 92.911     	81 92.175     	53 92.547     	98 92.762     	19 92.524     	94 91.322     	80 93.140     	29 93.139     	 2 92.860     	21 92.546     	11 92.568     	74 92.615     	 3 93.715     	26 92.640     	82 94.283     	
Lap 14	42 90.785     	47 92.391     	31 92.077     	35 93.802     	69 92.390     	13 92.521     	30 92.470     	14 92.558     	20 92.364     	22 92.309     	81 92.556     	98 92.543     	19 92.249     	53 93.122     	94 93.213     	80 92.540     	29 92.747     	 2 93.058     	21 92.799     	11 92.700     	74 92.291     	 3 92.651     	26 92.438     	82 94.213     	
Lap 15	42 91.101     	47 91.807     	31 91.773     	35 91.274     	69 92.332     	13 92.419     	30 92.569     	14 92.824     	20 92.595     	22 92.774     	81 92.844     	98 92.846     	19 93.205     	53 93.495     	80 92.688     	94 92.993     	29 92.993     	 2 92.735     	74 92.278     	21 93.258     	11 92.892     	 3 92.882     	26 93.115     	82 94.512     	
Lap 16	42 90.846     	31 91.727     	47 92.326     	35 91.691     	30 91.477     	69 92.152     	13 92.538     	14 92.890     	20 93.102     	22 92.712     	81 92.652     	98 92.592     	19 92.467     	53 92.473     	80 93.435     	29 92.548     	94 93.516     	 2 93.144     	21 92.598     	74 93.740     	11 93.176     	26 92.254     	 3 92.808     	82 94.236     	
Lap 17	42 91.011     	47 91.983     	31 92.669     	35 91.215     	69 92.272     	30 92.603     	13 92.306     	14 92.982     	22 92.964     	20 92.980     	81 93.263     	19 92.567     	98 93.286     	53 94.233     	80 92.970     	29 93.391     	94 93.448     	 2 93.515     	21 93.302     	74 93.129     	11 93.272     	26 94.131     	 3 94.201     	82 94.200     	
Lap 18	42 90.820     	31 92.065     	47 92.782     	35 93.464     	30 92.155     	69 92.979     	13 92.677     	14 92.829     	22 93.068     	20 93.241     	81 93.327     	19 93.252     	98 93.779     	80 92.743     	29 92.527     	53 93.367     	94 93.708     	21 93.022     	 2 93.499     	11 93.443     	74 93.905     	26 93.271     	 3 93.593     	82 93.950     	
Lap 19	42 91.371     	31 92.191     	47 92.207     	35 92.316     	30 92.523     	69 92.500     	13 92.815     	14 92.473     	22 92.708     	20 92.630     	81 93.502     	19 93.385     	98 93.216     	29 92.808     	80 93.436     	53 94.544     	21 93.461     	94 93.800     	11 92.695     	 2 93.953     	74 92.587     	26 94.280     	 3 93.945     	82 94.423     	
Lap 20	42 90.971     	47 92.531     	31 93.079     	35 91.769     	30 92.337     	69 92.674     	13 92.464     	14 93.206     	22 93.031     	20 92.943     	81 92.152     	19 92.922     	98 93.506     	80 92.819     	29 93.236     	53 92.932     	74 92.184     	94 93.145     	21 93.181     	 2 92.900     	11 93.178     	26 93.922     	 3 93.806     	82 94.799     	
Lap 21	42 91.758     	47 92.836     	31 92.743     	35 93.684     	30 91.698     	69 92.637     	13 92.691     	14 93.256     	20 93.247     	22 93.518     	81 93.427     	19 92.346     	98 92.747     	29 92.841     	80 93.018     	53 93.190     	94 93.082     	74 93.676     	21 93.368     	11 93.049     	 2 93.895     	26 94.237     	 3 94.410     	82 94.751     	
Lap 22	42 91.786     	31 92.517     	47 92.965     	35 92.215     	30 92.191     	13 92.696     	69 93.232     	14 92.832     	20 92.949     	22 93.297     	81 93.521     	19 92.549     	98 93.682     	29 93.305     	80 93.635     	53 93.867     	94 93.386     	21 93.407     	11 93.287     	74 94.174     	 2 93.841     	26 93.792     	 3 94.515     	82 95.055     	
Lap 23	42 91.693     	47 92.309     	35 91.894     	31 93.416     	30 92.237     	69 91.839     	13 92.928     	14 93.022     	22 92.863     	20 93.597     	81 92.818     	19 93.617     	98 93.199     	29 93.197     	80 93.265     	53 93.509     	94 93.779     	21 93.681     	11 93.937     	74 94.003     	 2 94.455     	26 93.459     	 3 92.502     	82 94.788     	
Lap 24	42 91.340     	35 93.191     	30 91.967     	14 92.745     	22 93.630     	81 94.232     	29 93.399     	47 110.509 PIT	31 110.707 PIT	21 94.105     	74 93.952     	69 109.861 PIT	13 109.150 PIT	 2 94.120     	26 94.299     	20 111.042 PIT	19 109.770 PIT	98 110.416 PIT	80 110.298 PIT	53 110.484 PIT	11 110.803 PIT	94 111.635 PIT	 3 111.776 PIT	82 94.976     	
Lap 25	42 92.323     	35 93.062     	47 91.001     	29 92.993     	31 91.034     	30 110.457 PIT	69 91.668     	21 93.437     	13 92.574     	14 109.530 PIT	20 92.163     	22 109.920 PIT	19 92.864     	81 109.542 PIT	98 92.745     	80 92.788     	53 91.492     	94 92.156     	11 92.933     	74 111.587 PIT	 2 110.847 PIT	 3 91.371     	26 111.485 PIT	82 94.889     	
Lap 26	42 109.577 PIT	35 92.692     	47 91.344     	31 91.862     	30 91.057     	29 94.378     	69 91.997     	13 91.019     	21 95.067     	14 91.767     	22 91.984     	20 92.524     	19 91.762     	81 92.537     	98 92.263     	80 91.802     	53 91.010     	94 92.069     	11 92.870     	74 93.170     	 3 91.476     	 2 93.337     	26 91.949     	82 111.812 PIT	
Lap 27	42 91.043     	47 91.023     	31 90.519     	30 92.108     	35 109.738 PIT	69 91.800     	13 91.860     	14 90.631     	22 91.545     	20 92.004     	19 92.582     	81 92.700     	98 92.133     	80 92.750     	53 93.508     	94 91.167     	11 91.385     	29 112.088 PIT	 2 92.130     	 3 92.518     	74 92.985     	21 110.172 PIT	26 92.185     	82 93.793     	
Lap 28	42 90.486     	47 90.507     	31 90.629     	30 91.223     	35 92.208     	69 92.088     	13 92.104     	14 91.055     	22 92.314     	20 92.137     	81 90.891     	19 92.327     	98 91.707     	80 92.623     	53 91.790     	94 92.276     	11 92.173     	29 91.483     	 3 92.155     	21 92.330     	 2 92.867     	74 93.103     	26 91.728     	82 93.828     	
Lap 29	42 90.264     	47 90.499     	31 90.810     	30 91.144     	35 91.630     	69 91.631     	13 91.560     	14 91.108     	22 92.132     	20 92.541     	19 91.505     	81 92.209     	98 91.348     	80 92.280     	94 91.314     	53 92.775     	29 91.802     	11 92.637     	74 91.254     	 3 92.351     	21 92.205     	 2 92.254     	26 92.171     	82 93.935     	
Lap 30	42 90.417     	47 91.102     	31 90.425     	30 90.883     	35 91.930     	69 91.961     	13 91.782     	14 91.605     	22 91.230     	20 91.727     	19 92.329     	81 92.495     	98 91.028     	80 92.279     	94 92.339     	53 93.568     	29 91.795     	11 92.585     	74 92.419     	 3 92.472     	21 92.684     	 2 92.869     	26 92.412     	82 93.361     	
Lap 31	42 90.893     	47 91.695     	31 91.629     	30 91.491     	35 91.867     	13 91.719     	69 92.197     	14 90.785     	22 91.231     	20 92.041     	19 92.021     	81 91.841     	98 92.340     	80 92.154     	94 92.058     	29 91.675     	53 92.364     	11 91.824     	 3 92.530     	74 92.912     	21 92.497     	 2 92.635     	26 92.243     	82 93.231     	
Lap 32	42 91.013     	31 91.104     	47 91.885     	30 91.440     	35 91.882     	13 92.211     	69 91.966     	14 92.437     	22 91.637     	20 92.136     	98 90.958     	19 92.515     	81 92.927     	80 92.704     	94 92.460     	29 92.185     	11 91.274     	53 93.198     	 3 92.369     	21 92.351     	74 92.766     	26 91.911     	 2 92.961     	82 93.723     	
Lap 33	42 90.357     	47 91.549     	31 92.352     	30 91.511     	35 91.464     	69 90.903     	13 92.463     	14 91.693     	22 91.478     	20 92.380     	19 92.051     	98 92.560     	81 92.614     	80 92.190     	94 92.386     	29 91.828     	11 91.962     	53 93.411     	 3 92.339     	21 92.504     	74 92.506     	26 93.042     	 2 93.224     	
Lap 34	42 90.467     	31 91.238     	47 92.084     	30 90.715     	35 91.821     	69 92.029     	14 91.234     	13 92.131     	22 91.153     	20 92.827     	19 92.443     	98 92.777     	81 92.381     	80 92.303     	94 92.594     	29 92.646     	11 93.095     	 3 92.241     	21 92.037     	74 93.182     	 2 92.957     	26 93.412     	82 93.646     	
Lap 35	42 90.992     	47 91.391     	31 92.404     	30 91.203     	35 92.050     	69 92.643     	14 92.448     	13 92.340     	22 91.421     	20 91.997     	19 92.303     	98 92.232     	81 92.989     	80 91.439     	29 91.834     	94 93.205     	11 92.040     	21 91.567     	 3 92.521     	74 92.244     	 2 92.395     	26 92.531     	82 94.081     	
Lap 36	42 90.295     	47 92.352     	31 91.803     	30 91.729     	35 90.939     	69 92.466     	14 92.031     	13 92.693     	22 91.794     	20 92.101     	19 92.987     	81 91.381     	98 93.342     	80 91.329     	29 92.932     	11 92.772     	94 93.229     	21 92.615     	 3 93.053     	74 92.241     	 2 92.371     	26 92.737     	82 94.286     	
Lap 37	42 90.951     	47 91.785     	31 91.999     	30 91.246     	35 91.697     	69 92.353     	14 92.163     	13 91.915     	22 91.779     	20 92.081     	81 92.036     	19 92.443     	98 93.520     	80 92.067     	29 91.296     	94 91.686     	11 92.803     	21 91.948     	74 91.739     	 3 93.143     	 2 92.950     	26 92.891     	82 93.721     	
Lap 38	42 90.482     	47 91.918     	31 91.924     	30 91.094     	35 91.805     	69 92.059     	14 92.036     	13 92.702     	22 91.746     	20 92.140     	81 92.121     	19 92.495     	98 92.607     	80 92.841     	29 91.296     	94 92.328     	11 91.690     	21 91.454     	74 92.866     	 3 93.534     	26 92.140     	 2 92.681     	82 94.502     	
Lap 39	42 90.683     	47 92.332     	31 92.028     	30 93.091     	35 91.437     	69 92.073     	14 92.495     	13 91.369     	22 91.222     	20 91.953     	81 92.297     	19 92.194     	98 93.026     	80 93.008     	29 91.926     	94 92.970     	11 92.708     	21 91.768     	74 92.660     	 3 92.233     	26 93.231     	 2 93.828     	82 94.114     	
Lap 40	42 91.295     	31 92.171     	30 91.026     	47 92.842     	35 91.687     	69 92.381     	13 92.426     	22 91.857     	14 94.769     	20 92.320     	81 92.293     	19 92.659     	98 92.533     	29 91.916     	80 92.777     	94 93.493     	11 93.652     	21 92.330     	74 93.582     	 3 94.118     	26 93.365     	 2 94.007     	82 93.694     	
Lap 41	42 90.800     	31 92.217     	47 92.162     	30 92.581     	35 91.120     	69 93.007     	13 92.263     	22 91.710     	14 91.656     	20 91.944     	81 92.894     	19 92.999     	98 92.457     	29 92.716     	80 92.647     	94 92.998     	11 93.087     	21 91.547     	74 91.931     	 3 92.262     	26 93.048     	 2 92.243     	82 93.768     	
Lap 42	42 90.988     	31 92.309     	30 91.992     	47 92.447     	35 91.869     	69 92.166     	22 91.586     	13 92.717     	14 91.929     	20 92.433     	81 92.759     	19 93.075     	98 92.433     	29 92.472     	80 93.360     	94 93.689     	21 93.406     	11 93.443     	74 92.355     	 3 92.128     	26 94.046     	 2 93.966     	82 94.005     	
Lap 43	42 91.385     	31 92.574     	30 92.919     	47 93.010     	35 91.657     	69 92.291     	22 92.340     	13 92.783     	14 92.434     	20 91.924     	81 91.360     	19 92.031     	98 93.108     	29 92.794     	80 92.051     	94 93.418     	21 93.369     	11 94.118     	74 92.522     	 3 91.966     	26 93.975     	 2 94.248     	82 94.733     	
Lap 44	42 91.373     	31 93.053     	30 93.000     	47 92.826     	35 91.218     	22 92.505     	69 92.825     	14 92.206     	13 93.352     	20 92.354     	81 92.085     	19 92.338     	98 92.721     	29 93.080     	80 93.040     	21 92.861     	94 93.155     	11 94.168     	74 92.935     	 3 92.908     	26 94.097     	 2 93.770     	82 94.694     	
Lap 45	42 91.516     	31 92.722     	47 92.516     	35 91.906     	30 94.277     	22 93.078     	69 93.025     	14 92.567     	13 92.588     	20 91.823     	81 92.208     	19 92.416     	29 92.540     	98 93.605     	80 93.431     	94 93.522     	11 92.234     	74 92.446     	 3 92.968     	21 103.264 PIT	26 93.497     	 2 94.238     	82 94.758     	
Lap 46	42 91.515     	47 92.409     	31 92.933     	35 93.094     	30 93.247     	22 93.073     	69 93.064     	14 93.204     	13 92.682     	20 92.538     	81 92.027     	19 92.442     	29 93.516     	98 93.262     	80 93.362     	94 93.388     	11 93.877     	74 92.978     	 3 93.042     	21 91.565     	26 92.815     	 2 92.604     	82 94.611     	
Lap 47	42 91.218     	31 92.016     	47 92.595     	35 93.005     	30 93.066     	69 93.121     	22 93.603     	14 93.239     	13 93.670     	20 92.274     	81 92.301     	19 92.776     	29 93.120     	80 92.372     	98 94.175     	94 92.858     	11 93.671     	74 93.526     	 3 92.936     	21 91.741     	26 94.479     	 2 94.199     	82 94.548     	
Lap 48	42 91.128     	35 92.082     	30 91.814     	22 93.733     	14 93.539     	31 110.446 PIT	47 110.348 PIT	20 92.659     	81 92.626     	29 92.993     	69 110.198 PIT	80 93.612     	13 110.054 PIT	98 94.056     	74 93.226     	 3 92.649     	19 110.588 PIT	21 91.028     	26 93.850     	 2 94.473     	94 109.536 PIT	11 110.381 PIT	82 95.053     	
Lap 49	42 91.622     	35 93.551     	30 93.218     	14 93.423     	22 93.829     	31 92.280     	47 92.498     	20 92.815     	81 92.118     	69 92.484     	29 93.723     	13 92.197     	80 94.012     	21 92.110     	19 92.421     	98 110.152 PIT	26 92.971     	 2 92.445     	94 91.685     	11 92.040     	74 111.516 PIT	 3 111.285 PIT	82 94.928     	
Lap 50	42 108.647 PIT	35 93.570     	30 94.192     	22 92.987     	31 91.585     	47 91.264     	69 92.016     	13 91.618     	29 93.960     	80 92.762     	14 111.136 PIT	20 109.590 PIT	81 109.319 PIT	21 92.356     	19 92.567     	98 91.048     	94 91.458     	26 94.135     	11 91.254     	74 93.044     	 3 94.554     	 2 110.833 PIT	82 94.861     	
Lap 51	42 90.609     	47 91.055     	31 91.968     	35 108.793 PIT	30 109.510 PIT	69 91.495     	13 92.095     	14 91.082     	22 110.966 PIT	20 91.369     	81 91.116     	21 92.505     	19 92.693     	98 91.560     	29 110.533 PIT	80 110.220 PIT	94 91.777     	11 91.206     	26 93.779     	74 91.673     	 3 91.681     	 2 91.693     	82 111.813 PIT	
Lap 52	42 90.860     	47 91.854     	31 91.269     	35 91.645     	30 91.526     	69 91.348     	13 91.437     	14 90.638     	22 92.337     	81 90.720     	20 91.942     	21 92.087     	19 92.012     	98 91.208     	80 91.978     	29 92.549     	94 91.935     	11 92.252     	74 91.538     	 3 91.242     	 2 91.246     	26 111.374 PIT	82 94.178     	
Lap 53	42 90.913     	31 91.011     	47 92.061     	35 91.078     	30 90.766     	69 90.918     	13 90.776     	14 91.603     	81 91.439     	20 91.643     	22 92.363     	21 92.528     	19 92.209     	98 91.037     	29 91.702     	80 92.382     	94 92.092     	11 91.082     	74 91.814     	 3 91.325     	 2 91.521     	26 92.588     	82 93.808     	
Lap 54	42 90.679     	31 91.013     	47 91.236     	35 91.435     	30 90.976     	69 90.641     	13 90.674     	14 90.914     	81 91.673     	20 91.938     	22 91.905     	21 92.640     	19 92.725     	98 91.305     	29 91.883     	80 91.853     	94 91.625     	11 91.400     	74 93.016     	 3 93.023     	 2 91.199     	26 93.841     	82 93.199     	
Lap 55	42 90.750     	31 91.005     	47 91.461     	35 92.351     	30 91.786     	69 91.562     	13 91.305     	14 91.304     	81 91.867     	20 92.451     	22 92.432     	19 92.336     	21 93.072     	98 91.302     	29 91.998     	80 92.185     	94 92.109     	11 91.633     	74 94.074     	 3 93.503     	 2 91.518     	26 91.820     	82 93.630     	
Lap 56	42 90.346     	31 90.507     	47 90.740     	35 91.840     	30 91.868     	69 90.812     	13 90.790     	14 90.906     	81 91.024     	20 92.000     	22 92.254     	19 92.663     	21 93.095     	98 93.136     	80 92.155     	29 92.636     	94 92.168     	11 92.827     	74 92.966     	 3 93.468     	 2 91.408     	26 92.550     	82 94.107     	
Lap 57	42 90.823     	31 90.915     	47 91.119     	35 91.935     	30 92.389     	69 91.917     	13 91.672     	14 91.213     	81 91.493     	20 92.115     	22 92.234     	19 92.770     	21 92.808     	98 93.749     	80 92.215     	29 92.447     	94 92.790     	11 91.217     	74 92.910     	 3 92.769     	 2 91.422     	26 92.043     	82 93.972     	
Lap 58	42 90.618     	31 91.081     	47 90.946     	35 91.815     	30 92.130     	69 92.332     	13 92.275     	14 91.815     	81 90.720     	20 92.568     	22 92.752     	19 91.285     	21 92.132     	98 91.146     	29 91.893     	80 92.210     	94 92.273     	11 92.990     	74 92.636     	 3 93.133     	 2 91.685     	26 92.273     	82 95.078     	
Lap 59	42 90.887     	31 90.910     	47 90.990     	35 91.655     	30 90.768     	69 91.898     	13 91.835     	14 90.949     	81 91.567     	20 91.850     	22 90.809     	19 91.189     	21 93.160     	98 93.244     	29 92.117     	80 92.413     	94 92.503     	11 92.756     	74 91.665     	 2 92.483     	 3 93.030     	26 91.770     	82 93.585     	
Lap 60	42 90.331     	31 90.753     	47 91.576     	35 92.048     	30 92.014     	69 91.901     	13 92.597     	14 91.502     	81 90.772     	22 92.592     	20 92.784     	19 91.602     	21 92.502     	98 93.242     	80 92.568     	29 92.921     	94 91.827     	11 92.073     	74 92.404     	 3 92.059     	 2 92.661     	26 92.356     	82 93.474     	
Lap 61	42 90.932     	31 91.629     	47 91.669     	30 92.020     	35 92.466     	69 90.968     	14 91.553     	13 92.142     	81 91.352     	22 92.601     	20 92.776     	19 91.961     	21 92.855     	98 93.426     	80 92.132     	29 92.158     	94 92.815     	11 92.027     	74 91.797     	 2 91.977     	 3 92.666     	26 92.197     	82 93.530     	
Lap 62	42 91.221     	31 91.737     	47 91.672     	30 91.717     	35 94.059     	69 91.738     	14 92.649     	13 92.441     	81 91.034     	22 91.931     	20 92.904     	19 91.428     	21 92.439     	98 91.415     	29 92.057     	80 93.033     	94 92.825     	11 92.830     	74 92.217     	 2 92.617     	 3 92.643     	26 92.058     	82 93.802     	
Lap 63	42 91.237     	31 91.050     	47 91.353     	30 91.761     	35 90.896     	69 91.431     	14 92.307     	13 92.494     	81 91.139     	22 91.884     	20 91.811     	19 91.655     	21 93.245     	98 94.130     	29 92.129     	80 92.836     	94 93.050     	11 93.217     	74 92.323     	 3 92.323     	 2 92.852     	26 92.242     	82 94.229     	
Lap 64	42 90.619     	31 91.450     	47 90.973     	30 91.519     	35 91.680     	69 91.133     	14 92.612     	13 92.231     	81 92.212     	22 91.136     	20 91.979     	19 92.425     	98 91.328     	21 92.721     	29 91.570     	80 91.619     	94 93.228     	11 93.168     	74 91.999     	 2 92.169     	 3 92.927     	26 92.827     	82 94.075     	
Lap 65	42 91.219     	31 91.651     	47 91.984     	30 91.920     	35 91.629     	69 91.828     	14 92.479     	81 92.027     	13 92.895     	22 91.482     	20 93.250     	19 91.811     	98 92.701     	29 91.386     	21 93.053     	80 92.210     	94 92.708     	11 93.239     	74 92.868     	 2 92.691     	 3 92.919     	26 92.351     	82 94.417     	
Lap 66	42 90.971     	31 91.981     	47 91.475     	30 91.174     	35 91.551     	69 91.940     	14 92.395     	81 92.546     	13 92.215     	22 91.666     	20 91.742     	19 92.545     	98 92.329     	29 92.555     	21 93.121     	80 92.101     	94 91.869     	11 92.436     	74 92.657     	 3 92.199     	 2 93.248     	26 92.668     	82 93.776     	
Lap 67	42 90.833     	31 91.557     	47 91.728     	30 91.437     	35 91.496     	69 92.318     	14 92.631     	81 92.559     	13 92.760     	22 92.142     	20 91.447     	19 91.702     	29 92.268     	98 92.965     	80 91.660     	21 92.859     	94 92.081     	11 92.004     	74 92.090     	 3 92.982     	 2 92.652     	26 92.932     	82 93.840     	
Lap 68	42 91.434     	31 92.093     	47 91.436     	30 91.771     	35 91.313     	69 91.875     	14 92.954     	81 93.049     	13 92.751     	22 92.260     	20 92.122     	19 92.759     	29 93.248     	98 93.251     	80 92.784     	21 93.525     	94 92.763     	11 92.529     	74 93.007     	 3 92.969     	 2 93.007     	26 92.556     	82 94.272     	
Lap 69	42 90.815     	31 92.138     	47 91.870     	30 91.771     	35 91.384     	69 92.214     	13 92.303     	81 92.525     	14 93.172     	22 91.729     	20 92.143     	19 92.248     	29 93.385     	98 93.268     	80 93.075     	94 93.000     	11 92.530     	74 92.367     	 2 92.356     	21 109.549 PIT	 3 93.104     	26 92.405     	82 94.495     	
Lap 70	42 91.294     	31 91.518     	47 91.681     	30 92.069     	35 91.427     	69 92.211     	13 92.873     	81 92.794     	14 93.470     	22 91.794     	20 92.022     	19 92.222     	29 92.634     	80 92.589     	98 93.419     	94 93.862     	11 93.336     	74 92.814     	 2 92.927     	21 92.979     	 3 94.387     	26 93.078     	82 94.849     	
Lap 71	42 91.770     	31 92.495     	47 92.008     	30 93.102     	35 94.455     	69 91.918     	81 92.490     	13 93.460     	14 92.608     	22 92.469     	20 91.771     	19 92.342     	29 93.427     	80 93.809     	98 94.645     	94 93.689     	11 93.854     	74 92.778     	21 91.335     	 2 93.354     	 3 92.236     	26 93.206     	82 94.485     	
Lap 72	42 91.225     	47 91.824     	30 92.353     	35 91.968     	31 109.092 PIT	81 92.643     	14 93.083     	22 92.107     	20 92.683     	69 109.211 PIT	19 92.985     	13 110.740 PIT	29 92.981     	80 92.732     	98 92.392     	94 94.022     	11 94.326     	74 93.099     	21 91.337     	 2 93.115     	 3 93.454     	26 92.994     	82 94.755     	
Lap 73	42 91.759     	47 92.216     	30 92.154     	35 92.374     	31 91.294     	81 92.235     	14 92.438     	22 92.444     	69 92.354     	20 93.320     	19 93.099     	13 91.205     	29 93.035     	80 93.188     	98 92.935     	94 93.672     	21 91.168     	 2 93.201     	11 111.043 PIT	26 93.226     	74 110.649 PIT	 3 109.618 PIT	82 95.183     	
Lap 74	42 109.762 PIT	47 92.821     	30 92.595     	35 91.916     	31 90.752     	81 92.512     	14 93.018     	22 91.920     	69 92.138     	20 93.755     	13 91.014     	29 93.188     	80 93.241     	98 94.344     	19 110.255 PIT	94 92.934     	21 91.286     	11 91.175     	26 93.499     	74 91.588     	 3 91.651     	 2 109.945 PIT	82 94.672     	
Lap 75	42 90.716     	30 92.481     	31 91.544     	35 93.788     	47 110.133 PIT	69 91.236     	13 91.013     	81 109.016 PIT	22 109.963 PIT	14 111.013 PIT	20 110.021 PIT	80 93.553     	19 91.702     	98 93.361     	21 91.087     	29 110.222 PIT	11 90.980     	94 110.269 PIT	74 92.310     	26 94.134     	 3 92.083     	 2 92.217     	82 112.567 PIT	
Lap 76	42 90.191     	31 91.992     	35 92.233     	47 91.493     	30 110.316 PIT	69 90.596     	13 91.514     	81 91.322     	14 92.272     	22 92.605     	20 90.992     	19 92.459     	21 91.730     	29 91.765     	80 110.212 PIT	11 91.455     	98 111.870 PIT	94 91.624     	74 92.444     	 3 92.058     	 2 91.400     	26 112.260 PIT	82 93.701     	
Lap 77	42 90.076     	31 91.061     	35 92.571     	47 90.850     	30 91.200     	69 90.850     	13 91.510     	81 90.733     	22 92.037     	14 92.198     	20 91.514     	19 91.752     	21 91.302     	29 91.200     	80 91.710     	11 91.386     	98 92.712     	94 92.339     	74 91.458     	 2 91.670     	 3 92.359     	26 92.423     	82 93.423     	
Lap 78	42 90.440     	31 90.459     	47 91.216     	30 91.944     	69 92.283     	35 109.709 PIT	81 91.673     	13 92.358     	22 91.562     	14 92.466     	20 91.596     	19 91.732     	21 91.926     	29 91.396     	80 91.833     	11 92.587     	98 92.128     	94 92.566     	74 91.949     	 2 92.214     	 3 91.888     	26 91.782     	82 93.942     	
Lap 79	42 90.704     	31 90.688     	47 90.672     	30 90.659     	69 91.026     	35 91.362     	13 91.279     	81 91.588     	22 92.235     	14 92.364     	20 91.500     	19 91.133     	21 91.215     	29 91.288     	80 91.351     	11 91.435     	98 92.174     	94 91.833     	74 92.012     	 3 91.945     	 2 92.260     	26 91.607     	82 93.277     	
Lap 80	42 90.637     	31 90.752     	47 91.334     	30 90.686     	69 91.104     	35 90.515     	13 91.667     	81 91.817     	22 90.735     	14 90.920     	20 90.844     	19 91.257     	21 91.953     	29 91.470     	80 91.130     	11 91.264     	98 91.828     	94 92.706     	74 91.825     	 2 91.983     	 3 92.881     	26 92.100     	82 93.858     	

-- OFFICIAL RESULTS --
Pos	#No	Driver						Team					Time		Diff		Pits	Best
01	#42	OOS	Frank Oosterhout		Cows Go Moo Racing		2:2:13.029	-0.000		3		90.076
02	#31	ŠAŊ	xap'ít celentir šaŋév	Team Solea Racing		2:3:12.205	-59.176		3		90.425
03	#47	PAV	ketila léqa pavúteka	Team Solea Racing		2:3:18.586	-65.557		3		90.499
04	#30	WIS	Josh Wise				BONGATAR				2:3:31.500	-78.471		3		90.659
05	#69	SAN	Marisa Sanchez			Cows Go Moo Racing		2:3:33.559	-80.530		3		90.596
06	#35	AKA	Asaúni Akaleta			Team Vikasani			2:3:35.436	-82.407		3		90.515
07	#13	SWE	Vernika Swerq			Cows Go Moo Racing		2:3:45.378	-92.348		3		90.674
08	#81	KÆR	Lyǽs Kæræsekæræn		Team V.V. Imperial		2:3:45.731	-92.702		3		90.720
09	#22	PHI	Philipe					Team Vincent			2:3:51.884	-98.855		3		90.735
10	#14	HÚC	Daseno Húctu			Team Vikasani			2:3:53.128	-100.099	3		90.631
11	#20	MAC	Mac						Team Vincent			2:3:55.469	-102.440	3		90.844
12	#19	ZAI	khélok atep zailunaɰ	Team Solea Racing		2:4:01.754	-108.725	3		91.133
13	#21	ORS	Orson					Team Vincent			2:4:07.719	-114.690	3		91.028
14	#29	ALU	Sago Aludetsei			Dotruga Formula Racing	2:4:14.953	-121.924	3		91.200
15	#80	AYA	Ifloenne é Aya			Team V.V. Imperial		2:4:18.353	-125.324	3		91.130
16	#11	XIA	Tembio Xiahelvi			Dotruga Formula Racing	2:4:20.213	-127.184	3		90.980
17	#98	MOT	Gorga Motxev			Dotruga Formula Racing	2:4:24.508	-131.479	3		90.958
18	#94	NES	At'ipi Nesbeksë			Team Diigikwk Racers	2:4:25.969	-132.940	3		91.167
19	#74	KON	Bařàsiz Konoca			Team Diigikwk Racers	2:4:27.845	-134.816	3		91.254
20	# 2	MOL	Paul Molthus			BONGATAR				2:4:34.290	-141.261	3		91.199
21	# 3	BOB	Bob						BONGATAR				2:4:35.135	-142.106	3		91.242
22	#26	ILI	Rikvisi Iliria			Team Vikasani			2:4:49.190	-156.161	3		91.607
23	#82	NUK	NUKKI					Team V.V. Imperial		2:6:23.154	-250.125	3		93.114
24	#53	TÀC	Ešuro Tàcràɰë			Team Diigikwk Racers	RETIRED		DNF			1		91.010

-- RACE INCIDENT REPORT --
Rikvisi Iliria made a mistake while attempting an overtake on lap 3.
Bob made a mistake while attempting an overtake on lap 6.
Rikvisi Iliria made a mistake while attempting an overtake on lap 7.
Orson made a mistake while attempting an overtake on lap 26.
Ešuro Tàcràɰë crashed out while attempting an overtake on lap 33.
Daseno Húctu made a mistake while attempting an overtake on lap 40.
Orson made a mistake while attempting an overtake on lap 42.
Josh Wise made a mistake while attempting an overtake on lap 45.
Orson made a pit stop to repair damage caused by a large incident while attempting an overtake on lap 45.
Bob made a mistake while attempting an overtake on lap 50.
Rikvisi Iliria made a mistake on lap 54.
Bařàsiz Konoca made a mistake while attempting an overtake on lap 55.
NUKKI made a mistake while attempting an overtake on lap 58.
Mac made a mistake on lap 65.
