-- LAP TIMES --
Lap 1	20 131.699     	22 132.104     	14 132.166     	35 132.555     	21 132.551     	94 132.586     	 7 132.665     	30 132.583     	98 132.685     	31 132.584     	69 132.496     	74 132.513     	 4 132.498     	10 132.769     	19 133.102     	47 133.013     	29 133.321     	42 133.128     	53 132.989     	11 133.120     	 3 133.100     	 2 133.116     	80 133.159     	13 133.516     	26 133.631     	81 134.095     	82 134.360     	
Lap 2	20 131.802     	14 132.027     	22 132.264     	35 132.351     	94 132.281     	21 132.660     	 4 132.193     	30 132.708     	69 132.537     	19 132.420     	10 132.456     	 7 133.073     	74 132.844     	31 132.975     	98 133.135     	29 132.807     	42 132.749     	47 133.427     	53 133.344     	26 132.824     	11 133.343     	 2 133.291     	80 133.326     	13 133.298     	 3 133.675     	81 133.389     	82 135.205     	
Lap 3	20 131.707     	14 131.951     	22 131.969     	 4 132.053     	21 132.446     	35 133.019     	94 132.970     	69 132.543     	10 132.562     	30 132.739     	98 132.471     	19 133.050     	31 132.931     	29 132.649     	74 133.327     	 7 133.390     	47 132.946     	11 132.842     	53 133.039     	42 133.713     	13 132.860     	26 133.400     	 3 133.140     	 2 133.804     	80 133.790     	81 133.132     	82 134.322     	
Lap 4	20 130.638     	22 131.473     	14 132.266     	 4 132.599     	35 132.184     	21 132.407     	94 132.320     	30 132.247     	69 133.075     	10 133.057     	19 132.636     	98 132.823     	31 133.103     	 7 133.175     	74 133.220     	29 133.529     	47 132.974     	53 132.994     	42 133.035     	11 133.246     	 3 133.138     	13 133.715     	26 133.696     	 2 133.530     	80 134.140     	81 134.902     	82 135.285     	
Lap 5	20 130.854     	22 132.127     	14 132.611     	35 132.288     	21 132.828     	 4 133.078     	94 132.870     	30 133.138     	98 132.728     	10 132.917     	19 132.922     	69 133.089     	31 133.076     	47 133.083     	11 132.652     	29 133.399     	42 133.078     	74 134.010     	53 133.368     	 7 134.357     	80 132.072     	 2 133.180     	26 133.761     	 3 134.088     	13 133.873     	81 132.584     	82 134.742     	
Lap 6	20 130.730     	22 131.102     	14 131.474     	 4 132.294     	21 132.443     	94 132.361     	35 133.203     	98 132.728     	19 132.638     	30 133.255     	10 132.835     	69 133.225     	31 133.329     	11 132.897     	42 132.624     	74 132.956     	29 133.389     	47 133.789     	53 133.490     	 7 133.619     	13 132.882     	26 133.162     	80 133.969     	 3 133.697     	 2 134.079     	81 132.867     	82 134.617     	
Lap 7	20 130.677     	22 130.779     	14 131.244     	 4 132.515     	21 132.821     	94 133.257     	19 132.605     	35 134.019     	30 132.659     	98 133.020     	10 132.928     	69 133.316     	31 133.128     	11 132.941     	42 132.817     	74 132.944     	29 133.333     	47 133.253     	 7 133.053     	13 133.313     	26 133.438     	80 133.934     	81 133.683     	 2 134.019     	 3 134.272     	53 144.217 PIT	82 134.684     	
Lap 8	20 131.010     	22 131.311     	14 131.765     	21 132.448     	 4 133.001     	94 132.968     	19 132.774     	10 132.598     	35 133.150     	30 133.362     	98 133.664     	69 133.529     	42 133.437     	31 133.857     	11 133.727     	74 133.816     	29 133.493     	47 133.758     	 7 133.506     	26 133.490     	13 134.211     	 3 132.504     	 2 134.019     	80 134.557     	81 134.638     	53 133.907     	82 135.663     	
Lap 9	20 131.045     	22 131.667     	14 131.232     	21 132.470     	 4 133.014     	94 133.566     	10 133.025     	35 132.904     	19 133.497     	30 132.905     	98 133.189     	69 133.613     	 7 131.740     	42 133.759     	31 133.642     	11 133.588     	74 133.211     	29 133.715     	47 133.756     	 3 133.142     	26 134.009     	13 133.790     	 2 133.676     	80 134.224     	81 135.351     	53 132.187     	82 135.705     	
Lap 10	20 131.357     	22 131.060     	14 131.814     	21 132.813     	 4 133.697     	94 132.835     	10 133.242     	30 133.060     	35 133.310     	19 133.616     	98 132.948     	69 133.632     	42 133.606     	 7 133.932     	11 133.577     	31 133.697     	74 134.098     	47 133.431     	29 134.054     	 3 133.991     	26 134.068     	80 132.030     	13 134.070     	 2 133.765     	81 133.508     	53 131.484     	82 135.461     	
Lap 11	20 131.210     	22 131.258     	14 131.843     	21 131.317     	 4 133.020     	94 132.981     	10 133.010     	35 133.034     	30 133.155     	19 133.661     	69 133.540     	29 131.254     	98 135.722     	42 133.556     	11 133.552     	 7 133.706     	31 134.223     	74 133.950     	47 133.911     	 3 133.874     	26 133.735     	 2 132.558     	13 133.905     	80 134.136     	81 133.147     	53 132.034     	82 135.643     	
Lap 12	20 131.781     	22 131.617     	14 131.957     	21 131.293     	 4 133.092     	94 133.162     	35 133.327     	10 133.700     	19 132.543     	30 134.183     	98 133.716     	69 134.050     	29 134.071     	42 133.726     	 7 133.574     	11 134.138     	47 132.827     	31 133.731     	74 133.396     	80 132.567     	26 133.619     	 2 134.141     	 3 134.665     	13 134.030     	81 133.375     	53 131.984     	82 135.230     	
Lap 13	20 131.576     	22 131.529     	14 131.748     	21 131.827     	94 131.024     	 4 133.381     	10 133.223     	19 133.405     	35 133.735     	30 134.044     	98 133.336     	29 133.885     	42 134.072     	 7 134.377     	74 133.483     	47 133.995     	11 134.179     	69 135.616     	31 134.445     	13 132.381     	26 133.856     	80 134.723     	 3 133.941     	 2 134.800     	81 134.683     	53 134.649     	82 135.984     	
Lap 14	20 131.529     	22 132.341     	14 131.749     	21 132.158     	94 132.188     	 4 132.546     	10 133.424     	30 132.090     	19 133.783     	35 134.947     	98 133.852     	42 133.747     	29 134.492     	74 134.053     	 7 134.404     	47 134.361     	69 134.144     	11 134.432     	31 134.192     	13 134.581     	26 134.568     	 2 133.289     	 3 134.502     	80 135.139     	53 134.024     	81 134.990     	82 135.717     	
Lap 15	20 131.589     	22 131.659     	14 132.519     	21 132.525     	94 132.966     	 4 132.663     	10 133.208     	19 132.911     	30 133.428     	35 132.620     	98 133.061     	42 133.669     	29 134.032     	74 134.526     	69 133.991     	11 134.040     	 7 134.455     	47 134.338     	31 134.047     	80 132.643     	13 134.431     	 2 134.205     	26 134.609     	 3 134.283     	53 133.857     	81 135.331     	82 135.624     	
Lap 16	20 132.373     	22 132.000     	14 132.475     	21 132.675     	94 132.416     	 4 132.112     	10 133.430     	19 134.499     	35 133.657     	98 132.407     	30 135.975     	42 133.727     	29 133.343     	69 133.830     	74 133.922     	31 133.542     	 7 133.831     	11 134.269     	47 134.165     	13 134.358     	53 132.145     	80 135.292     	26 134.245     	 2 135.095     	 3 135.798     	81 133.839     	82 136.544     	
Lap 17	20 132.318     	22 132.646     	14 132.452     	21 132.292     	94 132.977     	 4 132.297     	10 132.266     	19 135.627     	98 134.161     	35 136.129     	30 134.896     	29 134.023     	42 134.490     	47 132.856     	 7 134.038     	69 134.641     	11 134.291     	31 134.651     	74 134.890     	53 133.652     	13 134.687     	26 134.697     	80 135.338     	 3 133.848     	 2 135.602     	81 133.853     	82 136.122     	
Lap 18	20 131.821     	22 133.034     	14 132.599     	21 132.631     	 4 133.103     	94 134.461     	10 133.003     	98 134.033     	19 134.091     	35 134.368     	30 135.990     	29 134.641     	42 134.241     	47 134.319     	69 134.178     	74 133.916     	 7 134.617     	31 134.778     	11 134.962     	53 134.162     	13 134.884     	26 134.783     	 2 134.092     	80 135.383     	 3 135.199     	81 133.800     	82 136.703     	
Lap 19	20 132.615     	22 132.281     	14 132.478     	21 133.186     	94 132.697     	 4 134.352     	10 133.403     	98 134.256     	19 134.533     	30 133.465     	35 135.758     	42 134.571     	29 134.968     	47 134.550     	69 134.239     	 7 134.814     	53 132.257     	74 135.035     	31 134.850     	11 135.427     	13 135.249     	26 134.982     	 2 135.269     	81 134.820     	 3 135.442     	80 135.817     	82 136.424     	
Lap 20	20 133.136     	22 133.064     	14 132.735     	21 132.630     	94 133.539     	 4 132.902     	10 133.433     	98 134.548     	19 135.432     	35 134.460     	30 134.902     	42 134.573     	29 134.643     	53 133.693     	69 134.618     	47 135.572     	 7 134.580     	74 135.090     	31 135.087     	11 135.921     	26 134.956     	13 135.733     	80 133.749     	 2 135.875     	81 135.454     	 3 135.948     	82 136.713     	
Lap 21	22 133.092     	20 150.061 PIT	14 150.466 PIT	21 150.187 PIT	98 133.805     	 4 150.408 PIT	94 151.622 PIT	42 135.353     	53 134.152     	29 135.396     	69 135.589     	47 135.719     	74 135.204     	10 150.516 PIT	26 135.675     	 2 135.438     	81 135.774     	19 151.528 PIT	35 151.519 PIT	30 152.198 PIT	 7 151.599 PIT	11 150.448 PIT	31 153.368 PIT	80 150.696 PIT	13 152.632 PIT	 3 152.407 PIT	82 153.882 PIT	
Lap 22	22 133.253     	20 131.420     	14 131.921     	21 131.050     	98 134.303     	 4 132.733     	94 133.472     	53 134.665     	29 134.686     	42 135.229     	10 132.254     	47 135.701     	74 136.058     	26 134.355     	 2 135.576     	19 132.062     	35 132.869     	30 133.786     	 7 131.922     	11 131.659     	31 132.126     	69 152.379 PIT	80 133.192     	13 132.952     	 3 132.630     	81 153.016 PIT	82 135.263     	
Lap 23	20 130.552     	22 150.102 PIT	14 131.083     	21 131.362     	 4 131.444     	94 130.933     	10 131.610     	53 134.664     	42 135.634     	19 131.636     	35 131.019     	98 151.454 PIT	30 131.602     	 7 131.335     	11 131.666     	31 133.396     	29 152.450 PIT	69 133.735     	80 132.563     	74 150.739 PIT	13 131.653     	47 152.254 PIT	 3 132.041     	26 151.512 PIT	81 132.597     	 2 153.347 PIT	82 134.296     	
Lap 24	20 130.606     	22 132.564     	14 132.744     	21 130.972     	94 130.387     	 4 132.175     	10 130.774     	53 132.786     	19 130.958     	35 131.463     	 7 131.506     	98 133.352     	30 133.092     	11 131.909     	31 133.196     	29 133.133     	69 133.618     	47 131.438     	42 151.364 PIT	74 133.061     	80 133.625     	13 133.525     	 3 132.479     	26 132.703     	81 132.222     	 2 132.284     	82 135.092     	
Lap 25	20 130.966     	22 131.141     	14 130.813     	21 131.292     	94 132.575     	 4 132.473     	10 131.405     	53 133.284     	19 131.669     	35 130.843     	98 132.839     	 7 133.507     	30 133.502     	11 131.981     	31 132.907     	29 133.236     	69 132.619     	47 133.035     	42 133.234     	74 133.211     	13 133.497     	80 133.937     	 3 132.438     	26 132.198     	81 132.756     	 2 132.186     	82 134.754     	
Lap 26	20 130.341     	22 132.191     	14 133.032     	21 131.547     	94 132.338     	 4 132.424     	10 131.832     	53 133.110     	19 133.054     	35 134.846     	98 133.062     	 7 132.780     	30 132.872     	11 132.526     	31 133.549     	69 132.547     	47 132.592     	29 133.262     	42 132.376     	74 133.406     	13 133.536     	26 132.131     	 3 133.940     	80 134.172     	81 132.322     	 2 132.095     	82 134.789     	
Lap 27	20 130.936     	22 130.588     	14 131.025     	21 131.569     	10 130.720     	94 132.523     	 4 133.162     	53 134.132     	19 131.881     	35 131.169     	11 132.378     	98 133.052     	 7 133.249     	30 133.082     	69 132.969     	29 132.600     	31 133.301     	47 133.158     	42 133.312     	74 133.408     	80 131.707     	26 133.127     	13 134.020     	 3 133.745     	81 132.565     	 2 132.260     	82 135.373     	
Lap 28	20 131.208     	22 130.936     	14 131.726     	21 131.363     	94 131.125     	10 132.561     	 4 131.935     	19 131.503     	35 131.763     	11 132.871     	98 132.936     	 7 132.989     	30 132.990     	31 132.974     	42 131.682     	69 133.319     	29 133.458     	47 133.052     	53 151.090 PIT	74 133.711     	80 133.676     	26 133.736     	13 133.764     	 3 133.751     	81 132.912     	 2 132.762     	82 135.496     	
Lap 29	20 131.023     	22 130.803     	14 131.266     	21 131.219     	94 132.051     	10 131.276     	 4 131.439     	19 131.464     	35 131.866     	98 132.724     	 7 133.008     	11 133.616     	30 133.875     	69 133.027     	42 133.348     	29 132.937     	47 133.002     	31 133.809     	53 133.808     	74 133.265     	80 133.618     	26 133.585     	 3 133.406     	13 133.977     	81 133.631     	 2 132.480     	82 135.638     	
Lap 30	20 131.299     	22 131.261     	14 131.518     	21 131.060     	10 132.075     	94 132.823     	 4 131.769     	19 132.199     	35 131.980     	30 131.521     	98 133.372     	 7 133.262     	11 133.956     	42 132.795     	69 133.166     	29 133.002     	31 132.750     	47 133.076     	53 132.154     	74 133.096     	80 133.189     	26 134.045     	 3 134.343     	13 134.338     	 2 134.194     	81 134.728     	82 135.163     	
Lap 31	20 130.792     	22 131.614     	14 131.779     	21 131.783     	10 132.923     	 4 132.457     	94 133.483     	19 132.329     	35 131.862     	98 132.867     	30 133.583     	 7 133.863     	11 134.221     	69 133.379     	42 133.609     	53 132.832     	31 133.353     	29 133.652     	47 133.603     	74 133.869     	80 133.555     	26 132.286     	 3 133.578     	81 133.349     	 2 133.426     	13 134.327     	82 135.215     	
Lap 32	20 131.035     	22 131.231     	14 131.781     	21 132.120     	94 131.276     	10 133.093     	 4 133.357     	19 131.786     	35 132.010     	30 133.044     	98 133.762     	 7 132.476     	11 132.526     	53 133.139     	29 132.969     	42 133.332     	47 132.968     	69 133.645     	31 134.062     	74 133.276     	80 134.333     	26 135.473     	13 132.625     	 3 134.011     	 2 134.116     	81 134.379     	82 135.523     	
Lap 33	20 131.374     	22 131.608     	14 131.375     	21 131.499     	94 133.087     	 4 131.470     	10 133.372     	19 132.561     	35 131.895     	30 133.297     	98 133.598     	11 132.806     	 7 134.568     	53 132.818     	42 132.926     	47 133.307     	29 133.624     	69 133.830     	31 134.014     	74 131.859     	80 133.525     	26 134.106     	13 133.887     	 2 133.570     	81 133.655     	 3 134.494     	82 135.912     	
Lap 34	20 131.325     	22 131.394     	14 132.158     	21 131.805     	 4 132.560     	10 131.739     	94 133.514     	19 131.860     	35 131.954     	30 133.835     	98 133.639     	11 134.215     	 7 133.644     	53 132.847     	42 132.979     	29 133.238     	47 134.078     	69 133.812     	74 132.668     	31 134.254     	80 133.187     	26 134.033     	13 134.408     	 2 133.955     	 3 134.330     	81 135.068     	82 135.721     	
Lap 35	20 132.073     	22 132.114     	14 132.205     	21 132.119     	94 131.129     	 4 133.288     	10 133.855     	19 132.302     	35 132.694     	30 133.363     	98 133.341     	 7 133.000     	11 133.738     	53 133.043     	42 134.024     	29 133.420     	47 133.614     	69 133.731     	74 133.734     	31 134.938     	80 133.817     	26 133.585     	13 133.916     	 2 134.135     	81 133.929     	 3 134.636     	82 135.438     	
Lap 36	20 132.182     	22 132.287     	14 132.167     	21 132.582     	94 132.010     	10 131.057     	 4 133.882     	19 132.271     	35 131.906     	30 133.556     	98 134.108     	 7 133.874     	11 134.837     	53 132.257     	42 133.983     	29 133.924     	47 133.588     	74 132.852     	69 133.478     	31 132.737     	80 133.601     	26 134.156     	 2 133.448     	13 134.512     	 3 134.270     	81 134.739     	82 136.486     	
Lap 37	20 131.543     	22 132.169     	14 132.195     	21 132.002     	94 132.828     	10 132.597     	 4 132.346     	19 132.875     	35 132.120     	30 133.490     	98 133.804     	 7 134.256     	11 133.189     	53 132.122     	42 134.125     	29 134.088     	47 133.668     	69 134.290     	74 134.576     	31 132.877     	80 133.335     	13 133.125     	26 134.428     	81 133.706     	 3 134.335     	 2 147.173 PIT	82 136.307     	
Lap 38	20 132.248     	22 131.748     	14 132.088     	21 132.670     	94 133.987     	10 133.222     	 4 132.382     	19 134.538     	35 136.110     	30 132.638     	98 132.471     	 7 134.507     	11 134.584     	53 134.329     	47 133.889     	42 134.257     	29 134.264     	69 133.880     	74 134.331     	31 134.880     	80 133.689     	13 134.632     	26 134.679     	81 134.771     	 3 135.418     	 2 132.411     	82 136.504     	
Lap 39	20 131.919     	22 131.890     	14 132.675     	21 132.116     	 4 132.185     	94 134.635     	10 134.586     	19 133.392     	35 132.532     	30 134.196     	98 133.786     	 7 134.955     	11 134.483     	53 134.785     	47 134.166     	29 134.071     	42 134.323     	69 134.140     	74 134.090     	31 134.814     	80 134.286     	26 135.026     	13 135.178     	81 135.513     	 3 135.550     	 2 132.143     	82 136.241     	
Lap 40	20 132.390     	22 132.870     	14 133.021     	21 133.265     	 4 132.650     	10 132.875     	94 134.677     	19 133.646     	35 132.816     	30 134.274     	98 134.658     	 7 134.471     	11 135.079     	53 134.626     	42 133.748     	29 134.253     	47 134.809     	74 134.175     	69 134.835     	31 133.996     	80 134.190     	26 134.814     	13 135.770     	81 135.791     	 3 135.713     	 2 131.967     	82 136.747     	
Lap 41	20 132.252     	22 132.832     	14 133.067     	21 132.479     	 4 133.364     	10 132.985     	94 133.435     	19 134.642     	35 136.027     	30 134.057     	98 134.619     	 7 135.087     	11 134.651     	53 135.223     	42 134.189     	47 134.276     	29 135.033     	74 134.387     	31 133.377     	69 134.692     	80 134.263     	26 134.432     	13 135.647     	 2 132.725     	81 135.736     	 3 135.331     	82 137.262     	
Lap 42	20 133.231     	22 133.229     	14 150.508 PIT	21 149.714 PIT	 4 133.391     	10 133.777     	94 133.360     	19 133.530     	35 150.662 PIT	98 133.319     	11 134.879     	 7 135.336     	53 135.215     	42 134.894     	47 134.763     	29 134.370     	69 134.656     	74 135.261     	31 135.067     	80 134.525     	30 150.516 PIT	26 133.566     	 2 132.269     	13 134.418     	81 135.840     	 3 152.220 PIT	82 137.628     	
Lap 43	20 132.926     	22 132.470     	14 131.080     	21 131.275     	 4 133.412     	10 133.702     	94 134.202     	19 134.442     	35 132.774     	98 136.746     	53 133.120     	 7 134.730     	29 132.746     	42 134.723     	47 135.087     	69 134.814     	74 135.050     	30 132.029     	80 134.921     	26 134.098     	 2 133.887     	11 153.371 PIT	81 134.782     	31 153.415 PIT	13 152.018 PIT	 3 132.212     	82 137.733     	
Lap 44	20 133.205     	22 133.097     	14 130.608     	21 130.785     	 4 133.500     	10 150.683 PIT	94 150.839 PIT	35 131.609     	19 150.713 PIT	98 133.966     	53 134.136     	42 133.648     	47 134.450     	30 133.495     	 2 132.835     	11 132.419     	29 150.476 PIT	 7 152.871 PIT	31 132.090     	69 152.650 PIT	74 152.402 PIT	80 152.511 PIT	26 151.957 PIT	13 132.802     	 3 132.157     	81 152.613 PIT	82 155.164 PIT	
Lap 45	20 133.622     	22 150.770 PIT	14 131.099     	21 130.747     	 4 134.522     	10 131.186     	94 131.843     	35 131.260     	19 131.486     	98 133.698     	53 132.863     	30 131.137     	 2 132.163     	11 131.591     	29 133.187     	 7 133.405     	42 150.766 PIT	31 132.039     	74 132.440     	47 152.642 PIT	69 133.444     	80 132.943     	26 132.474     	13 132.801     	 3 132.934     	81 132.614     	82 134.819     	
Lap 46	20 151.753 PIT	22 132.549     	14 133.130     	21 131.085     	10 131.456     	94 131.046     	 4 151.570 PIT	35 131.249     	19 131.425     	53 132.876     	30 131.662     	 2 132.654     	98 151.410 PIT	11 132.107     	29 132.934     	 7 133.171     	42 133.776     	31 133.264     	69 131.674     	74 132.810     	47 133.701     	80 132.623     	26 131.401     	 3 132.170     	13 133.305     	81 132.016     	82 134.888     	
Lap 47	20 131.105     	22 131.717     	21 131.973     	14 132.890     	10 131.545     	94 131.039     	 4 131.387     	35 130.904     	19 131.481     	53 133.399     	30 131.103     	 2 132.813     	98 133.695     	11 134.395     	29 133.236     	 7 135.031     	42 132.954     	74 131.932     	31 133.823     	69 132.882     	80 131.591     	47 133.430     	26 131.541     	13 132.143     	 3 134.067     	81 132.327     	82 134.976     	
Lap 48	20 130.762     	22 130.540     	21 132.813     	14 133.078     	10 130.969     	94 131.771     	 4 131.600     	35 131.722     	19 131.687     	30 131.184     	53 134.090     	 2 134.300     	98 132.985     	29 131.264     	11 134.501     	 7 132.846     	42 133.221     	31 132.807     	74 133.098     	69 133.066     	80 132.306     	47 131.630     	26 131.913     	13 132.655     	 3 132.088     	81 132.197     	82 134.402     	

-- OFFICIAL RESULTS --
Pos	#No	Driver						Team					Time		Diff		Pits	Best
01	#20	MAC	Mac						Team Vincent			1:45:55.618	-0.000		2		130.341
02	#22	PHI	Philipe					Team Vincent			1:46:09.343	-13.725		2		130.540
03	#21	ORS	Orson					Team Vincent			1:46:13.072	-17.454		2		130.747
04	#14	HÚC	Daseno Húctu			Team Vikasani			1:46:13.705	-18.086		2		130.608
05	#10	DRI	Moose'; DROP TABLE driv	Team Moosii				1:46:41.734	-46.115		2		130.720
06	#94	NES	At'ipi Nesbeksë			Team Diigikwk Racers	1:46:44.634	-49.015		2		130.387
07	# 4	HIS	Moose for(i = 1;;i++) {	Team Moosii				1:46:46.494	-50.876		2		131.387
08	#35	AKA	Asaúni Akaleta			Team Vikasani			1:46:52.561	-56.942		2		130.843
09	#19	ZAI	khélok atep zailunaɰ	Team Solea Racing		1:46:54.967	-59.348		2		130.958
10	#30	WIS	Josh Wise				BONGATAR				1:47:10.164	-74.546		2		131.103
11	#53	TÀC	Ešuro Tàcràɰë			Team Diigikwk Racers	1:47:12.042	-76.423		2		131.484
12	# 2	MOL	Paul Molthus			BONGATAR				1:47:25.115	-89.497		2		131.967
13	#98	MOT	Gorga Motxev			Dotruga Formula Racing	1:47:26.258	-90.640		2		132.407
14	#29	ALU	Sago Aludetsei			Dotruga Formula Racing	1:47:28.448	-92.829		2		131.254
15	#11	XIA	Tembio Xiahelvi			Dotruga Formula Racing	1:47:28.647	-93.029		2		131.591
16	# 7	BS=	Moose sudo dd if=/dev/z	Team Moosii				1:47:32.454	-96.836		2		131.335
17	#42	OOS	Frank Oosterhout		Cows Go Moo Racing		1:47:32.921	-97.303		2		131.682
18	#31	ŠAŊ	xap'ít celentir šaŋév	Team Solea Racing		1:47:33.651	-98.033		2		132.039
19	#74	KON	Bařàsiz Konoca			Team Diigikwk Racers	1:47:33.870	-98.252		2		131.859
20	#69	SAN	Marisa Sanchez			Cows Go Moo Racing		1:47:34.468	-98.850		2		131.674
21	#80	AYA	Ifloenne é Aya			Team V.V. Imperial		1:47:34.763	-99.145		2		131.591
22	#47	PAV	ketila léqa pavúteka	Team Solea Racing		1:47:35.520	-99.901		2		131.438
23	#26	ILI	Rikvisi Iliria			Team Vikasani			1:47:37.462	-101.843	2		131.401
24	#13	SWE	Vernika Swerq			Cows Go Moo Racing		1:47:42.832	-107.214	2		131.653
25	# 3	BOB	Bob						BONGATAR				1:47:44.042	-108.424	2		132.041
26	#81	KÆR	Lyǽs Kæræsekæræn		Team V.V. Imperial		1:47:48.191	-112.573	2		132.016
27	#82	NUK	NUKKI					Team V.V. Imperial		1:49:08.759	-193.141	2		134.296

01	#20	MAC	Mac						25
02	#22	PHI	Philipe					18
03	#21	ORS	Orson					15
04	#14	HÚC	Daseno Húctu			12
05	#10	DRI	Moose'; DROP TABLE driv	10
06	#94	NES	At'ipi Nesbeksë			08
07	# 4	HIS	Moose for(i = 1;;i++) {	06
08	#35	AKA	Asaúni Akaleta			04
09	#19	ZAI	khélok atep zailunaɰ	02
10	#30	WIS	Josh Wise				01
11	#53	TÀC	Ešuro Tàcràɰë			00
12	# 2	MOL	Paul Molthus			00
13	#98	MOT	Gorga Motxev			00
14	#29	ALU	Sago Aludetsei			00
15	#11	XIA	Tembio Xiahelvi			00
16	# 7	BS=	Moose sudo dd if=/dev/z	00
17	#42	OOS	Frank Oosterhout		00
18	#31	ŠAŊ	xap'ít celentir šaŋév	00
19	#74	KON	Bařàsiz Konoca			00
20	#69	SAN	Marisa Sanchez			00
21	#80	AYA	Ifloenne é Aya			00
22	#47	PAV	ketila léqa pavúteka	00
23	#26	ILI	Rikvisi Iliria			00
24	#13	SWE	Vernika Swerq			00
25	# 3	BOB	Bob						00
26	#81	KÆR	Lyǽs Kæræsekæræn		00
27	#82	NUK	NUKKI					00

01	Team Vincent					61
02	Team Vikasani					16
03	Team Moosii						16
04	Team Diigikwk Racers			08
05	Team Solea Racing				02
06	BONGATAR						01
07	Dotruga Formula Racing			00
08	Cows Go Moo Racing				00
09	Team V.V. Imperial				00

-- RACE INCIDENT REPORT --
Frank Oosterhout made a mistake while attempting an overtake on lap 3.
Moose sudo dd if=/dev/z made a mistake while attempting an overtake on lap 5.
Bařàsiz Konoca made a mistake while attempting an overtake on lap 5.
Vernika Swerq made a mistake while attempting an overtake on lap 6.
Ešuro Tàcràɰë made a pit stop to repair damage caused by a large incident while attempting an overtake on lap 7.
Marisa Sanchez made a mistake while attempting an overtake on lap 13.
Josh Wise made a mistake while attempting an overtake on lap 16.
khélok atep zailunaɰ made a mistake while attempting an overtake on lap 17.
Asaúni Akaleta made a mistake while attempting an overtake on lap 17.
Josh Wise made a mistake while attempting an overtake on lap 18.
Paul Molthus made a pit stop to repair damage caused by a large incident while attempting an overtake on lap 37.
Moose sudo dd if=/dev/z made a mistake while attempting an overtake on lap 47.
Paul Molthus made a mistake on lap 48.
