-- LAP TIMES --
Lap 1	47 90.459     	31 90.640     	81 90.391     	80 90.821     	19 90.764     	98 91.033     	29 90.838     	42 90.613     	14 90.871     	41 91.195     	35 90.928     	30 91.245     	11 91.555     	69 91.630     	20 91.394     	22 91.833     	 3 91.596     	53 91.653     	94 92.019     	26 91.925     	82 91.999     	74 92.201     	21 92.335     	 2 92.462     	
Lap 2	47 90.745     	31 90.799     	42 90.449     	80 90.707     	19 90.769     	98 90.766     	81 91.117     	29 90.960     	14 91.096     	11 90.858     	35 91.579     	41 91.792     	30 91.668     	69 91.433     	22 91.381     	20 91.666     	 3 91.632     	26 91.725     	94 91.845     	74 91.639     	82 91.930     	53 92.195     	21 91.562     	 2 92.874     	
Lap 3	47 90.747     	80 90.441     	42 90.820     	31 90.952     	29 90.912     	98 91.328     	81 91.252     	19 91.623     	14 91.544     	11 91.646     	41 91.439     	35 91.690     	22 91.280     	30 91.801     	69 91.775     	20 91.547     	74 91.702     	94 91.817     	26 91.961     	 3 92.389     	53 91.783     	21 91.730     	82 92.233     	 2 93.073     	
Lap 4	80 91.253     	42 91.002     	47 91.441     	81 90.550     	29 90.907     	31 91.462     	98 91.111     	19 91.393     	14 91.667     	35 90.903     	41 91.113     	11 91.694     	69 90.938     	30 90.985     	22 91.513     	20 91.816     	74 91.616     	26 91.598     	21 91.548     	94 91.984     	 3 91.805     	53 92.286     	82 93.481     	 2 93.048     	
Lap 5	80 90.730     	42 90.717     	47 91.116     	81 91.284     	98 90.794     	29 91.535     	31 91.515     	19 90.952     	35 91.051     	41 91.045     	11 91.338     	30 91.114     	14 91.895     	22 91.563     	69 91.927     	20 91.945     	26 92.073     	 3 91.877     	74 92.380     	21 92.120     	94 92.097     	53 91.631     	82 91.273     	 2 93.066     	
Lap 6	42 91.051     	47 90.778     	80 91.381     	81 90.830     	98 90.935     	31 90.753     	29 91.330     	19 91.313     	35 91.059     	41 91.111     	11 91.732     	14 91.735     	30 92.046     	22 91.809     	69 91.904     	20 92.184     	74 91.566     	94 91.932     	26 92.219     	 3 92.446     	21 92.386     	82 91.086     	53 92.988     	 2 93.202     	
Lap 7	80 90.635     	42 91.335     	81 90.930     	47 91.485     	31 90.962     	98 91.288     	29 90.944     	19 91.443     	35 91.850     	41 92.275     	11 91.216     	14 91.618     	69 91.104     	22 91.394     	30 91.990     	20 91.471     	74 91.844     	94 91.999     	21 91.787     	26 92.388     	 3 92.258     	82 92.558     	53 92.389     	 2 93.183     	
Lap 8	42 90.994     	80 91.558     	81 90.976     	47 91.185     	98 91.232     	31 91.309     	29 91.043     	19 91.788     	35 91.072     	41 91.354     	11 91.943     	14 91.840     	30 91.286     	22 91.607     	69 91.953     	20 91.751     	74 92.150     	94 91.546     	21 92.355     	26 92.541     	 3 92.576     	53 92.534     	 2 93.229     	82 102.898 PIT	
Lap 9	42 90.740     	81 90.946     	80 91.391     	47 91.332     	29 91.001     	98 91.372     	31 91.713     	19 91.221     	35 91.638     	11 91.125     	41 91.859     	14 91.486     	30 91.519     	69 91.160     	22 91.577     	20 90.864     	74 92.249     	94 92.426     	 3 91.812     	21 92.676     	26 92.706     	53 92.320     	 2 92.247     	82 92.677     	
Lap 10	81 90.936     	42 91.586     	80 91.611     	47 91.516     	29 91.255     	98 91.586     	31 91.672     	19 90.445     	35 91.411     	41 91.720     	11 91.875     	14 91.346     	69 91.298     	30 91.391     	22 91.863     	20 92.519     	94 91.682     	74 92.067     	 3 92.154     	21 92.483     	26 92.617     	53 93.041     	 2 92.643     	82 92.318     	
Lap 11	81 91.002     	42 91.245     	80 91.330     	47 91.846     	31 90.904     	29 91.901     	98 91.468     	19 91.452     	35 90.932     	14 91.348     	41 91.661     	11 92.169     	69 91.845     	30 92.097     	22 92.401     	20 91.358     	74 91.741     	94 92.030     	 3 91.963     	21 92.008     	53 91.206     	26 92.988     	 2 92.367     	82 93.912     	
Lap 12	42 91.053     	81 91.504     	80 91.533     	29 91.387     	47 91.610     	31 91.591     	98 91.706     	19 91.524     	35 91.124     	14 91.840     	41 91.920     	30 91.144     	69 92.091     	11 92.164     	22 91.758     	20 92.521     	74 92.524     	94 92.482     	 3 92.331     	21 92.610     	53 92.066     	26 92.339     	 2 92.643     	82 92.333     	
Lap 13	81 91.187     	42 91.307     	80 91.165     	31 91.132     	47 91.313     	29 91.490     	98 91.300     	35 90.504     	19 92.140     	41 91.633     	30 91.541     	14 92.038     	69 91.695     	11 92.194     	22 91.344     	20 91.538     	94 92.204     	74 92.473     	 3 92.370     	21 92.321     	53 92.351     	26 92.619     	 2 92.016     	82 92.605     	
Lap 14	42 91.514     	81 91.885     	80 91.777     	47 91.118     	31 91.324     	98 91.754     	29 92.039     	35 91.450     	19 92.116     	41 91.745     	30 91.809     	14 91.804     	69 91.703     	11 91.656     	22 91.857     	20 91.446     	74 91.888     	94 92.254     	 3 92.460     	21 92.043     	26 91.087     	53 93.394     	 2 92.388     	82 92.623     	
Lap 15	42 91.400     	81 91.751     	80 91.237     	47 91.840     	31 91.942     	98 91.133     	29 91.936     	19 91.358     	35 92.741     	41 91.658     	30 91.640     	69 91.490     	14 92.221     	22 91.584     	11 92.164     	20 91.055     	74 92.340     	94 92.403     	 3 92.648     	21 92.879     	26 92.332     	53 91.750     	 2 92.713     	82 91.728     	
Lap 16	81 91.118     	42 92.017     	80 91.510     	47 91.183     	31 91.163     	29 91.780     	98 93.371     	19 92.008     	35 93.459     	41 92.078     	30 92.054     	69 91.814     	14 92.134     	22 92.406     	11 92.457     	20 92.351     	74 92.801     	94 92.665     	 3 92.867     	26 92.559     	21 93.037     	53 95.356     	 2 92.461     	82 92.476     	
Lap 17	42 91.737     	81 92.151     	80 91.295     	31 90.870     	47 91.687     	29 91.830     	98 91.385     	19 92.437     	35 91.542     	30 92.268     	69 92.159     	41 92.632     	14 91.786     	11 91.855     	22 92.614     	20 92.161     	94 91.886     	74 92.168     	 3 92.408     	26 92.441     	21 92.936     	53 91.360     	 2 92.691     	82 92.156     	
Lap 18	42 92.155     	81 92.066     	80 91.812     	31 91.731     	47 91.613     	29 91.872     	98 91.904     	19 92.183     	35 93.485     	41 91.972     	69 92.319     	30 92.590     	14 92.942     	11 91.700     	22 92.092     	20 92.157     	74 92.147     	94 92.566     	 3 92.558     	26 93.093     	21 92.640     	53 91.708     	 2 92.394     	82 92.392     	
Lap 19	80 91.862     	42 92.057     	81 92.156     	47 91.690     	31 92.285     	29 92.236     	19 90.697     	98 92.738     	35 90.803     	41 91.963     	69 92.127     	30 92.577     	11 92.114     	14 92.609     	22 92.214     	20 92.596     	94 92.207     	74 92.533     	 3 92.963     	21 92.507     	26 93.108     	53 93.973     	 2 93.076     	82 92.280     	
Lap 20	81 91.648     	42 91.793     	80 91.934     	31 91.465     	47 91.640     	29 91.897     	19 92.513     	98 92.149     	35 91.073     	41 92.025     	69 92.401     	30 92.680     	11 92.819     	14 92.561     	22 92.362     	20 93.010     	74 92.365     	94 92.835     	 3 93.193     	21 92.508     	26 92.865     	53 92.332     	 2 93.243     	82 92.006     	
Lap 21	81 91.574     	80 91.593     	31 91.748     	47 92.095     	42 92.533     	29 91.575     	98 92.279     	19 92.763     	35 93.631     	41 92.924     	69 92.805     	30 92.066     	11 92.407     	14 92.563     	22 92.912     	20 92.369     	94 92.393     	74 92.921     	 3 92.935     	21 93.280     	26 92.822     	53 91.922     	 2 93.027     	82 92.143     	
Lap 22	80 91.866     	81 92.001     	31 92.106     	47 91.798     	42 91.662     	29 91.788     	98 91.717     	19 92.222     	35 91.733     	41 92.605     	69 92.301     	30 93.119     	14 92.157     	11 92.912     	22 92.415     	20 93.083     	74 92.904     	94 93.274     	 3 93.039     	26 93.054     	21 93.355     	53 94.670     	82 92.233     	 2 94.549     	
Lap 23	42 91.196     	81 92.151     	80 92.477     	31 91.936     	47 92.633     	98 91.940     	35 91.618     	14 92.324     	30 92.864     	11 92.790     	22 92.312     	29 108.505 PIT	19 109.484 PIT	 3 93.403     	21 93.309     	53 92.477     	69 109.875 PIT	41 110.291 PIT	20 108.925 PIT	82 92.033     	 2 93.870     	94 109.876 PIT	74 110.360 PIT	26 109.967 PIT	
Lap 24	81 92.371     	31 92.904     	98 91.419     	35 92.233     	30 92.666     	14 93.309     	42 109.364 PIT	29 90.052     	80 109.788 PIT	47 109.249 PIT	19 90.613     	41 91.242     	69 91.734     	20 91.069     	11 109.996 PIT	22 110.008 PIT	82 91.350     	94 91.988     	74 92.008     	26 92.128     	21 110.164 PIT	 3 111.186 PIT	53 112.070 PIT	 2 111.251 PIT	
Lap 25	81 92.291     	35 92.104     	14 93.913     	42 90.948     	29 91.485     	47 90.681     	80 91.043     	31 109.821 PIT	19 90.601     	98 108.691 PIT	41 91.597     	69 91.238     	20 90.732     	11 91.348     	22 91.438     	30 110.540 PIT	82 93.319     	94 91.337     	74 91.320     	26 91.194     	21 91.804     	 3 93.159     	53 91.323     	 2 93.459     	
Lap 26	80 89.261     	42 90.905     	29 91.040     	47 90.967     	81 108.392 PIT	31 90.194     	19 91.502     	98 91.718     	35 109.959 PIT	41 91.136     	69 91.607     	20 90.702     	22 90.920     	11 91.512     	30 90.690     	82 91.962     	14 110.066 PIT	94 91.341     	74 91.328     	26 91.041     	21 90.952     	 3 91.898     	53 91.974     	 2 93.073     	
Lap 27	80 90.588     	42 90.831     	29 90.668     	47 90.673     	31 90.470     	81 91.608     	19 91.624     	98 91.250     	35 90.210     	41 91.802     	69 91.449     	20 91.757     	22 91.152     	30 90.743     	11 91.375     	14 91.088     	82 92.470     	94 91.648     	74 91.627     	26 90.688     	21 90.973     	 3 91.619     	53 92.253     	 2 92.890     	
Lap 28	80 90.448     	42 90.860     	29 90.701     	31 89.888     	47 91.106     	81 90.225     	19 91.744     	98 91.654     	35 90.165     	41 91.642     	69 91.734     	20 91.880     	22 91.996     	30 91.610     	11 92.256     	14 90.082     	82 92.223     	94 91.633     	74 92.000     	26 91.198     	21 90.707     	 3 91.418     	53 91.036     	 2 93.201     	
Lap 29	80 89.950     	42 90.829     	47 90.268     	29 90.824     	31 91.429     	81 90.277     	19 90.877     	98 91.727     	35 90.571     	41 91.357     	69 91.844     	20 91.466     	22 91.896     	30 91.962     	14 90.608     	11 91.817     	82 92.718     	94 91.669     	74 91.336     	26 90.741     	21 90.813     	 3 90.695     	53 90.757     	 2 92.778     	
Lap 30	80 90.426     	42 90.758     	47 90.670     	29 90.894     	81 90.790     	31 91.315     	19 91.701     	98 91.443     	35 92.028     	41 91.233     	69 91.750     	20 91.533     	22 91.657     	14 90.991     	30 91.921     	11 91.385     	74 91.719     	94 92.306     	26 90.796     	82 93.649     	21 91.124     	 3 91.009     	53 91.167     	 2 92.593     	
Lap 31	80 89.825     	42 90.921     	47 91.520     	29 91.346     	81 91.298     	31 91.137     	19 91.839     	35 90.829     	98 91.962     	41 91.072     	69 91.616     	20 92.225     	14 91.303     	30 91.177     	22 91.699     	11 91.869     	94 91.545     	74 92.404     	26 92.620     	21 91.463     	 3 91.483     	53 90.970     	82 111.661 PIT	 2 93.416     	
Lap 32	80 89.821     	42 90.491     	29 91.102     	47 91.539     	81 90.693     	31 91.399     	19 91.900     	35 91.242     	98 91.559     	41 90.996     	69 91.291     	20 92.114     	14 91.935     	30 92.057     	22 92.239     	11 91.705     	74 91.478     	94 92.138     	26 91.754     	21 91.092     	 3 92.693     	53 91.996     	82 90.944     	 2 93.061     	
Lap 33	80 89.875     	42 89.927     	81 90.779     	47 91.261     	29 91.827     	31 91.091     	19 91.066     	98 91.660     	41 90.440     	69 90.755     	20 90.862     	14 91.493     	35 101.658 PIT	30 91.522     	22 91.550     	11 91.502     	94 91.543     	74 91.975     	26 92.228     	21 92.257     	 3 91.970     	53 92.474     	82 90.834     	 2 92.810     	
Lap 34	80 89.928     	42 90.398     	81 91.472     	29 91.461     	47 91.762     	31 91.360     	19 90.531     	98 90.343     	41 90.462     	69 90.419     	20 91.726     	14 91.487     	35 91.628     	30 91.730     	11 91.726     	22 92.066     	74 91.573     	94 92.025     	21 91.632     	26 92.291     	53 91.715     	 3 92.752     	82 91.013     	 2 92.926     	
Lap 35	80 90.706     	42 90.016     	81 91.006     	47 91.287     	29 91.444     	31 91.070     	19 91.309     	98 91.539     	41 90.574     	69 91.137     	20 91.039     	35 90.776     	14 91.383     	30 92.196     	11 91.867     	22 92.211     	94 92.492     	74 92.817     	21 92.246     	26 92.589     	53 92.493     	 3 92.623     	82 91.638     	 2 92.853     	
Lap 36	80 90.259     	42 90.014     	81 91.260     	47 90.949     	29 91.482     	31 92.236     	19 90.892     	98 90.714     	41 91.447     	69 90.436     	20 91.604     	35 90.923     	14 91.840     	30 91.371     	11 91.653     	22 91.944     	74 92.194     	94 92.679     	21 92.059     	26 92.457     	53 92.105     	 3 92.572     	82 90.927     	 2 93.268     	
Lap 37	80 90.103     	42 90.642     	81 91.205     	47 91.488     	29 91.412     	31 91.622     	19 91.639     	98 92.196     	41 91.378     	69 90.564     	20 91.088     	35 90.182     	11 91.340     	30 92.041     	14 93.464     	22 91.637     	74 92.238     	94 92.157     	21 91.921     	26 93.163     	53 91.536     	 3 91.540     	82 91.319     	 2 93.720     	
Lap 38	80 90.342     	42 90.571     	81 91.286     	29 90.533     	47 91.833     	31 90.660     	19 90.571     	98 90.247     	41 91.598     	69 90.839     	20 91.973     	35 92.878     	30 91.814     	11 92.187     	14 91.698     	22 91.888     	94 91.934     	74 92.418     	21 91.116     	26 91.546     	53 91.846     	 3 91.945     	82 90.880     	 2 93.470     	
Lap 39	80 90.914     	42 90.803     	81 91.891     	29 91.662     	31 91.239     	47 92.094     	19 90.539     	98 90.146     	41 92.580     	69 92.297     	35 90.161     	20 91.609     	30 91.642     	11 92.049     	14 92.003     	22 92.191     	94 92.336     	74 92.393     	21 92.508     	26 91.659     	53 91.649     	 3 91.464     	82 91.223     	 2 93.883     	
Lap 40	80 90.675     	42 90.780     	81 91.097     	29 91.650     	47 90.876     	31 91.774     	19 92.278     	98 92.156     	41 91.875     	69 92.312     	35 91.104     	20 92.899     	30 91.704     	11 92.274     	14 92.162     	22 92.393     	94 92.102     	74 92.865     	21 92.907     	26 91.413     	53 92.202     	 3 93.095     	82 91.040     	 2 93.031     	
Lap 41	80 90.515     	42 91.046     	81 91.508     	47 91.308     	31 90.990     	29 91.937     	19 92.164     	98 92.413     	41 91.818     	69 92.181     	35 90.992     	20 91.662     	30 90.781     	11 91.641     	14 92.345     	22 91.873     	94 91.968     	74 92.746     	21 92.758     	26 92.814     	53 91.368     	 3 93.600     	82 91.093     	 2 94.061     	
Lap 42	80 91.108     	42 90.371     	81 90.908     	47 91.804     	31 91.562     	29 91.982     	19 91.683     	98 92.766     	69 91.994     	35 90.665     	41 94.554     	20 91.849     	30 91.734     	11 91.910     	14 92.416     	22 92.098     	94 92.150     	74 92.673     	21 92.713     	26 93.478     	53 91.948     	 3 91.910     	82 91.264     	 2 93.382     	
Lap 43	80 90.952     	42 90.623     	81 90.720     	31 91.385     	47 91.509     	29 91.473     	19 91.533     	98 91.084     	35 91.177     	69 92.292     	41 92.238     	20 91.801     	30 91.648     	11 91.771     	14 91.981     	22 92.367     	94 91.454     	21 92.368     	74 93.378     	26 93.114     	53 91.869     	 3 92.908     	82 92.456     	 2 93.672     	
Lap 44	80 91.176     	42 91.160     	81 91.001     	29 90.784     	31 91.733     	47 92.400     	19 91.395     	98 91.210     	35 91.589     	69 92.044     	41 91.656     	20 92.435     	30 91.116     	11 91.134     	14 91.867     	22 92.174     	94 91.640     	21 92.516     	74 93.508     	26 93.273     	53 93.575     	 3 92.833     	82 92.852     	 2 93.627     	
Lap 45	80 91.064     	42 91.558     	81 91.363     	29 92.143     	31 91.758     	47 91.887     	19 91.632     	98 90.879     	35 92.119     	69 92.167     	41 91.557     	20 92.960     	30 92.898     	11 91.040     	14 92.452     	22 92.455     	94 92.126     	21 92.274     	74 92.701     	26 93.357     	53 94.577     	82 92.174     	 3 92.827     	 2 93.734     	
Lap 46	80 90.788     	42 90.973     	81 90.739     	47 91.372     	31 92.423     	98 92.641     	35 92.049     	29 109.658 PIT	30 92.660     	11 93.576     	19 110.495 PIT	14 92.227     	22 92.584     	94 92.262     	69 109.909 PIT	41 109.298 PIT	21 91.764     	20 110.749 PIT	74 92.398     	53 91.920     	82 92.984     	 3 92.913     	26 109.620 PIT	 2 94.399     	
Lap 47	80 91.402     	42 91.614     	81 91.335     	31 91.562     	47 92.425     	98 91.616     	35 90.692     	29 90.104     	30 91.222     	19 91.014     	14 91.819     	69 91.327     	41 91.335     	94 92.947     	20 91.719     	11 108.618 PIT	53 92.368     	22 108.775 PIT	82 92.911     	 3 92.724     	21 109.842 PIT	74 109.861 PIT	26 91.274     	 2 111.045 PIT	
Lap 48	42 91.510     	81 90.879     	80 109.079 PIT	31 92.948     	35 91.230     	29 90.015     	47 108.414 PIT	30 91.673     	19 89.985     	98 107.954 PIT	14 91.606     	69 90.827     	41 91.712     	94 92.423     	20 92.106     	11 92.289     	22 91.484     	53 92.897     	82 92.543     	21 91.576     	26 92.299     	74 92.636     	 3 110.487 PIT	 2 93.154     	
Lap 49	42 91.357     	81 91.504     	80 90.773     	31 91.236     	35 91.318     	29 90.298     	47 90.781     	19 91.138     	30 92.912     	98 90.861     	69 91.448     	41 91.598     	20 91.299     	11 92.368     	22 90.446     	14 108.577 PIT	82 91.979     	94 110.291 PIT	21 91.345     	74 91.337     	26 92.027     	53 109.684 PIT	 3 91.710     	 2 92.419     	
Lap 50	81 91.967     	80 89.651     	31 91.233     	42 109.110 PIT	35 91.661     	29 91.166     	47 90.433     	19 89.872     	98 91.894     	69 90.046     	41 90.116     	20 91.308     	30 110.027 PIT	11 91.632     	22 91.797     	14 92.407     	82 91.662     	94 91.540     	21 91.064     	74 92.354     	26 92.106     	53 91.115     	 3 90.638     	 2 92.974     	
Lap 51	80 90.114     	42 90.339     	29 90.644     	81 109.477 PIT	35 91.641     	47 90.018     	19 89.921     	31 108.718 PIT	98 89.960     	69 90.587     	41 90.907     	20 90.843     	30 91.302     	11 92.542     	22 92.103     	14 91.738     	82 92.026     	94 91.646     	21 91.316     	74 91.772     	26 91.985     	53 90.797     	 3 91.045     	 2 92.974     	
Lap 52	80 89.785     	42 90.226     	81 91.435     	29 91.684     	47 90.329     	35 92.720     	19 90.962     	31 91.559     	98 89.901     	69 90.287     	41 90.995     	20 91.497     	30 90.515     	11 91.791     	22 91.286     	14 92.142     	82 92.001     	94 91.543     	21 91.269     	74 91.983     	53 90.548     	26 92.693     	 3 91.131     	 2 92.435     	
Lap 53	80 90.044     	42 90.060     	29 90.103     	81 90.619     	47 92.411     	35 92.339     	19 91.695     	98 89.809     	31 91.873     	69 90.874     	41 91.135     	20 91.584     	30 91.717     	11 91.311     	22 91.808     	14 90.697     	82 92.141     	94 91.358     	21 93.004     	53 91.705     	74 91.964     	26 91.817     	 3 91.269     	 2 93.426     	
Lap 54	80 90.054     	42 90.318     	81 90.898     	29 91.755     	47 91.329     	35 92.181     	19 91.087     	98 91.307     	31 91.815     	69 90.753     	41 90.746     	20 90.844     	30 90.322     	11 91.778     	22 91.441     	14 91.485     	94 90.783     	21 91.603     	53 92.020     	74 92.561     	26 92.623     	 3 90.801     	82 109.743 PIT	 2 92.940     	
Lap 55	80 89.890     	42 89.993     	29 90.352     	81 90.764     	47 90.555     	35 91.573     	19 91.362     	98 91.335     	31 90.331     	69 91.198     	41 90.416     	30 91.157     	20 92.305     	11 91.442     	22 91.898     	14 92.036     	94 90.557     	21 91.518     	53 92.293     	74 92.067     	26 91.767     	 3 92.444     	82 91.354     	 2 93.274     	
Lap 56	80 90.090     	42 89.961     	29 91.238     	81 91.278     	47 90.425     	35 91.672     	19 91.045     	98 91.007     	31 91.167     	69 90.715     	41 91.176     	30 91.632     	20 92.229     	11 91.179     	22 91.407     	14 91.956     	94 91.123     	21 91.291     	53 91.608     	74 91.828     	26 92.404     	 3 91.130     	82 90.911     	 2 93.481     	
Lap 57	80 89.855     	42 90.672     	81 91.093     	29 91.332     	47 90.822     	98 90.972     	19 91.886     	31 91.883     	69 90.700     	41 90.494     	35 109.778 PIT	30 90.409     	20 91.675     	11 91.183     	22 91.775     	14 91.745     	94 91.059     	21 91.452     	53 92.370     	74 91.957     	 3 92.425     	26 92.755     	82 91.255     	 2 92.901     	
Lap 58	80 90.413     	42 90.752     	29 90.536     	81 91.484     	47 90.799     	98 91.195     	19 91.291     	31 91.456     	69 90.403     	41 90.759     	35 90.891     	30 90.385     	20 91.468     	11 91.238     	22 91.746     	14 91.732     	94 91.019     	21 91.099     	74 91.357     	53 91.734     	26 91.206     	 3 92.516     	82 91.306     	 2 92.751     	
Lap 59	80 90.652     	42 90.233     	29 91.636     	81 91.323     	47 90.163     	98 91.608     	31 90.041     	19 92.340     	69 91.096     	41 91.262     	35 89.932     	30 91.072     	20 91.396     	11 91.079     	22 91.691     	14 92.142     	94 90.911     	21 91.924     	74 92.737     	53 92.970     	26 91.679     	 3 92.311     	82 92.425     	 2 92.787     	
Lap 60	80 90.483     	42 90.540     	47 90.421     	29 91.537     	81 91.547     	98 91.761     	19 90.496     	31 92.014     	69 90.987     	41 91.487     	35 90.629     	30 90.823     	20 90.952     	11 91.291     	22 91.373     	14 90.625     	94 90.766     	21 91.247     	74 92.886     	26 92.074     	53 92.696     	 3 91.931     	82 91.327     	 2 93.704     	
Lap 61	80 89.973     	42 90.075     	47 91.832     	81 91.647     	29 92.134     	98 91.546     	31 91.476     	19 92.102     	69 91.388     	41 91.346     	35 89.991     	30 90.754     	20 91.262     	11 90.772     	22 91.705     	14 92.171     	94 91.662     	21 91.716     	74 92.008     	26 92.951     	53 93.167     	 3 92.207     	82 92.291     	 2 92.974     	
Lap 62	80 90.741     	42 90.849     	47 91.316     	29 91.122     	81 91.216     	98 91.332     	31 91.333     	19 91.835     	69 90.634     	41 91.392     	35 90.513     	30 90.550     	20 91.468     	11 91.116     	22 91.787     	14 92.082     	94 91.112     	21 91.850     	74 92.952     	26 92.469     	53 92.286     	 3 92.063     	82 92.224     	 2 93.926     	
Lap 63	80 90.345     	42 90.647     	47 91.886     	81 91.365     	29 91.794     	98 91.535     	31 91.790     	19 91.541     	69 91.607     	41 91.013     	35 90.041     	30 91.392     	20 91.256     	11 90.974     	22 91.545     	14 91.430     	94 91.736     	21 91.858     	74 93.068     	53 92.387     	26 92.727     	 3 92.769     	82 92.607     	 2 93.215     	
Lap 64	80 90.782     	42 90.988     	81 91.125     	47 91.406     	29 91.499     	98 91.859     	31 91.897     	19 92.121     	69 91.131     	41 91.160     	35 90.211     	30 91.532     	20 92.302     	11 92.974     	22 91.106     	14 90.720     	94 91.745     	21 92.202     	53 92.476     	74 92.809     	26 92.730     	 3 92.301     	82 92.387     	 2 93.668     	
Lap 65	80 90.641     	42 90.785     	81 91.704     	29 91.081     	47 93.231     	31 91.139     	98 91.938     	19 92.408     	69 91.001     	41 91.356     	35 90.233     	30 91.296     	20 91.598     	11 91.569     	22 92.476     	14 92.018     	94 91.338     	21 91.623     	53 92.265     	 3 92.274     	82 92.001     	26 93.135     	74 93.212     	 2 94.100     	

-- OFFICIAL RESULTS --
Pos	#No	Driver						Team					Time		Diff		Pits	Best
01	#80	AYA	Ifloenne é Aya			Team V.V. Imperial		1:38:56.346	-0.000		2		89.261
02	#42	OOS	Frank Oosterhout		Cows Go Moo Racing		1:39:06.291	-9.946		2		89.927
03	#81	KÆR	Lyǽs Kæræsekæræn		Team V.V. Imperial		1:39:28.648	-32.303		2		90.225
04	#29	ALU	Sago Aludetsei			Dotruga Formula Racing	1:39:28.753	-32.407		2		90.015
05	#47	PAV	ketila léqa pavúteka	Team Solea Racing		1:39:30.365	-34.020		2		90.018
06	#31	ŠAŊ	xap'ít celentir šaŋév	Team Solea Racing		1:39:37.005	-40.660		2		89.888
07	#98	MOT	Gorga Motxev			Dotruga Formula Racing	1:39:37.095	-40.750		2		89.809
08	#19	ZAI	khélok atep zailunaɰ	Team Solea Racing		1:39:39.040	-42.694		2		89.872
09	#69	SAN	Marisa Sanchez			Cows Go Moo Racing		1:39:40.859	-44.514		2		90.046
10	#41	CAN	Olga Candy				Cows Go Moo Racing		1:39:44.262	-47.917		2		90.116
11	#35	AKA	Asaúni Akaleta			Team Vikasani			1:39:44.465	-48.120		3		89.932
12	#30	WIS	Josh Wise				BONGATAR				1:39:53.006	-56.660		2		90.322
13	#20	MAC	Mac						Team Vincent			1:39:59.366	-63.021		2		90.702
14	#11	KEG	Tuto Keget				Dotruga Formula Racing	1:40:00.762	-64.416		2		90.772
15	#22	PHI	Philipe					Team Vincent			1:40:04.772	-68.427		2		90.446
16	#14	HÚC	Daseno Húctu			Team Vikasani			1:40:05.066	-68.720		2		90.082
17	#94	NES	At'ipi Nesbeksë			Team Diigikwk Racers	1:40:09.154	-72.809		2		90.557
18	#21	ORS	Orson					Team Vincent			1:40:16.446	-80.100		2		90.707
19	#53	TÀC	Ešuro Tàcràɰë			Team Diigikwk Racers	1:40:30.597	-94.251		2		90.548
20	# 3	BOB	Bob						BONGATAR				1:40:30.971	-94.626		2		90.638
21	#82	SAN	Nukki Savra Sanda		Team V.V. Imperial		1:40:31.360	-95.014		3		90.834
22	#26	ILI	Rikvisi Iliria			Team Vikasani			1:40:31.807	-95.461		2		90.688
23	#74	KON	Bařàsiz Konoca			Team Diigikwk Racers	1:40:31.829	-95.483		2		91.320
24	# 2	HID	Body Hide				BONGATAR				1:41:30.272	-153.926	2		92.016

-- RACE INCIDENT REPORT --
Olga Candy made a mistake while attempting an overtake on lap 7.
Nukki Savra Sanda made a pit stop to repair damage caused by a large incident while attempting an overtake on lap 8.
Nukki Savra Sanda made a mistake while attempting an overtake on lap 11.
Gorga Motxev made a mistake while attempting an overtake on lap 16.
Ešuro Tàcràɰë made a mistake while attempting an overtake on lap 16.
Asaúni Akaleta made a pit stop to repair damage caused by a large incident while attempting an overtake on lap 33.
Daseno Húctu made a mistake while attempting an overtake on lap 37.
Bob made a mistake on lap 41.
Olga Candy made a mistake while attempting an overtake on lap 42.
xap'ít celentir šaŋév made a mistake while attempting an overtake on lap 48.
ketila léqa pavúteka made a mistake while attempting an overtake on lap 53.
Orson made a mistake while attempting an overtake on lap 53.
ketila léqa pavúteka made a mistake while attempting an overtake on lap 65.
