-- LAP TIMES --
Lap 1	31 135.136     	47 135.167     	42 135.602     	19 135.658     	98 135.618     	29 135.833     	80 136.041     	11 136.024     	94 136.142     	53 136.325     	69 136.127     	30 136.282     	74 136.600     	41 136.534     	81 136.778     	22 136.814     	35 137.042     	14 137.280     	20 137.529     	21 137.652     	 3 137.853     	26 137.915     	82 138.156     	 2 138.514     	
Lap 2	31 135.324     	42 135.207     	47 135.788     	19 135.865     	98 136.228     	29 136.243     	80 136.245     	69 135.954     	11 136.238     	94 136.401     	74 136.210     	30 136.471     	53 136.818     	41 136.267     	81 136.236     	22 137.001     	14 137.158     	35 137.511     	 3 137.039     	20 137.462     	21 137.493     	26 138.442     	82 138.740     	 2 139.136     	
Lap 3	31 134.937     	47 135.406     	42 135.815     	19 135.281     	98 135.642     	29 135.763     	80 136.252     	69 136.199     	94 136.285     	11 136.855     	74 136.585     	30 136.634     	81 136.562     	41 136.888     	53 136.979     	22 136.989     	35 137.146     	14 137.655     	20 137.209     	 3 137.581     	21 137.413     	26 137.916     	82 138.376     	 2 139.415     	
Lap 4	31 135.607     	47 135.322     	19 135.679     	42 136.119     	29 135.792     	98 136.255     	94 136.057     	80 136.681     	69 136.745     	11 136.731     	81 136.514     	30 136.789     	74 137.047     	41 136.889     	22 136.907     	53 138.470     	21 135.486     	35 137.482     	14 137.570     	20 137.510     	 3 137.870     	26 138.217     	82 140.124     	 2 138.821     	
Lap 5	31 135.628     	47 135.274     	42 135.725     	19 136.351     	29 136.099     	98 136.733     	94 136.453     	69 136.803     	80 136.916     	11 136.311     	74 136.840     	30 137.246     	41 137.023     	81 138.625     	53 136.855     	22 137.488     	21 137.142     	35 137.210     	20 137.267     	14 137.638     	26 136.658     	 3 139.197     	82 138.306     	 2 139.046     	
Lap 6	47 134.769     	31 136.132     	42 135.580     	19 136.130     	29 136.791     	94 136.311     	98 137.524     	80 136.541     	69 137.142     	11 137.093     	30 136.423     	74 136.991     	41 137.501     	81 136.933     	53 136.646     	22 137.087     	21 137.806     	35 137.265     	20 137.483     	14 138.615     	 3 138.285     	26 138.849     	82 137.029     	 2 138.766     	
Lap 7	47 134.252     	31 134.449     	42 135.759     	19 136.532     	29 135.091     	98 135.900     	94 137.204     	80 137.003     	69 136.653     	11 136.869     	30 136.969     	74 137.402     	41 137.235     	81 136.992     	53 137.286     	22 137.690     	21 137.324     	20 136.576     	14 136.542     	35 139.568     	26 136.914     	 3 138.086     	82 137.021     	 2 139.348     	
Lap 8	47 134.328     	31 134.197     	42 135.058     	29 136.011     	19 136.691     	98 135.033     	94 137.119     	80 136.903     	69 136.786     	11 136.942     	30 137.083     	74 137.553     	41 136.774     	81 137.255     	53 138.008     	22 138.083     	21 137.955     	20 137.886     	14 137.666     	35 140.716     	26 139.196     	82 137.291     	 3 139.389     	 2 139.293     	
Lap 9	47 135.076     	31 135.145     	42 134.540     	29 136.310     	19 136.243     	98 137.580     	94 136.602     	80 136.605     	69 137.309     	30 135.775     	11 137.855     	74 137.152     	41 137.607     	53 136.122     	81 137.775     	22 137.790     	21 138.353     	14 136.966     	20 138.415     	35 138.094     	 3 137.499     	26 138.829     	82 139.061     	 2 139.155     	
Lap 10	47 134.970     	31 135.073     	42 134.832     	29 136.603     	19 136.462     	98 135.486     	94 137.181     	80 137.164     	30 136.408     	69 136.797     	11 136.116     	74 137.503     	41 137.407     	53 137.567     	81 137.339     	22 137.776     	21 137.675     	14 137.779     	20 137.743     	35 137.534     	26 138.113     	 3 138.761     	82 139.214     	 2 139.992     	
Lap 11	47 135.208     	31 134.821     	42 134.630     	98 135.601     	19 137.131     	29 137.478     	80 136.943     	94 137.695     	69 137.187     	30 137.908     	11 137.726     	74 137.466     	41 137.697     	81 137.181     	53 137.692     	22 138.462     	14 138.158     	21 138.750     	20 138.572     	35 136.354     	26 139.650     	 3 139.428     	82 138.268     	 2 139.597     	
Lap 12	31 135.285     	47 136.828     	42 135.095     	98 137.006     	19 136.798     	29 136.879     	94 136.909     	80 137.802     	69 137.384     	30 137.709     	11 138.590     	41 137.440     	74 138.147     	81 137.996     	53 138.438     	22 138.298     	21 138.382     	14 138.849     	20 138.427     	35 136.842     	 3 138.689     	26 139.495     	82 139.076     	 2 139.868     	
Lap 13	31 136.465     	47 136.263     	42 135.626     	19 136.554     	98 137.164     	29 137.557     	94 137.666     	80 137.345     	30 136.678     	69 137.629     	11 135.996     	74 137.514     	41 138.090     	81 138.384     	53 138.865     	22 137.342     	21 138.249     	20 138.322     	14 138.691     	35 140.381     	 3 138.934     	26 139.641     	82 141.629     	 2 140.478     	
Lap 14	42 135.107     	47 136.528     	31 136.996     	19 137.594     	98 137.823     	29 137.752     	80 138.004     	94 138.248     	30 138.207     	69 138.223     	11 138.184     	74 138.197     	81 136.756     	41 138.435     	53 138.367     	22 137.121     	21 138.458     	20 138.579     	14 139.821     	35 137.712     	 3 137.693     	26 138.016     	82 138.335     	 2 140.056     	
Lap 15	47 137.309     	42 137.316     	31 136.619     	19 137.251     	98 137.886     	29 137.718     	80 138.074     	30 138.574     	94 138.405     	69 137.891     	11 138.933     	74 138.017     	81 138.539     	41 138.314     	53 137.846     	22 138.218     	21 138.864     	20 139.259     	14 138.637     	35 140.010     	 3 138.073     	26 138.469     	82 138.223     	
Lap 16	31 137.189     	42 137.848     	19 136.437     	30 137.248     	80 138.524     	94 138.706     	11 137.094     	69 138.885     	74 138.524     	22 137.288     	29 154.386 PIT	98 155.167 PIT	21 137.733     	14 140.683     	41 155.130 PIT	81 155.496 PIT	26 139.010     	53 154.586 PIT	20 156.712 PIT	35 154.959 PIT	 3 154.907 PIT	82 155.543 PIT	 2 158.526 PIT	
Lap 17	31 137.793     	19 136.086     	42 155.195 PIT	80 138.302     	30 139.153     	11 138.741     	69 138.597     	29 136.383     	22 137.965     	98 137.589     	21 137.871     	94 155.370 PIT	81 136.695     	41 137.239     	74 155.077 PIT	53 138.773     	26 140.779     	20 137.641     	14 155.710 PIT	35 139.795     	 3 136.787     	82 136.955     	 2 139.809     	
Lap 18	42 134.432     	31 153.736 PIT	19 154.909 PIT	29 135.870     	98 135.001     	94 135.309     	80 155.734 PIT	30 156.182 PIT	11 156.411 PIT	81 136.523     	69 156.448 PIT	41 136.342     	74 136.849     	53 135.464     	22 156.573 PIT	20 135.474     	21 156.025 PIT	35 136.977     	14 138.239     	 3 138.228     	82 136.902     	26 156.738 PIT	 2 138.603     	
Lap 19	42 135.240     	31 135.845     	19 134.783     	29 135.912     	98 136.625     	94 134.631     	80 134.963     	30 137.320     	41 136.230     	81 136.569     	74 136.137     	11 137.340     	69 137.219     	53 135.112     	22 136.671     	20 137.001     	21 137.691     	35 136.235     	14 137.114     	 3 138.355     	82 136.900     	26 137.812     	 2 138.596     	
Lap 20	42 134.324     	31 134.306     	19 134.171     	29 135.242     	98 134.827     	94 134.701     	80 135.214     	30 136.314     	41 136.688     	81 136.899     	69 136.335     	11 136.652     	74 137.115     	53 137.600     	22 136.059     	20 135.797     	21 136.082     	35 135.460     	14 135.555     	 3 137.906     	82 137.329     	26 136.426     	 2 139.444     	
Lap 21	42 134.329     	31 134.224     	19 134.040     	29 136.496     	98 136.840     	94 135.069     	80 135.166     	30 136.337     	41 136.377     	81 136.816     	69 136.819     	11 136.786     	74 136.925     	53 138.056     	22 135.896     	20 136.611     	21 136.466     	35 136.518     	14 136.287     	 3 136.148     	82 137.267     	26 136.716     	 2 138.846     	
Lap 22	42 134.032     	31 134.510     	19 134.927     	29 135.279     	98 134.592     	94 135.348     	80 135.117     	30 136.558     	41 136.770     	69 136.282     	11 136.571     	74 136.415     	81 137.442     	53 135.373     	22 135.815     	20 136.219     	21 135.618     	35 135.723     	14 135.965     	 3 136.271     	82 137.435     	26 137.500     	 2 139.665     	
Lap 23	42 134.633     	31 134.158     	19 134.108     	29 136.296     	98 139.606     	94 135.358     	80 134.671     	30 136.455     	69 136.560     	41 137.429     	11 137.078     	74 136.880     	81 136.982     	53 137.776     	22 136.022     	20 138.246     	21 137.930     	35 136.445     	14 136.689     	 3 136.466     	82 137.809     	26 137.130     	 2 139.013     	
Lap 24	42 134.347     	31 134.770     	19 134.279     	29 135.209     	98 135.032     	94 135.606     	80 134.857     	30 135.928     	69 137.103     	41 137.029     	11 137.139     	74 137.471     	81 137.301     	53 136.823     	22 136.938     	20 137.649     	21 137.427     	35 139.207     	14 136.903     	 3 136.788     	82 137.329     	26 136.826     	 2 139.918     	
Lap 25	42 135.166     	31 134.540     	19 134.649     	29 135.703     	98 135.108     	94 135.542     	80 135.065     	30 135.708     	69 137.124     	41 137.120     	11 137.065     	74 137.046     	81 137.756     	53 137.462     	22 137.554     	20 137.961     	21 138.142     	35 137.679     	14 138.793     	 3 137.047     	82 137.887     	26 137.179     	 2 139.346     	
Lap 26	42 134.726     	31 134.813     	19 134.944     	29 135.195     	98 135.739     	94 135.880     	80 135.311     	30 135.831     	69 136.680     	41 137.342     	11 137.227     	74 136.938     	22 135.928     	81 137.803     	53 138.060     	20 137.834     	21 138.143     	35 137.013     	14 136.795     	 3 136.911     	82 137.945     	26 137.836     	 2 140.090     	
Lap 27	42 135.079     	31 135.066     	19 134.687     	29 136.152     	98 135.630     	94 135.848     	80 135.729     	30 136.152     	69 136.122     	11 136.750     	74 136.892     	41 137.639     	22 137.781     	81 137.820     	53 137.882     	20 138.405     	35 137.767     	21 138.218     	14 138.428     	 3 137.181     	82 137.915     	26 137.099     	 2 139.386     	
Lap 28	42 135.204     	31 135.192     	19 135.626     	29 135.404     	98 135.762     	94 137.296     	80 136.594     	30 135.583     	69 136.320     	11 136.864     	74 137.569     	41 138.332     	22 137.470     	81 137.484     	53 138.146     	21 137.316     	35 137.829     	20 138.508     	14 137.321     	 3 136.947     	82 137.684     	26 138.078     	 2 139.711     	
Lap 29	42 135.626     	31 134.791     	19 135.263     	29 135.979     	98 135.561     	80 136.573     	94 137.859     	30 136.545     	69 136.221     	11 136.949     	74 137.296     	41 138.669     	22 137.664     	81 138.238     	53 136.879     	21 138.333     	20 138.263     	35 138.862     	14 138.717     	 3 139.289     	82 138.464     	26 138.208     	 2 140.714     	
Lap 30	42 136.610     	31 136.626     	19 135.699     	29 136.389     	98 136.099     	80 136.302     	94 135.845     	30 136.328     	69 136.064     	11 135.674     	74 136.221     	41 138.113     	22 138.456     	81 138.183     	53 138.381     	21 138.553     	20 138.775     	 3 137.337     	14 139.163     	35 140.752     	82 138.627     	26 137.873     	 2 140.624     	
Lap 31	42 137.014     	31 136.867     	19 135.318     	29 136.719     	98 136.354     	94 137.092     	80 137.756     	30 136.596     	69 136.041     	11 135.877     	74 136.597     	41 138.450     	22 138.301     	81 138.469     	53 138.894     	21 139.027     	20 139.039     	14 138.480     	 3 139.003     	35 140.719     	26 137.923     	82 139.596     	 2 140.721     	
Lap 32	42 137.619     	31 137.543     	19 135.957     	98 136.559     	80 136.923     	94 137.953     	29 154.072 PIT	30 136.506     	69 136.604     	11 136.252     	74 137.244     	22 138.957     	81 138.389     	21 139.017     	20 140.012     	14 139.107     	 3 140.320     	35 138.000     	41 156.195 PIT	53 156.601 PIT	26 140.102     	82 142.433     	 2 158.037 PIT	
Lap 33	31 137.359     	19 136.373     	42 153.834 PIT	98 136.491     	80 138.366     	29 134.873     	30 137.229     	69 136.386     	11 136.566     	94 154.526 PIT	74 136.764     	22 139.155     	21 137.657     	41 136.672     	20 139.824     	53 135.558     	14 140.329     	35 139.420     	 3 139.902     	81 155.926 PIT	26 138.258     	82 156.825 PIT	 2 139.664     	
Lap 34	19 136.690     	42 134.191     	31 153.401 PIT	29 134.471     	98 154.275 PIT	30 136.845     	69 137.180     	11 136.608     	94 136.317     	80 154.526 PIT	74 156.288 PIT	21 138.050     	41 137.029     	53 136.276     	81 135.840     	22 155.641 PIT	35 139.380     	20 157.451 PIT	14 156.991 PIT	 3 157.173 PIT	26 155.394 PIT	82 137.361     	 2 138.938     	
Lap 35	19 136.233     	42 134.400     	31 134.085     	29 134.804     	98 136.639     	69 137.794     	94 134.452     	80 135.786     	30 155.518 PIT	11 153.948 PIT	74 135.374     	21 137.938     	53 136.265     	41 137.017     	81 136.594     	22 137.909     	20 137.448     	 3 136.928     	14 139.361     	35 158.985 PIT	26 137.179     	82 137.253     	 2 139.297     	
Lap 36	42 134.516     	31 133.569     	19 153.609 PIT	29 134.945     	98 134.247     	94 135.003     	69 137.643     	80 135.070     	30 135.817     	11 135.605     	74 135.027     	81 135.069     	53 136.700     	41 137.276     	22 136.195     	21 155.669 PIT	20 136.393     	 3 136.223     	14 135.828     	35 136.108     	26 136.785     	82 137.044     	 2 138.598     	
Lap 37	42 133.920     	31 133.741     	19 135.116     	29 134.820     	98 134.999     	94 135.933     	80 134.575     	30 134.955     	11 135.356     	74 134.871     	69 157.447 PIT	81 136.777     	53 136.401     	41 136.914     	22 135.635     	21 136.331     	20 137.212     	 3 137.358     	14 136.839     	35 135.478     	26 137.121     	82 137.572     	 2 139.384     	
Lap 38	42 134.301     	31 133.924     	19 134.283     	29 135.225     	98 135.165     	94 134.739     	80 134.758     	30 135.612     	11 135.592     	74 135.083     	69 135.692     	81 137.128     	53 137.511     	22 136.375     	41 148.610 PIT	21 136.038     	20 135.649     	14 136.727     	35 136.193     	 3 139.784     	26 137.532     	82 137.118     	 2 139.067     	
Lap 39	42 134.393     	31 134.191     	19 134.372     	29 134.760     	98 134.300     	94 134.785     	80 134.801     	30 135.496     	11 134.854     	74 135.355     	69 134.814     	81 136.638     	53 137.624     	22 136.273     	41 135.340     	21 135.605     	20 136.124     	14 135.891     	35 135.557     	 3 136.906     	26 137.044     	82 137.462     	 2 139.104     	
Lap 40	42 136.284     	31 136.689     	19 134.292     	29 135.141     	98 135.329     	94 135.554     	80 134.979     	30 135.377     	11 134.890     	74 135.488     	69 135.234     	81 135.918     	53 135.670     	22 136.441     	41 134.822     	21 136.343     	20 136.664     	14 137.450     	35 138.842     	 3 136.166     	26 136.893     	82 137.065     	 2 139.542     	
Lap 41	42 134.439     	31 134.851     	19 134.237     	29 135.229     	98 135.431     	94 136.706     	80 136.522     	30 135.562     	11 135.717     	74 135.632     	69 135.523     	81 135.750     	53 135.449     	22 135.978     	41 134.844     	21 135.712     	20 136.043     	14 136.489     	35 137.098     	 3 138.739     	26 137.272     	82 137.193     	 2 139.372     	
Lap 42	42 134.687     	31 134.316     	19 134.461     	29 135.233     	98 135.169     	80 136.287     	94 136.696     	30 135.581     	11 135.640     	74 135.349     	69 135.276     	81 137.302     	53 138.425     	22 136.566     	41 135.403     	21 136.361     	20 136.223     	14 136.304     	35 136.071     	 3 136.377     	26 137.769     	82 137.475     	 2 140.107     	
Lap 43	42 134.450     	31 135.103     	19 134.994     	29 135.998     	98 134.938     	94 136.678     	80 137.375     	30 135.987     	11 135.537     	74 135.897     	69 135.263     	81 136.421     	53 135.935     	22 136.360     	41 135.454     	21 135.988     	20 136.705     	14 136.732     	35 136.564     	 3 137.004     	26 137.318     	82 137.591     	 2 139.421     	
Lap 44	42 134.806     	31 135.002     	19 134.969     	29 135.460     	98 135.814     	94 137.460     	80 136.885     	30 136.097     	11 135.743     	74 137.660     	69 137.211     	81 135.860     	53 136.236     	22 136.167     	41 136.113     	21 136.488     	20 137.238     	14 136.505     	35 136.430     	 3 136.926     	26 137.946     	82 137.511     	 2 139.586     	
Lap 45	42 135.253     	31 134.561     	19 134.545     	29 135.963     	98 135.425     	80 136.392     	94 137.534     	30 135.509     	11 136.157     	69 137.143     	74 137.688     	81 136.045     	53 136.834     	22 136.454     	41 135.918     	21 137.091     	20 136.680     	14 137.313     	35 137.066     	 3 137.084     	26 138.223     	82 137.733     	 2 139.994     	

-- OFFICIAL RESULTS --
Pos	#No	Driver						Team					Time		Diff		Pits	Best
01	#42	OOS	Frank Oosterhout		Cows Go Moo Racing		1:42:03.008	-0.000		2		133.920
02	#31	ŠAŊ	xap'ít celentir šaŋév	Team Solea Racing		1:42:04.577	-1.569		2		133.569
03	#19	ZAI	khélok atep zailunaɰ	Team Solea Racing		1:42:16.378	-13.370		2		134.040
04	#29	ALU	Sago Aludetsei			Dotruga Formula Racing	1:42:31.829	-28.821		2		134.471
05	#98	MOT	Gorga Motxev			Dotruga Formula Racing	1:42:37.992	-34.984		2		134.247
06	#80	AYA	Ifloenne é Aya			Team V.V. Imperial		1:42:53.844	-50.836		2		134.575
07	#94	NES	At'ipi Nesbeksë			Team Diigikwk Racers	1:42:54.875	-51.868		2		134.452
08	#30	WIS	Josh Wise				BONGATAR				1:43:02.088	-59.081		2		134.955
09	#11	KEG	Tuto Keget				Dotruga Formula Racing	1:43:05.548	-62.540		2		134.854
10	#69	SAN	Marisa Sanchez			Cows Go Moo Racing		1:43:13.360	-70.352		2		134.814
11	#74	KON	Bařàsiz Konoca			Team Diigikwk Racers	1:43:13.401	-70.394		2		134.871
12	#81	KÆR	Lyǽs Kæræsekæræn		Team V.V. Imperial		1:43:26.601	-83.593		2		135.069
13	#53	TÀC	Ešuro Tàcràɰë			Team Diigikwk Racers	1:43:29.337	-86.330		2		135.112
14	#22	PHI	Philipe					Team Vincent			1:43:30.352	-87.345		2		135.635
15	#41	CAN	Olga Candy				Cows Go Moo Racing		1:43:33.308	-90.300		3		134.822
16	#21	ORS	Orson					Team Vincent			1:43:42.864	-99.856		2		135.486
17	#20	MAC	Mac						Team Vincent			1:43:48.938	-105.931	2		135.474
18	#14	HÚC	Daseno Húctu			Team Vikasani			1:43:52.534	-109.526	2		135.555
19	#35	AKA	Asaúni Akaleta			Team Vikasani			1:43:54.699	-111.691	2		135.460
20	# 3	BOB	Bob						BONGATAR				1:43:57.735	-114.727	2		136.148
21	#26	ILI	Rikvisi Iliria			Team Vikasani			1:44:05.390	-122.383	2		136.426
22	#82	SAN	Nukki Savra Sanda		Team V.V. Imperial		1:44:09.071	-126.064	2		136.900
23	# 2	HID	Body Hide				BONGATAR				1:45:15.940	-192.932	2		138.514
24	#47	PAV	ketila léqa pavúteka	Team Solea Racing		RETIRED		DNF			0		134.252

-- RACE INCIDENT REPORT --
Lyǽs Kæræsekæræn made a mistake while attempting an overtake on lap 5.
Asaúni Akaleta made a mistake while attempting an overtake on lap 8.
Nukki Savra Sanda made a mistake on lap 10.
Ešuro Tàcràɰë made a mistake on lap 14.
ketila léqa pavúteka crashed out while attempting an overtake on lap 15.
Bařàsiz Konoca made a mistake while attempting an overtake on lap 19.
Bob made a mistake on lap 20.
Gorga Motxev made a mistake while attempting an overtake on lap 23.
Asaúni Akaleta made a mistake while attempting an overtake on lap 30.
Olga Candy made a pit stop to repair damage caused by a large incident on lap 38.
Bob made a mistake while attempting an overtake on lap 38.
