-- LAP TIMES --
Lap 1	31 106.941     	42 107.302     	47 107.586     	19 107.788     	53 107.652     	98 107.853     	94 107.863     	80 107.576     	74 107.804     	29 107.535     	69 108.005     	41 108.203     	11 108.116     	30 108.022     	81 108.087     	35 108.398     	26 108.754     	14 108.778     	21 109.016     	22 109.283     	 3 109.299     	20 109.338     	82 109.238     	 2 110.594     	
Lap 2	31 107.213     	42 107.145     	19 107.251     	47 107.645     	98 107.336     	80 107.769     	94 107.939     	29 107.826     	74 107.992     	53 108.335     	69 108.440     	30 108.278     	81 108.335     	11 108.420     	41 108.564     	35 108.127     	14 108.177     	26 108.222     	22 108.735     	 3 108.997     	21 109.610     	20 109.339     	82 111.056     	 2 110.418     	
Lap 3	31 106.923     	42 107.726     	19 107.205     	47 107.691     	98 107.700     	29 107.434     	94 107.619     	80 107.999     	74 108.261     	53 108.281     	30 108.186     	69 108.344     	41 108.051     	35 108.152     	11 108.569     	81 108.750     	14 108.424     	26 108.525     	22 108.516     	21 108.761     	 3 109.386     	20 109.851     	82 109.630     	 2 110.104     	
Lap 4	31 105.865     	42 107.883     	19 107.973     	47 107.609     	94 107.498     	98 108.159     	29 108.050     	80 107.830     	74 107.660     	53 107.869     	41 107.932     	69 108.277     	30 108.634     	81 108.159     	11 108.489     	35 108.900     	14 108.524     	26 108.675     	22 109.384     	21 109.549     	 3 109.380     	20 108.665     	82 108.697     	 2 110.208     	
Lap 5	31 106.697     	42 107.121     	47 107.429     	19 108.178     	94 107.461     	29 107.512     	98 108.220     	80 108.424     	74 108.194     	53 108.157     	41 108.118     	69 108.046     	11 107.839     	81 108.395     	30 108.691     	35 108.284     	14 108.576     	26 109.290     	22 107.913     	20 108.339     	21 109.296     	 3 109.706     	82 108.294     	 2 110.632     	
Lap 6	31 106.264     	42 107.293     	47 107.925     	19 107.487     	94 107.709     	98 107.795     	29 108.238     	74 107.793     	80 108.099     	53 108.189     	69 108.086     	41 108.747     	11 108.334     	81 108.032     	30 108.738     	35 108.889     	14 108.369     	26 108.893     	22 108.853     	20 108.985     	 3 108.922     	21 109.709     	82 109.411     	 2 110.790     	
Lap 7	31 106.546     	42 106.062     	47 107.168     	19 107.370     	94 108.436     	29 107.899     	98 108.384     	74 108.330     	53 108.169     	80 108.812     	69 108.242     	41 108.683     	81 108.373     	11 108.580     	35 108.305     	30 108.912     	14 108.509     	26 108.530     	22 108.809     	20 108.458     	21 109.017     	 3 109.475     	82 111.232     	 2 110.502     	
Lap 8	31 106.483     	42 106.854     	19 106.762     	47 107.601     	94 107.852     	29 107.947     	98 107.658     	53 107.733     	80 108.053     	74 108.763     	69 108.791     	11 108.147     	41 108.681     	81 108.944     	30 108.763     	35 109.204     	14 108.903     	26 108.821     	22 109.661     	20 108.491     	21 109.272     	 3 110.624     	82 108.898     	 2 110.995     	
Lap 9	31 106.317     	42 106.179     	47 107.479     	19 108.416     	94 107.767     	29 108.488     	98 109.132     	53 107.979     	74 107.686     	80 108.784     	11 107.982     	69 108.615     	41 108.496     	81 108.868     	30 108.441     	14 108.718     	35 109.262     	26 107.968     	22 109.248     	20 109.536     	21 108.504     	 3 109.992     	82 109.919     	 2 110.437     	
Lap 10	31 107.121     	42 106.602     	47 107.251     	19 107.360     	94 106.868     	29 108.268     	98 107.887     	74 107.653     	80 107.131     	53 108.782     	11 108.199     	69 108.786     	41 108.705     	81 108.354     	30 108.786     	35 108.538     	14 109.451     	26 109.503     	22 109.064     	20 109.985     	21 108.597     	 3 109.410     	82 109.956     	 2 110.917     	
Lap 11	31 107.052     	42 106.648     	19 106.795     	47 108.314     	94 107.310     	29 108.155     	98 108.421     	74 108.661     	80 109.009     	53 109.732     	11 109.068     	69 109.089     	41 108.554     	81 108.544     	30 109.230     	35 109.093     	14 108.793     	26 108.819     	22 108.462     	20 109.571     	21 109.802     	 3 108.228     	82 109.025     	 2 110.736     	
Lap 12	31 106.375     	42 106.839     	19 106.857     	47 107.476     	94 106.796     	29 108.422     	98 108.364     	74 108.309     	80 107.824     	53 107.733     	11 108.669     	41 108.491     	69 109.072     	81 109.272     	35 108.565     	30 109.305     	14 108.730     	26 109.111     	22 108.545     	20 109.932     	21 109.376     	 3 109.070     	82 109.612     	 2 110.513     	
Lap 13	31 107.199     	42 107.040     	19 107.252     	94 106.485     	47 108.223     	98 107.958     	29 108.729     	80 107.996     	53 107.094     	74 109.012     	11 109.190     	41 108.963     	69 109.198     	81 109.340     	35 109.008     	30 109.159     	26 108.285     	14 110.049     	22 109.419     	21 109.790     	20 110.151     	 3 108.876     	82 109.488     	 2 110.523     	
Lap 14	31 107.506     	42 106.867     	19 107.605     	94 107.437     	47 107.032     	98 108.135     	29 108.608     	53 108.551     	74 108.225     	80 108.877     	11 109.207     	41 109.052     	69 109.257     	81 108.624     	35 109.306     	30 109.070     	26 109.736     	14 109.205     	22 108.548     	21 109.611     	20 109.785     	 3 110.534     	82 108.919     	 2 111.547     	
Lap 15	31 107.014     	42 107.316     	19 108.363     	47 107.256     	94 108.601     	98 108.614     	29 108.366     	80 108.309     	53 109.008     	74 109.216     	11 109.458     	41 109.612     	69 108.908     	81 109.014     	30 108.896     	35 109.085     	14 109.787     	26 110.080     	22 109.176     	21 110.154     	 3 108.746     	20 110.934     	82 109.721     	 2 111.565     	
Lap 16	31 107.208     	42 107.619     	19 108.166     	94 107.152     	47 108.498     	29 108.313     	98 110.258     	80 109.445     	74 108.727     	53 109.081     	11 109.108     	69 108.961     	81 108.843     	41 109.566     	30 108.984     	35 110.515     	14 109.144     	26 109.503     	22 109.933     	 3 109.787     	21 110.430     	20 109.361     	82 109.568     	 2 111.352     	
Lap 17	31 107.856     	42 107.446     	47 107.495     	19 108.783     	94 109.145     	29 107.722     	98 108.820     	74 109.098     	80 109.283     	53 110.048     	11 109.253     	81 109.049     	69 109.477     	41 109.451     	30 108.060     	35 109.168     	14 109.400     	26 109.721     	22 109.668     	 3 110.148     	21 110.188     	20 111.127     	82 110.094     	 2 111.386     	
Lap 18	31 107.536     	42 107.535     	19 108.790     	47 108.848     	94 108.988     	29 108.366     	98 108.775     	80 109.020     	74 109.212     	53 110.458     	11 109.227     	69 109.042     	81 109.569     	30 108.500     	41 109.891     	35 110.151     	14 110.148     	26 109.703     	22 110.283     	21 108.834     	20 109.183     	 3 110.756     	82 110.253     	 2 111.809     	
Lap 19	31 107.808     	42 107.609     	94 107.367     	47 109.211     	19 109.364     	29 108.462     	98 108.459     	74 108.653     	80 109.699     	53 107.854     	11 109.600     	69 109.125     	81 109.375     	30 110.227     	41 110.309     	35 109.587     	14 109.718     	26 110.237     	22 109.731     	21 109.927     	20 110.928     	 3 111.617     	82 109.907     	 2 111.494     	
Lap 20	94 107.833     	19 108.100     	31 124.895 PIT	42 124.381 PIT	29 107.918     	74 109.857     	53 110.603     	47 126.041 PIT	69 109.530     	81 109.855     	98 125.067 PIT	22 110.354     	80 126.953 PIT	11 126.480 PIT	20 110.599     	 3 110.515     	30 127.236 PIT	82 110.860     	41 127.743 PIT	35 127.266 PIT	14 127.248 PIT	26 127.792 PIT	21 127.717 PIT	 2 111.503     	
Lap 21	94 108.202     	31 108.252     	42 106.246     	74 108.968     	47 106.344     	19 126.345 PIT	29 125.097 PIT	98 107.273     	22 109.918     	80 107.222     	53 126.175 PIT	11 107.506     	81 126.726 PIT	69 127.473 PIT	30 108.999     	41 107.905     	 3 110.777     	35 108.665     	82 112.941     	14 108.807     	26 107.666     	21 108.912     	20 127.687 PIT	 2 111.731     	
Lap 22	31 107.035     	42 107.107     	47 105.982     	94 125.703 PIT	19 106.550     	29 106.917     	98 106.860     	80 107.525     	74 126.290 PIT	53 107.462     	11 106.988     	69 108.168     	81 109.012     	30 108.678     	41 108.674     	35 108.799     	14 108.950     	26 109.038     	22 128.353 PIT	21 108.333     	20 108.312     	 3 127.125 PIT	82 128.977 PIT	 2 130.038 PIT	
Lap 23	31 107.447     	42 107.623     	47 106.462     	94 108.417     	19 108.745     	29 106.467     	98 106.125     	80 106.946     	74 108.629     	11 107.128     	53 109.254     	69 108.510     	81 108.174     	30 108.641     	41 108.888     	35 107.263     	14 108.192     	26 109.079     	22 108.410     	21 108.203     	20 107.806     	 3 108.831     	82 109.145     	 2 110.208     	
Lap 24	31 107.076     	42 107.865     	47 106.207     	94 108.127     	19 107.249     	29 106.874     	98 106.176     	80 107.331     	74 107.716     	11 108.468     	53 108.975     	69 108.356     	81 108.707     	30 108.283     	41 109.118     	35 107.736     	14 107.143     	26 107.320     	22 107.871     	21 108.201     	20 108.688     	 3 108.448     	82 108.669     	 2 110.636     	
Lap 25	31 106.773     	42 106.007     	47 105.851     	19 107.393     	94 108.254     	29 106.399     	98 106.243     	80 106.920     	74 107.234     	11 108.346     	53 109.369     	30 107.094     	69 108.462     	81 108.049     	41 108.092     	35 108.868     	14 107.978     	26 107.298     	22 108.323     	21 107.738     	20 108.419     	 3 107.889     	82 109.094     	 2 110.056     	
Lap 26	31 106.022     	42 106.581     	47 106.105     	19 107.311     	94 108.064     	29 106.612     	98 106.874     	80 107.227     	74 107.353     	11 107.641     	53 106.540     	30 108.342     	69 108.485     	81 108.454     	41 108.607     	35 108.484     	14 108.405     	26 109.210     	22 107.490     	21 108.006     	20 108.309     	 3 108.234     	82 108.736     	 2 110.049     	
Lap 27	31 106.338     	42 106.989     	47 106.464     	19 106.556     	29 107.103     	94 107.896     	98 107.147     	80 107.195     	74 106.959     	11 108.156     	53 108.912     	69 107.832     	30 108.295     	81 108.189     	41 108.656     	35 108.773     	14 109.028     	26 107.470     	22 107.867     	21 108.462     	20 107.930     	 3 108.562     	82 108.758     	 2 110.389     	
Lap 28	31 107.036     	42 106.851     	47 106.691     	19 106.736     	29 107.675     	94 108.306     	98 108.584     	80 107.015     	74 106.889     	11 107.371     	53 107.223     	69 108.712     	30 108.909     	81 108.889     	41 108.753     	35 108.893     	26 109.172     	14 109.358     	22 107.932     	21 108.377     	20 108.791     	 3 108.703     	82 108.752     	 2 110.849     	
Lap 29	31 106.696     	42 106.290     	47 107.066     	19 107.098     	29 106.625     	94 107.181     	98 107.414     	80 107.357     	74 106.932     	11 107.503     	53 107.517     	69 108.248     	30 108.642     	81 109.286     	41 107.531     	35 107.382     	26 109.104     	14 109.714     	22 108.613     	21 108.971     	20 108.220     	 3 107.978     	82 108.981     	 2 110.905     	
Lap 30	31 106.906     	42 107.080     	47 107.029     	19 106.558     	29 106.558     	94 106.983     	98 106.620     	80 107.156     	74 107.295     	11 107.869     	53 107.537     	69 108.754     	30 108.498     	81 108.308     	41 108.261     	35 109.710     	26 109.160     	14 109.665     	22 108.021     	21 108.865     	20 109.056     	 3 107.955     	82 109.145     	 2 110.325     	
Lap 31	31 106.337     	42 106.422     	47 106.815     	19 106.917     	29 107.075     	94 106.884     	98 107.295     	80 107.740     	74 107.634     	11 107.330     	53 107.652     	30 107.698     	69 108.462     	81 108.331     	41 108.242     	35 107.457     	26 108.450     	14 109.229     	22 109.025     	21 108.921     	20 108.506     	 3 108.740     	82 109.206     	 2 111.053     	
Lap 32	31 106.720     	42 106.690     	47 107.069     	19 107.343     	29 106.799     	94 107.083     	98 107.631     	80 107.148     	74 107.501     	11 107.488     	53 107.007     	30 109.108     	69 109.586     	81 109.275     	41 108.865     	35 108.171     	26 108.612     	14 108.951     	22 109.099     	21 108.429     	20 108.806     	 3 108.666     	82 108.690     	 2 110.826     	
Lap 33	31 107.420     	42 107.147     	47 106.633     	19 106.923     	29 107.418     	94 107.421     	98 107.712     	80 107.590     	74 107.641     	11 108.399     	53 109.258     	30 109.099     	81 108.858     	41 108.911     	35 109.134     	69 111.405     	26 108.516     	22 108.760     	14 109.531     	21 108.669     	20 108.360     	 3 108.786     	82 108.975     	 2 110.970     	
Lap 34	31 106.746     	42 107.538     	47 107.015     	19 106.899     	29 107.278     	94 107.332     	98 107.188     	80 107.998     	74 107.709     	11 108.079     	53 107.188     	30 107.674     	41 108.184     	81 108.893     	69 108.939     	35 109.608     	26 108.152     	14 109.225     	22 110.079     	21 109.254     	20 108.786     	 3 108.713     	82 108.936     	 2 111.226     	
Lap 35	31 107.529     	42 107.287     	47 106.736     	19 107.005     	29 107.664     	94 107.236     	98 107.309     	80 108.040     	74 107.385     	11 108.900     	53 109.432     	30 108.191     	41 109.213     	81 109.579     	69 108.693     	26 108.128     	35 110.077     	14 109.696     	22 109.296     	21 109.281     	20 109.301     	 3 108.543     	82 108.907     	 2 110.638     	
Lap 36	31 106.793     	42 107.044     	47 106.909     	19 107.300     	29 107.213     	94 107.440     	98 107.375     	80 107.652     	74 107.868     	11 107.618     	53 107.517     	30 108.117     	41 107.993     	69 108.211     	81 109.695     	35 109.759     	26 110.231     	14 109.246     	22 109.256     	21 108.932     	20 108.911     	 3 109.190     	82 109.740     	 2 110.604     	
Lap 37	31 107.610     	42 107.432     	47 107.431     	19 107.777     	29 107.157     	94 107.629     	98 108.237     	80 107.698     	74 108.256     	11 108.092     	53 108.289     	30 108.376     	41 108.560     	69 109.063     	81 108.947     	35 109.827     	26 110.286     	14 109.550     	22 110.084     	21 109.467     	20 109.677     	 3 109.521     	82 109.261     	 2 111.504     	
Lap 38	31 107.309     	42 107.809     	47 107.397     	19 107.989     	29 108.050     	94 107.927     	98 108.306     	80 108.379     	74 107.679     	11 107.945     	53 108.378     	30 108.528     	41 108.704     	69 109.138     	81 109.630     	35 109.337     	26 109.643     	14 110.126     	22 110.007     	21 109.017     	20 109.129     	 3 109.598     	82 109.427     	 2 110.943     	
Lap 39	31 107.735     	42 107.516     	47 107.532     	19 107.813     	29 108.053     	94 107.655     	98 107.795     	80 108.350     	74 108.011     	11 108.011     	53 107.736     	30 108.623     	41 108.787     	69 107.809     	81 108.581     	35 108.837     	26 108.969     	14 110.503     	22 110.225     	21 109.878     	20 109.233     	 3 109.491     	82 109.535     	 2 111.199     	
Lap 40	31 108.005     	47 107.404     	42 125.150 PIT	19 107.806     	29 108.465     	94 108.256     	98 108.511     	74 108.596     	53 108.227     	80 125.051 PIT	30 109.120     	11 125.604 PIT	69 108.171     	81 109.006     	26 109.314     	14 109.768     	22 110.170     	41 125.772 PIT	21 110.706     	20 109.744     	 3 109.650     	35 126.504 PIT	82 109.940     	 2 111.805     	
Lap 41	31 108.280     	42 106.174     	19 108.514     	29 108.695     	47 124.951 PIT	94 108.257     	74 108.386     	98 124.737 PIT	80 107.548     	11 107.461     	53 125.850 PIT	69 109.025     	30 125.899 PIT	41 108.430     	14 110.780     	22 110.076     	81 125.769 PIT	20 110.256     	 3 109.743     	35 107.973     	26 126.943 PIT	82 109.698     	21 127.983 PIT	 2 111.387     	
Lap 42	42 106.282     	31 125.263 PIT	47 107.817     	29 109.316     	19 125.440 PIT	74 125.908 PIT	98 106.761     	94 124.497 PIT	80 107.032     	11 106.889     	53 108.682     	69 109.534     	30 107.504     	 3 110.925     	22 127.459 PIT	35 107.867     	20 128.155 PIT	14 127.613 PIT	41 108.229     	26 107.697     	82 110.532     	81 110.942     	21 108.733     	
Lap 43	42 106.249     	31 106.516     	47 107.706     	19 106.666     	29 124.849 PIT	98 107.010     	80 107.459     	74 106.984     	11 107.168     	53 107.488     	30 107.345     	41 107.141     	69 127.891 PIT	35 108.287     	81 108.702     	26 109.026     	21 107.595     	14 108.674     	22 109.331     	82 111.367     	20 108.545     	 3 129.240 PIT	 2 110.829     	
Lap 44	42 105.898     	31 106.347     	47 106.623     	19 106.340     	29 107.296     	98 106.781     	80 106.886     	74 107.370     	11 107.544     	53 106.856     	30 107.142     	41 106.967     	69 107.470     	35 108.326     	81 108.773     	26 107.451     	21 109.101     	14 108.625     	22 109.045     	20 107.934     	 3 108.505     	82 127.794 PIT	 2 110.228     	
Lap 45	42 106.326     	31 106.524     	47 106.593     	19 106.760     	29 107.684     	98 108.848     	80 107.547     	74 106.977     	11 107.002     	53 107.315     	30 107.129     	41 106.818     	69 106.908     	35 108.390     	81 108.244     	26 107.595     	14 108.804     	21 109.463     	22 109.011     	20 108.600     	 3 107.581     	82 108.973     	 2 110.224     	
Lap 46	42 106.818     	31 106.407     	47 105.971     	19 106.519     	29 106.397     	98 107.154     	80 107.660     	74 106.996     	11 106.739     	53 106.923     	30 107.793     	41 107.373     	69 107.472     	35 108.415     	81 108.264     	26 107.871     	14 108.907     	21 108.967     	22 108.635     	20 108.262     	 3 108.552     	82 108.488     	 2 109.837     	
Lap 47	42 106.671     	31 106.642     	47 106.614     	19 106.796     	29 106.948     	98 106.351     	80 107.559     	74 107.370     	11 106.813     	53 107.320     	30 107.910     	41 107.043     	69 106.642     	35 109.028     	81 108.480     	26 108.788     	14 108.687     	21 109.196     	22 109.285     	20 108.313     	 3 107.778     	82 108.987     	 2 110.116     	
Lap 48	42 106.539     	31 106.900     	47 106.366     	19 106.533     	29 107.187     	98 106.465     	80 107.677     	74 106.791     	11 107.405     	53 107.535     	30 107.316     	41 107.114     	69 107.503     	35 108.360     	26 107.500     	81 108.881     	14 107.787     	22 108.892     	21 109.596     	20 108.374     	 3 108.495     	82 108.391     	 2 110.873     	
Lap 49	42 106.380     	31 106.085     	47 106.679     	19 106.421     	29 106.629     	98 107.313     	80 107.002     	74 107.380     	11 107.532     	53 107.097     	30 107.400     	41 107.907     	69 107.162     	81 108.494     	35 109.108     	26 109.455     	14 107.895     	22 109.482     	21 109.842     	20 109.859     	 3 108.162     	82 108.930     	 2 110.196     	
Lap 50	42 106.469     	31 106.346     	47 107.077     	19 106.434     	29 107.020     	98 106.806     	80 107.826     	74 107.554     	11 107.899     	53 106.872     	30 107.345     	41 108.052     	69 106.961     	81 108.646     	35 108.866     	26 108.698     	14 107.762     	22 109.681     	21 109.958     	20 110.297     	 3 108.813     	82 109.188     	 2 110.773     	
Lap 51	42 106.447     	31 106.835     	47 106.375     	19 107.185     	29 106.899     	98 107.538     	80 107.234     	74 107.809     	11 108.023     	53 107.241     	30 107.629     	41 107.716     	69 107.409     	81 109.015     	35 108.879     	26 109.561     	14 108.012     	22 108.761     	21 109.232     	 3 108.158     	20 109.966     	82 108.601     	 2 110.824     	
Lap 52	42 106.740     	31 106.834     	47 106.405     	19 106.740     	29 107.113     	98 107.135     	80 107.901     	74 107.278     	11 107.910     	53 107.269     	30 107.493     	41 107.897     	69 107.780     	81 108.625     	35 109.099     	26 108.575     	14 108.438     	22 108.057     	21 109.031     	20 108.144     	 3 109.638     	82 109.331     	 2 110.907     	
Lap 53	42 107.142     	31 106.916     	47 107.019     	19 107.021     	29 106.865     	98 107.512     	80 107.714     	74 107.239     	11 107.245     	53 107.481     	30 107.855     	41 107.969     	69 107.130     	81 108.442     	35 109.091     	26 109.031     	14 108.219     	22 108.212     	21 110.016     	 3 108.431     	20 109.972     	82 108.505     	 2 110.605     	
Lap 54	31 106.492     	42 108.999     	47 106.497     	19 107.170     	29 106.800     	98 107.143     	80 107.426     	74 107.782     	11 107.858     	53 107.435     	30 107.866     	41 108.018     	69 107.197     	81 107.525     	35 109.222     	26 109.636     	14 108.056     	22 108.838     	20 108.724     	21 109.673     	 3 109.992     	82 109.493     	 2 110.737     	
Lap 55	31 107.654     	42 108.650     	47 107.265     	19 107.026     	29 107.634     	98 107.154     	80 107.647     	74 107.329     	11 108.355     	53 107.478     	30 107.959     	41 107.867     	69 107.487     	81 107.575     	35 109.748     	26 109.310     	14 107.790     	20 110.379     	22 108.806     	21 109.586     	 3 110.979     	82 109.111     	
Lap 56	31 106.671     	47 107.106     	19 107.664     	29 107.689     	98 107.996     	80 108.032     	74 107.360     	11 107.800     	53 107.955     	30 107.756     	41 107.794     	69 107.949     	81 108.463     	35 109.254     	26 109.469     	14 107.968     	22 108.829     	21 110.475     	20 110.224     	 3 108.746     	82 108.949     	 2 111.423     	
Lap 57	31 107.181     	47 107.046     	19 107.563     	29 107.883     	98 107.220     	80 108.021     	74 108.245     	11 107.873     	53 107.974     	30 108.303     	41 108.780     	69 107.899     	81 108.220     	35 109.167     	26 110.118     	14 108.037     	22 108.804     	21 110.589     	20 110.620     	 3 111.338     	82 109.378     	 2 111.389     	
Lap 58	31 107.543     	47 107.606     	19 107.112     	29 107.657     	98 107.749     	80 108.125     	74 108.183     	11 108.104     	53 108.262     	30 108.154     	41 108.492     	69 107.626     	81 108.515     	35 108.714     	26 108.857     	14 108.930     	22 108.617     	21 109.954     	20 110.054     	 3 110.660     	82 109.710     	 2 111.595     	
Lap 59	31 107.606     	47 107.393     	19 107.416     	29 107.562     	98 107.875     	80 108.361     	74 108.381     	11 108.146     	53 108.520     	30 108.534     	41 108.977     	69 108.233     	81 108.806     	35 109.208     	26 109.124     	14 108.338     	22 108.840     	 3 108.728     	20 110.769     	21 112.097     	82 109.611     	 2 111.888     	
Lap 60	31 107.448     	47 107.191     	19 107.670     	29 108.223     	98 108.192     	74 108.550     	53 108.531     	80 125.616 PIT	30 108.598     	11 126.361 PIT	41 110.202     	69 109.537     	81 108.567     	26 109.553     	14 108.785     	22 109.345     	35 126.414 PIT	20 109.060     	 3 109.946     	21 109.852     	82 109.363     	 2 111.448     	
Lap 61	31 108.060     	19 107.722     	47 124.538 PIT	29 107.768     	98 108.199     	74 108.552     	53 107.999     	80 107.262     	11 109.100     	30 109.977     	69 109.401     	81 109.009     	41 126.893 PIT	14 109.870     	26 110.585     	22 109.194     	35 107.984     	20 110.702     	 3 111.246     	21 109.948     	82 109.859     	 2 112.101     	
Lap 62	31 108.099     	19 107.872     	47 106.845     	29 108.121     	98 125.415 PIT	80 107.313     	74 126.236 PIT	11 108.125     	53 125.641 PIT	69 108.077     	30 126.215 PIT	41 107.732     	26 110.141     	81 127.375 PIT	22 109.628     	35 109.356     	14 127.829 PIT	20 110.720     	 3 110.534     	82 109.899     	21 126.586 PIT	 2 111.459     	
Lap 63	31 124.851 PIT	47 106.069     	19 108.609     	29 108.659     	98 107.069     	80 107.458     	74 107.047     	11 108.549     	53 108.916     	30 107.948     	41 106.763     	69 125.806 PIT	81 107.479     	35 107.585     	14 107.323     	26 127.367 PIT	22 126.751 PIT	82 110.450     	21 108.779     	20 127.828 PIT	 3 128.661 PIT	 2 112.534     	
Lap 64	31 106.918     	47 107.537     	19 125.745 PIT	29 125.514 PIT	98 106.951     	80 107.180     	74 107.307     	11 107.035     	53 106.492     	30 107.507     	41 107.110     	69 106.952     	81 106.848     	35 107.824     	14 107.731     	26 107.773     	22 108.083     	21 108.451     	20 108.062     	 3 108.555     	82 127.969 PIT	 2 129.252 PIT	
Lap 65	31 106.367     	47 106.309     	19 107.018     	29 107.694     	98 107.974     	80 107.281     	74 107.261     	11 107.697     	53 109.247     	30 107.661     	41 107.430     	69 106.852     	81 106.976     	35 107.032     	14 107.445     	26 107.359     	22 108.190     	21 107.704     	20 108.571     	 3 107.987     	82 109.320     	 2 110.586     	
Lap 66	31 106.408     	47 106.207     	19 106.817     	29 107.933     	98 108.311     	80 106.998     	74 107.339     	11 107.659     	53 107.374     	30 107.112     	41 107.136     	69 106.711     	81 107.609     	35 107.810     	14 107.561     	26 108.069     	22 107.906     	21 107.942     	20 108.350     	 3 108.234     	82 108.967     	 2 110.179     	
Lap 67	31 106.457     	47 106.828     	19 106.342     	29 106.547     	98 106.602     	80 107.535     	74 106.685     	11 107.104     	53 107.130     	30 107.370     	41 107.292     	69 106.728     	81 107.204     	35 107.619     	14 107.930     	26 107.809     	22 107.784     	21 108.491     	20 108.027     	 3 108.522     	82 109.066     	 2 110.352     	
Lap 68	31 106.358     	47 106.280     	19 106.671     	29 106.676     	98 107.110     	80 107.628     	74 107.282     	11 107.549     	53 106.694     	30 107.767     	69 108.181     	41 108.851     	81 107.491     	35 107.777     	14 107.475     	26 107.511     	22 108.483     	21 108.517     	20 108.536     	 3 108.251     	82 109.086     	 2 110.528     	
Lap 69	31 106.628     	47 106.682     	19 106.722     	29 106.685     	98 107.212     	80 107.122     	74 106.916     	53 106.713     	11 107.859     	30 107.924     	69 108.004     	41 109.649     	81 107.950     	35 107.310     	14 107.808     	26 107.311     	22 108.239     	21 108.074     	20 107.952     	 3 108.322     	82 109.000     	 2 110.736     	
Lap 70	31 106.142     	47 106.222     	19 106.913     	29 106.728     	98 106.983     	80 107.879     	74 106.999     	53 108.333     	11 108.871     	30 108.111     	69 107.005     	41 107.649     	81 107.303     	35 107.655     	14 107.686     	26 108.305     	22 107.719     	21 108.650     	20 108.337     	 3 108.407     	82 108.969     	 2 110.260     	
Lap 71	31 106.869     	47 106.995     	19 106.996     	29 106.631     	98 106.494     	80 107.987     	74 106.817     	53 108.506     	11 108.890     	30 108.104     	69 107.169     	41 107.937     	81 107.174     	35 107.497     	14 107.576     	26 108.018     	22 107.744     	21 108.972     	20 108.521     	 3 108.083     	82 109.334     	 2 110.774     	
Lap 72	31 107.020     	47 106.862     	19 106.444     	29 106.631     	98 106.939     	80 107.332     	74 107.418     	53 107.092     	11 107.821     	30 107.991     	69 107.375     	41 107.930     	81 107.442     	35 107.644     	14 108.042     	26 108.272     	22 108.706     	21 108.812     	20 108.153     	 3 108.734     	82 108.450     	 2 110.760     	
Lap 73	31 106.907     	47 106.438     	19 106.566     	29 107.035     	98 107.557     	80 107.645     	74 107.195     	53 107.079     	11 107.570     	30 108.651     	69 109.065     	41 108.212     	81 107.494     	35 108.366     	14 108.312     	26 108.396     	22 108.666     	21 110.154     	20 110.189     	 3 108.436     	82 108.798     	 2 111.088     	
Lap 74	31 106.451     	47 106.835     	19 107.222     	29 107.154     	98 107.390     	80 108.185     	74 107.085     	53 107.952     	11 107.470     	30 107.961     	69 107.508     	41 108.249     	81 107.391     	35 107.885     	14 107.731     	26 108.587     	22 108.233     	21 110.094     	20 109.618     	 3 111.001     	82 109.211     	 2 110.619     	
Lap 75	31 106.914     	47 106.872     	19 106.617     	29 106.862     	98 107.663     	80 108.404     	74 107.586     	53 107.387     	11 107.951     	30 108.671     	69 109.263     	41 107.962     	81 107.895     	35 107.799     	14 107.833     	26 108.429     	22 108.604     	21 110.167     	20 109.870     	 3 108.250     	82 108.936     	 2 111.229     	

-- OFFICIAL RESULTS --
Pos	#No	Driver						Team					Time		Diff		Pits	Best
01	#31	ŠAŊ	xap'ít celentir šaŋév	Team Solea Racing		2:14:35.542	-0.000		3		105.865
02	#47	PAV	ketila léqa pavúteka	Team Solea Racing		2:14:42.738	-7.196		3		105.851
03	#19	ZAI	khélok atep zailunaɰ	Team Solea Racing		2:15:03.545	-28.004		3		106.340
04	#29	ALU	Sago Aludetsei			Dotruga Formula Racing	2:15:17.443	-41.902		3		106.397
05	#98	MOT	Gorga Motxev			Dotruga Formula Racing	2:15:21.483	-45.942		3		106.125
06	#80	AYA	Ifloenne é Aya			Team V.V. Imperial		2:15:38.412	-62.871		3		106.886
07	#74	KON	Bařàsiz Konoca			Team Diigikwk Racers	2:15:39.544	-64.002		3		106.685
08	#53	TÀC	Ešuro Tàcràɰë			Team Diigikwk Racers	2:15:53.894	-78.352		3		106.492
09	#11	KEG	Tuto Keget				Dotruga Formula Racing	2:15:56.255	-80.714		3		106.739
10	#30	WIS	Josh Wise				BONGATAR				2:16:15.532	-99.991		3		107.094
11	#69	SAN	Marisa Sanchez			Cows Go Moo Racing		2:16:17.079	-101.538	3		106.642
12	#41	CAN	Olga Candy				Cows Go Moo Racing		2:16:19.507	-103.965	3		106.763
13	#81	KÆR	Lyǽs Kæræsekæræn		Team V.V. Imperial		2:16:32.555	-117.014	3		106.848
14	#35	AKA	Asaúni Akaleta			Team Vikasani			2:16:42.341	-126.800	3		107.032
15	#14	HÚC	Daseno Húctu			Team Vikasani			2:16:48.772	-133.231	3		107.143
16	#26	ILI	Rikvisi Iliria			Team Vikasani			2:16:53.977	-138.435	3		107.298
17	#22	PHI	Philipe					Team Vincent			2:17:05.217	-149.675	3		107.490
18	#21	ORS	Orson					Team Vincent			2:17:27.064	-171.523	3		107.595
19	#20	MAC	Mac						Team Vincent			2:17:27.174	-171.632	3		107.806
20	# 3	BOB	Bob						BONGATAR				2:17:27.402	-171.861	3		107.581
21	#82	SAN	Nukki Savra Sanda		Team V.V. Imperial		2:17:42.407	-186.866	3		108.294
22	# 2	HID	Body Hide				BONGATAR				2:19:32.453	-296.912	3		109.837
23	#94	NES	At'ipi Nesbeksë			Team Diigikwk Racers	RETIRED		DNF			2		106.485
24	#42	OOS	Frank Oosterhout		Cows Go Moo Racing		RETIRED		DNF			2		105.898

-- RACE INCIDENT REPORT --
Philipe made a mistake on lap 13.
Gorga Motxev made a mistake while attempting an overtake on lap 16.
khélok atep zailunaɰ made a mistake while attempting an overtake on lap 23.
Marisa Sanchez made a mistake while attempting an overtake on lap 33.
At'ipi Nesbeksë crashed out while attempting an overtake on lap 42.
Lyǽs Kæræsekæræn made a mistake while attempting an overtake on lap 42.
Frank Oosterhout made a mistake on lap 54.
Frank Oosterhout crashed out while attempting an overtake on lap 55.
Orson made a mistake while attempting an overtake on lap 59.
Asaúni Akaleta made a mistake on lap 62.
Olga Candy made a mistake while attempting an overtake on lap 69.
