-- LAP TIMES --
Lap 1	42 104.666     	98 104.669     	31 105.120     	19 105.069     	80 104.794     	47 105.031     	30 105.142     	29 105.070     	94 105.238     	81 105.519     	69 105.286     	53 105.459     	11 105.560     	41 105.906     	22 105.833     	20 105.682     	14 106.022     	21 105.881     	35 106.035     	74 106.241     	 3 106.273     	82 106.657     	26 106.755     	 2 107.227     	
Lap 2	31 104.335     	42 105.033     	98 104.956     	19 104.705     	47 105.115     	29 105.096     	80 105.277     	81 104.872     	30 105.399     	69 105.606     	94 105.868     	41 105.411     	11 105.603     	53 106.144     	14 105.524     	22 106.252     	35 105.861     	20 106.383     	74 106.215     	 3 106.137     	21 106.451     	82 106.365     	26 107.119     	 2 107.325     	
Lap 3	42 104.413     	98 104.619     	31 104.930     	19 105.360     	29 105.027     	47 105.345     	81 105.107     	80 105.438     	30 105.514     	69 105.147     	94 105.205     	41 105.468     	11 105.536     	14 105.494     	53 105.777     	35 105.582     	22 106.335     	 3 105.874     	20 106.170     	74 106.003     	21 106.602     	82 107.005     	26 106.849     	 2 106.852     	
Lap 4	31 104.441     	42 105.078     	98 105.051     	29 105.066     	19 105.416     	81 105.265     	47 105.414     	80 105.384     	30 105.877     	11 105.049     	69 105.973     	41 105.554     	94 106.078     	35 105.391     	14 105.994     	53 106.053     	74 105.914     	20 106.229     	22 106.384     	 3 106.341     	21 105.746     	82 106.717     	26 107.039     	 2 107.222     	
Lap 5	42 104.943     	31 105.340     	98 105.070     	29 105.049     	47 104.975     	19 105.535     	81 105.224     	80 105.653     	30 105.762     	11 105.693     	69 105.916     	41 106.005     	94 106.197     	35 105.517     	14 106.425     	21 104.704     	22 105.584     	74 105.930     	53 107.436     	20 106.298     	 3 106.378     	82 106.272     	26 107.039     	 2 107.610     	
Lap 6	42 104.839     	31 105.244     	98 105.621     	47 104.660     	19 104.767     	29 105.802     	81 105.403     	80 105.029     	30 105.675     	11 105.870     	41 105.315     	69 105.993     	94 105.583     	35 106.430     	14 105.690     	21 106.190     	22 105.767     	74 105.923     	53 106.025     	20 105.974     	 3 106.847     	82 105.477     	26 105.370     	 2 107.116     	
Lap 7	42 104.873     	31 104.674     	47 104.742     	98 105.423     	19 105.553     	80 104.534     	29 105.694     	81 105.968     	30 105.592     	11 105.498     	41 105.675     	69 105.396     	94 105.882     	14 105.672     	35 106.401     	74 106.005     	22 106.272     	53 105.998     	21 106.934     	20 105.882     	 3 106.028     	82 107.258     	26 106.237     	 2 107.197     	
Lap 8	42 104.848     	31 105.640     	98 104.960     	47 105.378     	80 105.481     	19 105.771     	29 105.665     	81 105.594     	30 105.920     	11 105.730     	69 105.476     	41 105.916     	94 105.598     	14 105.949     	35 106.236     	74 106.039     	53 105.659     	22 106.543     	21 106.453     	20 106.541     	 3 105.814     	82 106.824     	26 107.111     	 2 107.270     	
Lap 9	42 104.068     	31 105.068     	47 105.069     	98 105.853     	19 104.923     	80 105.490     	29 105.665     	81 105.610     	30 105.986     	41 105.472     	69 105.755     	11 105.967     	94 105.662     	35 105.700     	14 106.554     	53 106.002     	74 106.724     	22 106.610     	20 106.907     	21 107.165     	 3 107.143     	82 106.215     	26 105.621     	 2 107.143     	
Lap 10	42 103.774     	31 103.809     	47 105.044     	98 105.885     	19 105.103     	80 105.797     	29 105.301     	81 106.269     	30 105.479     	11 105.504     	69 105.637     	41 106.246     	94 105.790     	35 106.069     	14 106.494     	53 106.681     	22 106.033     	74 106.702     	20 106.164     	21 106.478     	 3 107.033     	82 106.672     	26 106.337     	 2 107.341     	
Lap 11	42 104.010     	31 104.424     	47 103.950     	19 105.091     	98 105.856     	29 105.342     	80 106.196     	81 104.977     	30 105.416     	11 105.766     	41 105.574     	69 106.408     	94 106.392     	35 106.104     	14 107.229     	53 106.275     	22 106.141     	74 106.358     	20 106.675     	 3 105.602     	21 107.106     	26 105.787     	82 107.106     	 2 107.703     	
Lap 12	42 104.092     	31 103.863     	47 104.178     	19 105.292     	98 106.157     	80 105.458     	29 105.996     	81 106.426     	30 106.173     	11 105.974     	41 105.703     	69 105.934     	94 106.219     	35 105.782     	14 106.061     	53 106.142     	22 106.157     	74 105.869     	20 106.298     	 3 106.766     	21 107.201     	26 106.266     	82 106.381     	 2 108.114     	
Lap 13	42 104.532     	31 103.935     	47 104.720     	19 104.463     	98 106.081     	80 105.483     	29 105.461     	81 105.231     	11 105.650     	30 106.310     	69 105.735     	41 106.605     	94 105.398     	35 105.321     	53 106.380     	14 106.631     	74 105.997     	22 106.259     	20 107.065     	 3 106.894     	21 107.367     	26 107.129     	82 106.390     	 2 107.761     	
Lap 14	42 104.926     	31 104.651     	47 105.035     	19 104.607     	29 105.567     	80 105.951     	81 104.641     	98 106.181     	11 105.893     	30 105.965     	69 106.662     	41 106.349     	94 106.224     	35 105.638     	74 106.328     	53 106.696     	14 106.872     	22 106.898     	20 106.389     	 3 107.277     	21 107.239     	26 107.628     	82 108.812     	 2 107.811     	
Lap 15	42 104.197     	31 104.933     	47 104.327     	19 104.382     	29 105.946     	80 106.203     	81 106.180     	98 106.346     	11 106.038     	30 106.073     	94 105.517     	69 105.940     	41 106.099     	35 105.837     	74 106.341     	53 106.442     	14 106.525     	22 106.277     	20 106.007     	 3 105.682     	21 107.056     	26 108.237     	82 106.960     	 2 108.387     	
Lap 16	42 104.925     	31 104.874     	47 105.188     	19 104.604     	29 105.877     	80 105.866     	98 105.870     	81 106.268     	11 106.678     	30 106.348     	94 106.179     	41 106.033     	69 106.482     	35 105.214     	53 106.791     	22 106.585     	14 106.631     	74 107.335     	20 106.135     	 3 105.510     	21 106.353     	26 107.290     	82 108.805     	 2 108.310     	
Lap 17	42 104.691     	31 104.310     	47 105.164     	19 105.189     	29 105.748     	98 105.613     	80 106.666     	81 106.319     	30 106.727     	11 106.853     	41 106.583     	69 106.572     	94 107.000     	35 107.465     	74 106.095     	53 106.436     	22 106.963     	20 106.710     	 3 107.842     	14 109.689     	21 106.389     	26 106.282     	82 106.706     	 2 108.029     	
Lap 18	42 104.744     	31 105.037     	47 105.331     	19 105.525     	29 105.865     	98 105.736     	80 106.327     	81 106.536     	30 106.208     	11 106.961     	94 106.794     	69 106.811     	41 107.109     	35 107.796     	53 106.814     	74 107.190     	22 107.343     	20 107.287     	14 105.956     	 3 107.418     	21 106.143     	26 106.876     	82 107.025     	 2 108.418     	
Lap 19	42 105.195     	31 104.695     	47 105.053     	19 105.704     	29 106.311     	98 107.402     	80 106.822     	81 106.845     	30 106.327     	11 106.688     	69 106.335     	41 106.765     	94 106.991     	35 106.458     	53 106.772     	74 107.364     	22 107.217     	20 107.827     	14 107.764     	21 106.115     	 3 107.007     	26 107.346     	82 106.673     	 2 108.781     	
Lap 20	42 105.285     	31 105.487     	47 105.030     	19 105.229     	29 107.794     	98 106.385     	81 106.363     	80 107.039     	30 106.101     	11 107.012     	41 106.486     	94 106.399     	69 107.088     	35 106.589     	53 107.198     	74 107.164     	22 106.891     	20 107.140     	14 107.797     	21 107.562     	 3 107.871     	26 107.418     	82 107.484     	 2 108.462     	
Lap 21	42 104.929     	31 122.545 PIT	29 107.056     	80 105.810     	47 122.729 PIT	30 105.420     	19 122.688 PIT	35 106.160     	69 108.180     	53 107.249     	98 124.065 PIT	81 123.815 PIT	 3 108.734     	26 107.459     	11 124.566 PIT	41 124.694 PIT	94 125.153 PIT	82 107.660     	22 123.943 PIT	74 125.041 PIT	20 123.078 PIT	14 124.734 PIT	21 124.753 PIT	 2 125.093 PIT	
Lap 22	42 105.136     	31 103.651     	47 104.528     	29 106.643     	19 104.031     	69 106.923     	35 107.691     	53 106.908     	98 105.147     	81 105.610     	80 124.533 PIT	30 123.835 PIT	11 105.711     	41 105.515     	94 105.847     	26 108.435     	22 106.438     	74 106.624     	20 106.895     	14 106.597     	21 106.340     	 3 124.074 PIT	82 126.490 PIT	 2 107.455     	
Lap 23	42 105.938     	31 103.600     	47 103.931     	19 104.106     	98 104.416     	53 106.921     	81 104.552     	80 104.103     	29 123.346 PIT	30 104.348     	11 104.903     	41 105.147     	94 105.635     	69 124.775 PIT	35 125.758 PIT	22 106.043     	74 105.709     	20 106.668     	14 105.482     	21 105.715     	 3 105.022     	26 125.345 PIT	82 106.256     	 2 107.096     	
Lap 24	31 103.490     	42 122.947 PIT	47 103.693     	19 103.791     	98 103.988     	81 105.323     	80 105.450     	29 105.235     	30 104.494     	11 105.605     	41 105.200     	94 104.887     	69 104.251     	35 105.584     	74 105.027     	22 105.984     	20 104.754     	14 105.455     	53 125.622 PIT	21 105.558     	 3 105.487     	26 105.797     	82 106.033     	 2 106.920     	
Lap 25	31 103.890     	42 103.633     	47 103.710     	19 104.117     	98 103.766     	81 105.355     	80 105.716     	30 104.665     	29 105.512     	11 105.246     	41 105.287     	94 104.941     	69 104.763     	35 105.001     	74 105.930     	22 106.133     	20 105.770     	14 106.314     	21 106.079     	53 106.313     	 3 105.069     	26 105.716     	82 105.278     	 2 107.172     	
Lap 26	31 103.379     	42 104.058     	47 103.582     	19 104.002     	98 104.585     	81 104.574     	80 105.127     	30 105.889     	29 105.528     	11 105.566     	41 105.552     	94 105.325     	69 104.634     	35 105.102     	74 106.310     	22 105.903     	20 106.620     	14 106.040     	53 106.279     	21 106.603     	 3 106.960     	26 106.405     	82 107.890     	 2 107.159     	
Lap 27	31 103.639     	42 103.552     	47 103.520     	19 104.338     	98 104.196     	81 104.356     	80 105.728     	29 105.376     	30 105.701     	41 105.422     	94 105.022     	11 105.823     	69 104.757     	35 104.419     	74 105.979     	22 106.254     	20 105.345     	14 105.976     	53 105.647     	21 106.081     	 3 107.288     	26 105.732     	82 106.221     	 2 107.035     	
Lap 28	31 104.105     	42 103.849     	47 104.494     	19 104.632     	98 104.561     	81 104.623     	80 105.575     	30 104.828     	29 105.203     	94 105.576     	69 104.469     	11 105.940     	41 106.156     	35 104.871     	74 106.585     	20 105.948     	22 106.362     	53 105.848     	14 106.511     	21 106.480     	 3 105.092     	26 105.970     	82 105.996     	 2 107.814     	
Lap 29	31 104.365     	42 103.628     	47 103.990     	19 104.299     	98 104.564     	81 104.127     	30 105.175     	29 105.019     	80 105.862     	41 105.470     	69 105.771     	11 105.860     	94 106.346     	35 105.165     	20 106.042     	74 106.430     	22 106.653     	53 106.171     	14 106.332     	21 106.222     	 3 107.455     	26 105.746     	82 105.440     	 2 107.206     	
Lap 30	31 104.428     	42 103.685     	47 104.524     	19 104.378     	98 103.948     	81 104.707     	29 105.596     	80 105.348     	30 105.998     	41 105.649     	94 105.546     	69 106.035     	11 105.996     	35 104.624     	20 106.019     	22 105.895     	74 108.148     	53 106.502     	14 106.044     	21 106.387     	 3 105.092     	26 106.181     	82 105.689     	 2 107.176     	
Lap 31	31 103.924     	42 104.003     	47 103.939     	19 104.705     	98 103.948     	81 105.207     	29 105.476     	30 105.167     	80 105.174     	69 105.441     	41 106.059     	94 106.257     	35 105.029     	11 106.342     	20 106.185     	22 106.710     	74 106.423     	53 106.384     	14 106.847     	21 106.665     	 3 106.653     	26 106.320     	82 106.098     	 2 107.560     	
Lap 32	31 103.844     	42 104.068     	47 104.750     	19 104.778     	98 104.393     	81 104.420     	29 105.059     	30 105.339     	80 106.157     	69 105.339     	41 105.808     	94 106.475     	35 106.152     	11 106.427     	20 105.271     	22 104.988     	53 105.666     	74 106.837     	14 106.580     	21 106.550     	 3 106.843     	26 106.253     	82 106.054     	 2 107.661     	
Lap 33	31 104.659     	42 103.762     	47 104.766     	19 104.917     	98 104.083     	81 104.733     	29 105.730     	30 105.418     	80 106.151     	69 105.574     	41 106.506     	94 105.904     	35 106.619     	11 106.762     	20 107.031     	22 106.310     	74 105.567     	53 106.486     	14 106.340     	21 107.021     	 3 107.021     	26 105.958     	82 106.186     	 2 107.984     	
Lap 34	31 104.192     	42 103.923     	47 104.261     	19 105.077     	98 104.870     	81 104.742     	29 105.552     	30 105.769     	80 105.268     	69 104.785     	41 106.541     	94 106.603     	35 106.605     	11 106.490     	20 106.917     	22 107.169     	74 106.507     	14 105.494     	53 107.249     	21 106.768     	 3 107.327     	26 106.027     	82 105.852     	 2 108.180     	
Lap 35	31 104.343     	42 104.196     	47 104.095     	19 105.195     	98 104.324     	81 105.159     	29 105.287     	30 105.732     	80 104.897     	69 105.305     	41 106.412     	94 106.746     	35 106.289     	11 106.380     	20 106.764     	22 107.039     	74 106.536     	14 106.467     	53 107.073     	21 106.167     	 3 105.759     	26 106.257     	82 106.151     	 2 108.207     	
Lap 36	31 104.415     	42 104.539     	47 104.183     	19 104.998     	98 104.879     	81 105.311     	29 105.486     	30 106.081     	80 106.448     	69 105.471     	41 106.762     	94 106.403     	11 106.245     	35 106.826     	20 107.320     	22 107.312     	74 106.378     	53 105.040     	14 107.016     	21 107.310     	 3 107.434     	26 106.264     	82 106.483     	 2 108.435     	
Lap 37	31 104.416     	42 104.382     	47 104.329     	19 105.072     	98 105.294     	81 105.374     	29 104.710     	80 105.774     	30 106.468     	69 105.243     	41 106.289     	94 106.770     	11 106.346     	35 108.072     	20 107.403     	53 106.135     	22 107.264     	74 107.261     	14 107.610     	21 106.130     	 3 105.542     	26 106.237     	82 106.984     	 2 107.780     	
Lap 38	31 104.419     	42 104.769     	47 104.632     	19 104.801     	98 105.033     	81 105.215     	29 104.547     	30 106.154     	80 106.407     	69 104.920     	41 105.825     	11 106.451     	94 107.031     	35 105.444     	53 106.329     	22 106.578     	20 107.503     	74 106.572     	14 106.193     	21 107.451     	 3 107.511     	26 106.523     	82 106.232     	 2 108.425     	
Lap 39	31 104.589     	42 104.533     	47 104.813     	19 105.049     	98 105.064     	81 105.504     	29 104.676     	80 105.867     	30 106.329     	69 105.459     	41 105.934     	11 106.833     	94 106.842     	35 107.827     	53 106.358     	22 107.409     	74 107.184     	20 107.341     	14 105.928     	21 107.801     	 3 107.614     	26 106.167     	82 106.965     	 2 108.806     	
Lap 40	31 105.134     	42 104.630     	47 105.272     	19 104.801     	98 105.162     	81 106.045     	29 104.723     	30 105.497     	80 106.428     	69 104.948     	41 105.415     	94 106.502     	11 106.990     	35 105.984     	53 105.874     	22 107.021     	20 107.091     	74 107.585     	14 107.827     	21 107.117     	26 106.620     	 3 108.026     	82 106.520     	 2 108.127     	
Lap 41	31 104.699     	42 104.492     	47 105.289     	19 104.989     	98 105.624     	81 105.892     	29 105.185     	30 106.666     	80 106.860     	69 106.619     	41 105.972     	94 106.864     	11 107.174     	35 108.350     	53 105.941     	22 106.885     	74 106.846     	20 107.688     	14 108.228     	21 107.362     	26 107.503     	 3 108.170     	82 107.101     	 2 108.223     	
Lap 42	42 104.856     	19 105.295     	31 122.404 PIT	47 122.647 PIT	81 105.801     	29 105.527     	98 122.974 PIT	80 106.254     	30 107.223     	69 106.536     	11 107.565     	35 106.345     	41 123.390 PIT	53 106.318     	22 107.356     	94 124.582 PIT	14 106.735     	21 107.334     	26 107.500     	 3 107.754     	82 107.271     	74 124.463 PIT	20 124.870 PIT	 2 108.270     	
Lap 43	42 105.189     	31 105.737     	47 104.133     	19 123.676 PIT	81 106.508     	29 105.820     	98 104.790     	69 107.228     	80 123.068 PIT	35 107.855     	30 124.390 PIT	41 105.540     	53 108.662     	94 105.994     	11 124.898 PIT	14 108.227     	21 106.542     	26 106.552     	 3 106.276     	82 106.893     	74 105.968     	22 124.277 PIT	20 106.609     	 2 108.909     	
Lap 44	42 104.633     	31 103.691     	47 103.730     	19 104.767     	81 106.622     	98 103.453     	69 106.284     	29 122.883 PIT	80 105.401     	30 104.978     	41 104.096     	53 105.976     	94 104.224     	11 105.765     	35 124.860 PIT	14 108.470     	82 107.589     	74 105.631     	22 106.134     	20 105.939     	21 124.902 PIT	26 125.918 PIT	 3 125.246 PIT	 2 126.363 PIT	
Lap 45	42 104.853     	31 103.952     	47 103.545     	19 103.799     	81 106.249     	98 104.482     	69 106.050     	29 104.506     	80 104.125     	30 103.881     	41 104.671     	94 104.638     	53 106.425     	11 104.784     	35 106.577     	82 107.479     	74 105.159     	22 106.316     	20 106.234     	21 105.596     	14 125.169 PIT	26 106.986     	 3 107.430     	 2 107.246     	
Lap 46	31 103.644     	42 122.861 PIT	47 104.141     	19 104.374     	98 105.285     	29 104.226     	81 124.420 PIT	80 105.145     	30 104.998     	69 123.279 PIT	41 104.499     	94 105.564     	11 104.076     	53 109.017     	35 104.223     	74 104.778     	22 106.017     	20 106.250     	21 105.057     	14 105.007     	26 106.262     	 3 106.678     	82 124.898 PIT	 2 107.096     	
Lap 47	31 104.332     	42 103.936     	47 104.204     	19 103.824     	98 104.476     	29 103.995     	81 104.774     	80 105.032     	30 104.733     	69 105.486     	41 105.365     	94 104.895     	11 103.959     	35 104.612     	74 105.029     	22 105.513     	53 124.084 PIT	20 106.434     	21 104.856     	14 104.522     	26 105.707     	 3 104.947     	82 105.560     	 2 106.773     	
Lap 48	31 103.973     	42 103.572     	47 103.658     	19 104.031     	98 104.137     	29 103.999     	81 104.777     	30 104.924     	80 107.193     	69 105.515     	41 105.894     	94 104.498     	11 104.499     	35 104.400     	74 104.822     	22 105.501     	53 106.322     	20 106.276     	21 106.879     	14 106.957     	 3 106.669     	26 107.161     	82 105.515     	 2 107.230     	
Lap 49	31 103.735     	42 103.978     	47 103.915     	19 104.424     	98 104.635     	29 103.893     	81 104.838     	30 104.138     	80 104.746     	69 105.903     	41 105.454     	94 105.028     	11 104.977     	35 105.218     	74 104.962     	22 105.454     	53 105.653     	20 106.421     	21 105.345     	14 104.969     	26 105.629     	 3 105.933     	82 105.325     	 2 107.296     	
Lap 50	31 104.087     	42 104.259     	47 104.287     	19 104.530     	98 104.440     	29 103.906     	81 104.107     	30 105.005     	80 104.029     	69 105.219     	41 106.167     	94 105.328     	11 104.363     	35 105.264     	74 104.937     	22 105.485     	53 104.317     	20 105.684     	21 106.204     	14 107.123     	 3 106.827     	26 107.070     	82 105.785     	 2 107.736     	
Lap 51	31 103.639     	42 103.874     	47 104.213     	19 103.927     	98 104.570     	29 104.276     	81 104.489     	30 104.585     	80 104.132     	69 104.329     	41 104.933     	11 105.727     	94 106.468     	35 104.617     	74 104.887     	22 104.832     	53 105.306     	20 105.739     	21 105.122     	14 104.609     	 3 106.003     	26 106.482     	82 107.890     	 2 107.820     	
Lap 52	31 104.392     	42 103.916     	47 104.472     	19 104.588     	98 104.365     	29 104.761     	81 104.303     	30 104.820     	80 104.086     	69 104.433     	41 104.652     	11 105.720     	94 105.755     	35 105.491     	74 105.196     	22 105.236     	53 105.222     	20 105.455     	21 105.177     	14 105.561     	 3 105.929     	26 105.627     	82 105.794     	 2 107.303     	
Lap 53	31 104.305     	42 104.144     	47 104.344     	19 104.546     	98 104.244     	29 104.603     	81 104.407     	30 105.629     	80 105.689     	69 104.782     	41 104.712     	94 105.796     	11 106.303     	35 104.959     	74 105.125     	22 105.455     	53 105.046     	20 105.046     	21 105.937     	14 104.986     	 3 106.460     	26 106.343     	82 106.166     	 2 107.120     	
Lap 54	31 104.684     	42 103.545     	47 103.937     	19 104.205     	98 104.512     	29 104.340     	81 104.594     	30 106.200     	80 105.937     	69 104.718     	41 105.091     	94 106.482     	11 106.529     	35 104.937     	74 105.185     	22 105.480     	53 104.816     	20 105.148     	21 107.133     	14 107.079     	26 106.110     	 3 106.673     	82 106.246     	 2 107.868     	
Lap 55	31 104.773     	42 104.508     	47 104.790     	19 104.535     	98 104.717     	29 104.927     	81 104.458     	30 105.405     	80 105.426     	69 104.935     	41 105.175     	94 106.341     	11 106.638     	35 105.030     	74 105.922     	22 106.579     	53 106.854     	20 105.562     	21 106.511     	14 107.365     	26 107.182     	82 106.108     	 3 107.657     	 2 107.730     	
Lap 56	31 104.471     	42 104.497     	47 104.107     	19 104.798     	98 105.046     	29 104.695     	81 104.641     	80 105.504     	30 105.885     	69 104.481     	41 105.318     	94 105.927     	11 106.380     	35 107.926     	74 107.061     	22 106.733     	53 106.807     	20 105.500     	21 106.179     	14 105.218     	26 107.230     	 3 106.353     	82 107.200     	 2 107.787     	
Lap 57	31 104.603     	42 104.300     	47 104.496     	19 104.216     	98 104.531     	29 104.930     	81 105.234     	30 105.284     	80 106.007     	69 105.379     	41 105.747     	94 105.802     	11 105.529     	35 104.971     	74 105.989     	22 106.250     	53 106.173     	20 106.756     	21 106.498     	14 107.196     	 3 106.766     	26 107.450     	82 107.705     	 2 107.431     	
Lap 58	31 104.723     	42 104.559     	47 104.693     	19 104.991     	98 104.830     	29 105.237     	81 105.307     	30 106.526     	80 106.191     	69 105.413     	41 105.686     	94 107.088     	11 106.289     	35 105.488     	74 106.230     	22 107.255     	53 107.472     	20 106.095     	21 105.565     	14 105.700     	 3 107.332     	26 107.090     	82 108.724     	 2 107.464     	
Lap 59	31 104.263     	42 104.116     	47 105.119     	19 104.529     	98 105.428     	29 105.052     	81 105.195     	80 105.813     	30 106.103     	69 105.264     	41 105.205     	11 106.567     	94 106.910     	35 107.468     	74 105.474     	22 106.208     	53 106.676     	20 107.297     	21 105.652     	14 105.775     	 3 106.437     	26 106.874     	82 105.895     	 2 108.313     	
Lap 60	31 104.776     	42 104.234     	47 105.345     	19 105.042     	98 105.421     	29 105.443     	81 105.019     	80 105.999     	30 106.216     	69 105.527     	41 105.844     	94 105.882     	11 106.174     	35 105.964     	74 105.723     	22 105.515     	53 106.454     	20 107.100     	14 105.245     	21 106.668     	 3 107.111     	26 106.702     	82 106.109     	 2 108.445     	
Lap 61	31 105.696     	42 105.383     	47 105.184     	19 104.663     	98 105.046     	29 105.498     	81 104.813     	30 105.499     	80 106.033     	69 105.682     	41 105.343     	11 106.558     	35 105.487     	94 107.253     	74 105.780     	22 106.264     	53 106.023     	20 106.311     	21 106.467     	14 107.076     	 3 107.478     	26 107.937     	82 108.533     	 2 108.504     	
Lap 62	42 105.567     	31 106.274     	47 104.785     	19 105.242     	98 105.336     	29 104.926     	81 105.188     	30 106.281     	69 105.661     	80 106.923     	41 106.272     	11 107.040     	35 106.869     	94 106.853     	74 106.441     	22 106.092     	53 105.440     	20 105.987     	14 107.208     	21 107.743     	 3 107.241     	26 106.824     	82 106.842     	 2 108.135     	
Lap 63	42 105.495     	31 106.640     	19 105.520     	47 122.569 PIT	98 105.675     	29 105.866     	81 104.900     	30 106.431     	80 105.917     	69 106.753     	41 105.850     	11 106.923     	35 107.394     	74 106.552     	94 123.982 PIT	22 106.627     	53 105.470     	20 106.901     	14 106.937     	21 107.121     	26 106.434     	 3 107.021     	82 106.584     	 2 108.202     	
Lap 64	42 104.541     	31 105.427     	19 105.048     	47 104.376     	98 105.461     	29 105.414     	81 105.351     	30 106.847     	69 106.284     	41 105.944     	80 124.101 PIT	35 108.389     	74 106.581     	94 104.789     	11 123.806 PIT	22 107.095     	53 107.825     	20 106.897     	14 106.826     	21 107.597     	26 107.835     	 3 107.754     	82 106.787     	 2 108.204     	
Lap 65	42 104.934     	31 105.548     	19 105.619     	47 103.778     	98 105.849     	81 105.311     	29 122.520 PIT	30 106.760     	69 106.804     	41 106.633     	80 104.680     	74 107.296     	94 104.440     	11 104.498     	22 106.764     	35 123.872 PIT	53 106.144     	20 107.197     	14 106.572     	21 123.892 PIT	 3 124.044 PIT	26 125.232 PIT	82 108.146     	
Lap 66	42 104.688     	47 103.668     	31 122.532 PIT	19 123.173 PIT	81 105.227     	98 122.798 PIT	29 104.009     	69 107.108     	80 104.526     	30 124.709 PIT	41 123.233 PIT	94 104.257     	11 104.099     	35 106.062     	53 108.248     	74 123.923 PIT	14 106.901     	22 124.878 PIT	20 124.321 PIT	21 106.006     	 3 105.883     	26 106.253     	 2 108.856     	
Lap 67	42 105.421     	47 105.273     	31 104.965     	19 104.589     	98 104.973     	81 106.607     	29 104.579     	69 105.485     	80 104.126     	30 104.266     	41 104.747     	94 104.865     	11 104.210     	35 105.057     	53 106.664     	74 106.284     	14 108.722     	22 105.679     	20 105.774     	21 105.292     	 3 104.942     	26 105.155     	 2 126.323 PIT	
Lap 68	42 123.398 PIT	31 104.398     	47 105.401     	19 103.905     	98 103.680     	29 103.921     	81 123.229 PIT	80 104.683     	30 104.342     	69 123.545 PIT	41 104.919     	94 106.069     	11 106.274     	35 104.926     	53 106.678     	74 104.441     	14 106.508     	22 105.130     	20 105.030     	21 105.726     	 3 104.617     	26 105.651     	 2 107.149     	
Lap 69	42 104.252     	31 105.024     	47 104.828     	19 104.250     	98 103.979     	29 104.651     	81 104.660     	80 104.340     	30 103.815     	41 105.296     	69 105.804     	94 105.742     	11 106.215     	35 104.768     	53 106.849     	74 105.386     	22 105.227     	20 104.806     	21 105.466     	14 123.405 PIT	 3 105.152     	26 105.982     	 2 106.928     	
Lap 70	42 103.197     	47 104.373     	31 104.942     	19 104.133     	98 103.684     	29 104.457     	81 104.123     	80 103.969     	30 104.713     	69 104.984     	41 105.994     	94 104.502     	11 104.283     	35 104.391     	53 107.169     	74 105.227     	22 105.284     	20 105.053     	21 105.334     	14 105.519     	 3 104.835     	26 105.987     	 2 106.656     	

-- OFFICIAL RESULTS --
Pos	#No	Driver						Team					Time		Diff		Pits	Best
01	#42	OOS	Frank Oosterhout		Cows Go Moo Racing		2:2:48.490	-0.000		3		103.197
02	#47	PAV	ketila léqa pavúteka	Team Solea Racing		2:2:51.992	-3.502		3		103.520
03	#31	ŠAŊ	xap'ít celentir šaŋév	Team Solea Racing		2:2:52.163	-3.673		3		103.379
04	#19	ZAI	khélok atep zailunaɰ	Team Solea Racing		2:3:07.394	-18.904		3		103.791
05	#98	MOT	Gorga Motxev			Dotruga Formula Racing	2:3:22.565	-34.074		3		103.453
06	#29	ALU	Sago Aludetsei			Dotruga Formula Racing	2:3:37.448	-48.957		3		103.893
07	#81	KÆR	Lyǽs Kæræsekæræn		Team V.V. Imperial		2:3:44.710	-56.220		3		104.107
08	#80	AYA	Ifloenne é Aya			Team V.V. Imperial		2:4:03.045	-74.555		3		103.969
09	#30	WIS	Josh Wise				BONGATAR				2:4:07.750	-79.260		3		103.815
10	#69	SAN	Marisa Sanchez			Cows Go Moo Racing		2:4:13.286	-84.795		3		104.251
11	#41	CAN	Olga Candy				Cows Go Moo Racing		2:4:13.960	-85.469		3		104.096
12	#94	NES	At'ipi Nesbeksë			Team Diigikwk Racers	2:4:27.347	-98.856		3		104.224
13	#11	KEG	Tuto Keget				Dotruga Formula Racing	2:4:28.526	-100.036	3		103.959
14	#35	AKA	Asaúni Akaleta			Team Vikasani			2:4:33.316	-104.825	3		104.223
15	#53	TÀC	Ešuro Tàcràɰë			Team Diigikwk Racers	2:4:43.783	-115.292	2		104.317
16	#74	KON	Bařàsiz Konoca			Team Diigikwk Racers	2:4:44.370	-115.879	3		104.441
17	#22	PHI	Philipe					Team Vincent			2:4:53.874	-125.383	3		104.832
18	#20	MAC	Mac						Team Vincent			2:4:57.006	-128.516	3		104.754
19	#21	ORS	Orson					Team Vincent			2:5:02.496	-134.006	3		104.704
20	#14	HÚC	Daseno Húctu			Team Vikasani			2:5:07.377	-138.886	3		104.522
21	# 3	BOB	Bob						BONGATAR				2:5:14.162	-145.672	3		104.617
22	#26	ILI	Rikvisi Iliria			Team Vikasani			2:5:18.916	-150.426	3		105.155
23	# 2	HID	Body Hide				BONGATAR				2:6:37.060	-228.570	3		106.656
24	#82	SAN	Nukki Savra Sanda		Team V.V. Imperial		RETIRED		DNF			2		105.278

-- RACE INCIDENT REPORT --
Rikvisi Iliria made a mistake while attempting an overtake on lap 8.
At'ipi Nesbeksë made a mistake while attempting an overtake on lap 11.
Orson made a mistake while attempting an overtake on lap 12.
Daseno Húctu made a mistake while attempting an overtake on lap 17.
Sago Aludetsei made a mistake on lap 20.
Marisa Sanchez made a mistake while attempting an overtake on lap 21.
Bařàsiz Konoca made a mistake while attempting an overtake on lap 30.
Ifloenne é Aya made a mistake while attempting an overtake on lap 48.
Bařàsiz Konoca made a mistake on lap 56.
Nukki Savra Sanda crashed out while attempting an overtake on lap 65.
