-- LAP TIMES --
Lap 1	47 77.363     	31 77.333     	98 77.650     	29 77.494     	19 77.777     	42 78.233     	81 78.085     	11 78.229     	30 78.090     	53 78.210     	94 78.311     	74 78.363     	41 78.312     	80 78.636     	35 78.558     	26 78.853     	22 78.661     	14 79.006     	20 79.053     	 3 78.716     	69 79.119     	21 79.089     	82 79.681     	 2 79.641     	
Lap 2	31 77.297     	47 77.386     	29 77.559     	98 77.858     	19 77.762     	42 77.644     	11 77.768     	53 77.849     	74 77.996     	81 78.688     	94 78.497     	30 78.942     	80 78.329     	41 78.467     	14 78.480     	26 78.722     	35 78.875     	69 78.421     	22 78.884     	20 79.191     	 3 79.347     	21 79.196     	82 79.162     	 2 80.129     	
Lap 3	47 77.374     	31 77.942     	98 77.760     	19 77.480     	29 78.111     	42 78.098     	11 78.251     	53 78.134     	74 78.553     	80 77.962     	94 78.401     	81 78.883     	30 78.787     	41 78.755     	35 78.489     	26 78.697     	14 79.243     	22 78.918     	69 79.166     	20 78.779     	21 78.932     	 3 79.169     	82 80.468     	 2 79.504     	
Lap 4	47 77.887     	31 77.774     	19 77.438     	98 77.556     	29 78.375     	42 78.203     	53 77.891     	11 78.250     	74 77.767     	80 78.162     	94 78.331     	81 78.149     	30 78.237     	41 79.143     	26 78.626     	35 78.904     	14 78.413     	22 78.838     	69 78.843     	20 79.085     	21 79.172     	 3 79.557     	82 79.370     	 2 79.708     	
Lap 5	31 77.281     	47 77.953     	19 78.112     	98 78.355     	29 77.560     	42 78.165     	53 78.214     	11 78.507     	74 78.448     	94 77.682     	81 78.250     	80 78.723     	30 78.421     	35 78.703     	69 78.332     	14 78.964     	41 79.295     	26 79.370     	22 79.157     	20 79.431     	21 78.878     	 3 79.317     	82 79.098     	 2 80.287     	
Lap 6	31 77.476     	47 77.724     	19 77.652     	98 77.606     	29 77.819     	42 78.400     	53 78.147     	11 77.950     	74 78.397     	94 78.513     	81 78.166     	30 77.622     	80 78.351     	35 78.322     	69 78.577     	14 78.811     	41 78.773     	26 78.631     	22 79.053     	20 79.136     	21 79.287     	 3 79.477     	82 79.068     	 2 79.507     	
Lap 7	47 77.336     	31 78.013     	19 77.566     	98 78.193     	29 78.283     	53 77.819     	42 78.233     	11 78.512     	74 78.043     	94 78.092     	80 78.001     	30 78.305     	81 78.642     	35 78.832     	69 78.522     	26 78.638     	14 79.244     	41 79.243     	22 79.649     	20 78.915     	21 78.998     	 3 78.471     	82 78.367     	 2 79.471     	
Lap 8	31 77.583     	47 77.800     	19 78.121     	98 78.108     	29 77.753     	53 78.767     	42 78.659     	11 78.443     	74 78.241     	94 78.657     	80 78.152     	30 79.109     	81 79.312     	35 78.709     	69 78.867     	26 79.236     	41 78.757     	14 79.381     	22 79.525     	20 79.621     	21 79.561     	 3 80.219     	82 79.192     	 2 80.487     	
Lap 9	47 77.231     	31 77.663     	19 78.405     	29 77.903     	98 78.022     	42 78.509     	53 78.770     	11 78.600     	74 78.673     	94 78.289     	80 80.045     	30 79.048     	81 79.164     	35 78.970     	69 79.235     	26 78.684     	41 79.318     	14 79.281     	20 79.324     	22 79.697     	21 79.306     	82 79.247     	 3 79.717     	 2 80.113     	
Lap 10	31 77.707     	47 78.279     	19 77.872     	98 78.371     	29 78.649     	42 77.941     	53 78.005     	11 78.458     	94 78.368     	74 78.899     	30 78.390     	80 78.635     	81 78.869     	35 78.999     	69 78.544     	41 78.657     	26 79.500     	14 78.520     	20 79.109     	21 79.274     	22 79.715     	82 79.479     	 3 79.127     	 2 79.826     	
Lap 11	31 77.848     	47 78.028     	19 78.073     	98 78.259     	29 78.870     	42 78.192     	53 78.252     	11 78.765     	74 78.442     	94 78.755     	80 78.119     	30 78.895     	81 78.965     	69 78.457     	35 79.033     	41 79.188     	14 78.934     	26 79.453     	20 79.441     	21 79.366     	22 79.766     	 3 79.079     	82 79.865     	 2 79.932     	
Lap 12	47 77.532     	31 78.065     	19 77.355     	98 77.889     	29 78.376     	42 78.651     	53 79.033     	74 78.075     	11 78.401     	94 78.583     	30 78.120     	80 78.951     	81 78.017     	69 78.903     	35 79.288     	41 79.030     	14 79.447     	26 79.284     	21 79.375     	22 78.862     	20 79.946     	 3 79.380     	82 80.208     	 2 79.745     	
Lap 13	31 77.546     	47 78.265     	19 77.407     	98 77.960     	29 77.254     	42 77.998     	53 78.252     	74 78.227     	11 78.513     	94 78.160     	80 78.273     	30 79.231     	81 79.154     	69 78.783     	35 79.371     	41 79.069     	14 78.764     	26 79.662     	21 79.715     	22 79.760     	20 79.882     	82 78.800     	 3 80.396     	 2 79.686     	
Lap 14	47 77.487     	31 78.296     	19 77.100     	98 78.612     	29 78.018     	42 78.998     	53 78.599     	94 77.773     	74 78.553     	11 78.752     	80 78.653     	30 78.921     	81 79.047     	69 78.587     	35 79.323     	41 78.729     	14 79.229     	26 78.986     	20 79.215     	22 79.668     	21 79.920     	 3 78.787     	82 79.880     	 2 80.423     	
Lap 15	47 77.678     	31 77.664     	19 78.454     	98 78.188     	29 78.472     	42 78.734     	53 78.416     	94 78.164     	74 78.666     	11 79.478     	80 77.758     	30 78.417     	81 78.355     	69 78.547     	35 78.645     	41 79.213     	14 79.017     	26 79.184     	21 79.359     	22 79.714     	20 80.142     	82 78.921     	 3 81.379     	 2 80.116     	
Lap 16	47 77.851     	31 78.133     	19 77.094     	29 78.185     	98 78.826     	94 77.989     	53 78.320     	42 79.089     	74 78.734     	80 78.073     	11 78.548     	30 78.254     	81 78.408     	69 78.540     	35 78.662     	41 79.138     	14 78.752     	26 79.271     	21 79.935     	22 79.668     	20 79.757     	 3 78.513     	82 81.524     	 2 80.141     	
Lap 17	47 78.038     	19 78.803     	31 79.691     	98 78.496     	29 78.871     	94 78.566     	53 78.590     	42 78.282     	74 78.407     	80 78.755     	11 78.573     	30 78.393     	81 77.733     	69 78.920     	35 78.530     	41 79.182     	14 79.078     	26 78.282     	22 79.134     	21 79.682     	20 79.665     	 3 79.104     	82 79.587     	 2 80.554     	
Lap 18	47 77.746     	19 78.544     	31 78.859     	29 78.062     	98 78.281     	94 78.628     	53 78.824     	42 78.592     	74 78.661     	80 78.682     	11 79.185     	30 78.801     	81 79.213     	69 78.173     	35 78.808     	41 79.450     	14 79.396     	26 79.841     	22 79.335     	21 79.519     	20 80.181     	 3 80.564     	82 79.610     	 2 80.219     	
Lap 19	47 77.814     	19 78.523     	31 79.077     	29 79.050     	98 79.493     	94 78.539     	42 78.417     	53 78.724     	74 78.530     	80 78.765     	11 78.849     	30 78.946     	81 79.583     	69 78.228     	35 78.390     	41 79.586     	26 78.497     	14 79.736     	21 79.079     	22 79.879     	20 79.928     	 3 80.091     	82 79.563     	 2 80.927     	
Lap 20	47 77.272     	19 77.535     	31 77.391     	29 78.431     	98 79.256     	94 78.981     	42 78.758     	53 78.871     	74 78.270     	80 79.403     	11 79.176     	30 78.832     	81 78.826     	69 78.790     	35 78.726     	41 79.220     	14 79.377     	26 79.619     	21 79.416     	22 79.984     	20 78.951     	 3 80.137     	82 79.953     	 2 80.788     	
Lap 21	47 77.199     	19 77.644     	31 77.990     	29 78.124     	98 77.905     	94 78.996     	42 78.790     	53 79.112     	11 78.760     	80 79.303     	30 78.874     	81 79.357     	69 79.531     	35 78.338     	74 90.787 PIT	41 79.472     	26 79.141     	14 79.245     	21 79.511     	22 80.172     	20 80.105     	 3 80.156     	82 80.553     	 2 81.010     	
Lap 22	47 77.745     	19 78.363     	31 77.358     	29 78.381     	98 77.793     	94 78.595     	42 78.594     	53 79.388     	11 78.658     	80 78.714     	30 78.497     	81 79.603     	69 79.160     	35 78.379     	74 77.526     	41 79.410     	26 80.041     	14 80.052     	21 78.959     	22 79.657     	20 80.150     	 3 80.247     	82 80.386     	 2 80.758     	
Lap 23	47 77.315     	19 78.688     	31 78.983     	29 78.361     	98 79.222     	94 78.835     	42 78.875     	53 78.099     	80 78.676     	11 79.050     	30 78.466     	81 79.069     	69 79.954     	35 79.669     	74 77.718     	41 79.547     	26 79.245     	14 79.887     	21 79.548     	22 79.294     	20 79.125     	 3 79.519     	82 79.853     	 2 80.800     	
Lap 24	47 77.941     	19 78.746     	31 79.558     	29 77.764     	98 77.792     	94 78.518     	42 79.058     	53 80.106     	30 78.832     	11 79.417     	80 79.659     	81 78.562     	69 79.426     	35 79.088     	74 78.194     	41 79.488     	26 79.371     	14 79.941     	21 79.133     	22 80.468     	20 79.786     	 3 79.583     	82 79.980     	 2 81.055     	
Lap 25	47 77.501     	19 78.517     	31 77.516     	29 77.960     	98 78.177     	94 78.979     	42 79.005     	53 77.903     	80 78.402     	30 79.963     	11 79.725     	81 78.708     	74 77.470     	69 79.239     	35 79.961     	41 79.909     	26 80.263     	14 79.067     	21 79.117     	20 79.832     	22 80.498     	 3 79.699     	82 80.041     	 2 80.473     	
Lap 26	47 78.218     	19 78.774     	31 79.248     	29 78.230     	98 77.935     	94 78.688     	42 79.031     	53 80.343     	80 78.482     	30 79.188     	11 79.968     	74 77.513     	81 79.380     	69 80.005     	35 80.459     	41 79.506     	26 79.913     	14 80.442     	21 79.807     	22 80.296     	20 80.760     	 3 79.303     	82 79.344     	 2 81.146     	
Lap 27	47 77.787     	31 78.553     	29 78.505     	98 78.207     	94 78.726     	53 78.840     	80 78.559     	19 95.655 PIT	74 78.334     	41 79.128     	42 96.759 PIT	26 79.956     	14 79.770     	30 96.460 PIT	11 96.703 PIT	81 95.997 PIT	69 96.334 PIT	35 95.859 PIT	 3 81.057     	82 79.635     	21 96.592 PIT	22 96.589 PIT	20 97.910 PIT	 2 81.156     	
Lap 28	31 77.954     	29 78.342     	47 94.897 PIT	94 78.804     	19 78.032     	80 79.711     	74 77.692     	98 95.450 PIT	42 78.585     	41 79.737     	53 96.041 PIT	14 97.420 PIT	30 78.183     	11 78.554     	81 78.734     	69 79.076     	 3 97.535 PIT	26 96.577 PIT	82 83.464     	21 79.094     	22 78.713     	35 79.205     	20 78.761     	
Lap 29	47 77.045     	19 78.125     	31 95.311 PIT	74 77.865     	29 95.298 PIT	98 77.484     	94 96.326 PIT	42 77.765     	53 79.681     	80 95.567 PIT	30 78.141     	11 78.328     	81 78.294     	69 78.268     	35 78.643     	41 96.879 PIT	82 80.450     	14 78.406     	21 78.570     	22 78.664     	20 78.377     	 3 78.097     	 2 80.185     	
Lap 30	47 77.379     	19 77.164     	31 78.060     	74 78.341     	29 77.825     	98 78.746     	94 78.182     	42 78.357     	53 77.926     	80 78.128     	30 77.727     	11 78.468     	81 78.612     	69 77.904     	35 77.697     	41 77.805     	14 77.482     	82 81.113     	21 78.922     	22 77.990     	20 78.161     	 3 78.064     	 2 79.881     	
Lap 31	47 77.292     	19 76.834     	31 77.539     	74 77.738     	29 76.827     	98 77.632     	42 77.700     	94 78.384     	53 77.939     	80 77.808     	30 77.484     	11 77.139     	81 77.683     	69 78.391     	35 77.884     	41 78.035     	14 77.830     	21 77.617     	22 78.046     	20 78.131     	 3 78.505     	82 98.303 PIT	 2 79.407     	
Lap 32	47 77.305     	19 77.138     	31 77.323     	74 78.456     	29 77.495     	98 77.473     	42 77.784     	94 77.719     	53 77.771     	80 78.273     	30 78.363     	11 77.380     	81 77.268     	69 79.190     	35 79.239     	41 79.097     	14 78.752     	21 78.132     	22 78.084     	20 78.627     	 3 78.148     	82 78.550     	 2 80.354     	
Lap 33	47 77.018     	19 76.894     	31 77.418     	29 77.733     	74 78.970     	98 77.209     	94 77.883     	42 78.461     	53 78.339     	30 77.713     	11 77.284     	80 78.610     	81 77.263     	69 78.673     	35 78.750     	41 79.121     	14 78.845     	21 78.353     	22 78.259     	20 78.758     	 3 77.945     	82 78.879     	 2 79.724     	
Lap 34	47 76.894     	19 77.118     	31 76.968     	29 78.197     	74 78.905     	98 78.549     	94 78.492     	42 78.408     	53 77.753     	80 77.653     	11 78.248     	30 78.943     	81 77.875     	69 78.632     	35 79.357     	14 78.486     	41 79.163     	21 78.116     	22 78.362     	20 78.585     	 3 78.021     	82 78.271     	 2 79.509     	
Lap 35	47 77.427     	19 77.728     	31 76.813     	29 77.242     	74 78.551     	98 78.981     	42 77.956     	94 78.300     	53 77.535     	30 77.649     	80 78.735     	11 78.574     	81 77.953     	69 78.487     	35 77.792     	14 78.394     	41 78.926     	21 78.109     	22 78.383     	20 78.242     	 3 78.057     	82 78.325     	 2 80.291     	
Lap 36	47 76.748     	19 77.147     	31 77.143     	29 77.483     	74 78.251     	98 78.489     	94 77.929     	42 78.571     	53 77.126     	30 78.433     	80 78.456     	11 78.451     	81 78.319     	69 78.988     	35 79.082     	14 78.996     	41 79.153     	21 78.668     	22 78.632     	20 79.260     	 3 79.648     	82 79.098     	 2 80.183     	
Lap 37	47 76.662     	19 77.754     	31 77.024     	29 77.152     	74 78.201     	98 77.473     	94 78.099     	42 78.283     	53 79.613     	30 79.155     	11 78.426     	80 78.857     	81 78.746     	69 78.770     	35 79.245     	14 77.893     	41 78.733     	21 79.097     	22 78.354     	20 78.279     	 3 78.415     	82 78.735     	 2 80.456     	
Lap 38	47 76.958     	19 77.334     	31 76.928     	29 77.045     	74 78.938     	98 79.127     	94 78.108     	42 78.514     	53 77.234     	11 78.157     	30 78.382     	80 78.738     	81 79.035     	69 78.226     	35 78.506     	14 78.522     	41 78.538     	21 78.731     	22 78.386     	20 78.302     	 3 78.603     	82 78.262     	 2 79.781     	
Lap 39	47 77.348     	19 77.773     	31 77.115     	29 76.920     	74 79.216     	98 80.226     	94 77.154     	42 78.820     	53 79.148     	11 78.839     	30 79.278     	80 78.952     	81 78.294     	69 77.963     	35 77.811     	14 77.850     	41 78.303     	21 79.103     	22 79.054     	20 79.047     	 3 78.616     	82 78.363     	 2 80.405     	
Lap 40	47 77.588     	19 78.375     	31 78.656     	29 77.773     	74 77.555     	98 77.045     	94 77.008     	42 78.861     	53 79.587     	11 78.134     	30 78.634     	80 78.569     	81 78.531     	69 77.875     	35 77.785     	14 77.936     	41 78.613     	21 78.901     	22 78.655     	20 78.461     	 3 78.639     	82 79.077     	 2 79.777     	
Lap 41	47 77.456     	19 77.964     	31 77.165     	29 77.279     	74 78.398     	98 77.865     	94 77.605     	42 77.298     	53 77.419     	11 78.865     	80 78.399     	81 78.649     	30 79.296     	69 78.565     	35 78.360     	14 78.211     	41 77.930     	21 79.091     	22 78.824     	20 78.935     	 3 78.982     	82 78.721     	 2 79.818     	
Lap 42	47 77.391     	19 78.296     	31 78.800     	29 77.286     	74 79.434     	98 78.933     	94 77.510     	42 77.537     	53 77.707     	80 78.166     	11 79.171     	30 78.321     	81 78.799     	69 78.251     	35 78.478     	14 78.526     	41 78.307     	21 78.391     	22 78.395     	20 79.229     	 3 78.780     	82 79.080     	 2 80.677     	
Lap 43	47 77.151     	19 77.865     	31 78.870     	29 77.138     	98 78.461     	74 78.909     	94 78.082     	42 77.978     	53 77.317     	11 78.279     	80 78.660     	30 79.263     	81 79.711     	69 77.890     	35 78.757     	14 78.196     	41 78.836     	21 79.180     	22 78.803     	20 79.555     	 3 79.761     	82 79.063     	 2 80.713     	
Lap 44	47 77.625     	19 77.707     	31 77.717     	29 78.285     	98 78.580     	74 79.007     	94 77.243     	42 77.972     	11 78.275     	53 78.166     	80 77.726     	30 79.101     	81 78.958     	69 78.410     	35 77.922     	14 78.140     	41 78.794     	21 79.303     	22 78.888     	20 78.525     	 3 78.903     	82 79.210     	
Lap 45	19 77.706     	31 77.750     	29 77.210     	98 78.343     	74 79.355     	94 78.002     	42 77.568     	53 77.984     	80 78.533     	11 79.106     	30 78.603     	81 79.489     	69 78.317     	35 78.382     	14 78.126     	41 78.637     	21 78.758     	22 79.129     	20 79.519     	 3 78.764     	82 79.154     	 2 80.501     	
Lap 46	19 77.905     	31 78.298     	29 78.078     	98 77.523     	94 78.507     	74 79.003     	42 78.130     	53 78.228     	80 77.867     	11 77.752     	30 77.834     	81 78.566     	69 78.454     	35 78.216     	14 78.624     	41 78.355     	21 79.363     	22 78.675     	20 80.374     	 3 80.608     	82 79.353     	 2 80.827     	
Lap 47	19 77.328     	31 77.934     	29 78.498     	98 78.132     	94 78.213     	74 78.572     	42 78.349     	53 77.827     	80 78.699     	11 79.419     	30 78.514     	81 78.635     	69 78.192     	35 79.037     	14 78.980     	41 78.115     	21 79.038     	22 78.711     	20 78.706     	 3 79.300     	82 78.700     	 2 80.671     	
Lap 48	19 77.627     	31 77.845     	29 78.586     	98 78.306     	94 78.706     	42 78.236     	53 78.147     	80 78.529     	11 78.699     	30 78.631     	81 78.560     	74 96.050 PIT	69 78.308     	35 78.140     	14 79.032     	41 78.470     	21 79.395     	22 78.840     	20 79.512     	 3 79.372     	82 79.584     	 2 80.861     	
Lap 49	19 77.883     	31 77.961     	29 77.967     	98 77.444     	94 78.323     	42 78.227     	53 77.769     	80 78.574     	11 78.818     	30 78.558     	81 78.886     	74 78.280     	69 78.700     	35 78.636     	14 78.654     	41 79.049     	21 79.533     	22 79.488     	20 79.230     	 3 78.675     	82 79.301     	 2 80.549     	
Lap 50	19 78.206     	31 77.946     	29 78.382     	98 78.254     	94 78.367     	42 78.506     	53 79.689     	80 78.082     	30 78.257     	11 79.622     	74 77.409     	81 79.658     	69 78.275     	35 79.209     	14 79.042     	41 79.125     	21 79.999     	22 80.220     	20 79.754     	 3 80.883     	82 79.739     	 2 81.090     	
Lap 51	19 78.173     	31 77.482     	29 78.012     	98 78.317     	94 77.664     	42 78.145     	53 77.825     	80 78.534     	74 77.173     	30 79.512     	11 79.533     	81 79.761     	69 79.505     	35 78.788     	14 79.214     	41 79.268     	21 79.125     	22 79.397     	20 79.138     	 3 79.442     	82 78.986     	 2 80.540     	
Lap 52	19 77.845     	31 78.082     	29 78.125     	98 78.349     	94 78.226     	42 78.292     	53 78.402     	80 77.966     	74 78.420     	30 79.763     	11 79.559     	81 79.834     	69 79.330     	35 78.752     	14 78.858     	41 78.941     	21 79.396     	22 79.434     	20 79.088     	 3 78.754     	82 79.782     	 2 81.210     	
Lap 53	19 77.986     	31 78.230     	29 78.326     	98 77.782     	94 78.293     	42 78.811     	53 77.871     	80 78.417     	74 77.481     	30 79.506     	11 80.475     	81 79.593     	69 79.651     	35 79.441     	14 79.373     	41 79.145     	21 79.884     	22 79.208     	20 79.921     	 3 79.389     	82 79.725     	 2 80.924     	
Lap 54	19 78.081     	31 78.073     	29 78.628     	98 78.693     	94 78.386     	42 78.945     	53 79.637     	80 78.752     	74 77.562     	81 79.349     	69 79.810     	35 79.293     	14 78.683     	41 78.794     	30 96.436 PIT	11 96.399 PIT	21 80.333     	22 80.445     	20 80.115     	 3 78.902     	82 79.252     	 2 80.564     	
Lap 55	31 78.403     	29 78.658     	19 95.132 PIT	98 78.209     	94 78.646     	53 78.856     	80 78.107     	74 77.959     	42 96.043 PIT	81 79.800     	69 79.673     	35 79.466     	14 79.610     	30 78.552     	41 79.787     	11 77.896     	22 80.292     	20 80.400     	21 97.840 PIT	82 79.982     	 3 97.690 PIT	 2 81.237     	
Lap 56	31 78.370     	29 78.291     	19 77.061     	53 78.742     	98 95.402 PIT	80 78.470     	74 77.816     	94 95.895 PIT	42 77.165     	14 79.238     	30 78.742     	11 78.166     	41 80.157     	81 97.023 PIT	69 97.939 PIT	35 97.960 PIT	20 80.220     	21 78.863     	22 96.603 PIT	82 79.885     	 3 78.844     	 2 98.111 PIT	
Lap 57	31 78.269     	29 78.573     	19 77.025     	53 78.810     	98 78.302     	74 77.354     	80 79.501     	94 77.663     	42 77.033     	30 78.925     	11 79.181     	41 79.479     	81 77.659     	69 78.542     	35 79.322     	14 96.578 PIT	21 78.347     	22 78.417     	82 79.583     	 3 77.976     	20 97.422 PIT	 2 80.265     	
Lap 58	31 78.446     	29 78.706     	19 76.765     	98 77.535     	74 78.406     	80 79.263     	94 77.704     	42 77.554     	53 96.058 PIT	30 78.624     	11 79.101     	81 77.779     	69 78.235     	35 77.591     	14 77.764     	41 96.820 PIT	21 78.787     	22 77.817     	82 80.208     	 3 78.411     	20 78.341     	 2 79.935     	
Lap 59	19 77.205     	31 95.834 PIT	29 95.940 PIT	98 76.956     	74 78.129     	94 77.425     	42 77.247     	53 77.381     	80 95.826 PIT	30 78.058     	11 79.026     	81 77.942     	69 77.569     	35 77.404     	14 77.461     	41 78.403     	21 79.082     	22 78.982     	 3 78.353     	82 80.347     	20 78.129     	 2 80.225     	
Lap 60	19 76.936     	31 77.031     	29 77.073     	98 77.129     	74 77.682     	94 77.724     	42 76.968     	53 77.450     	80 77.425     	30 77.529     	11 77.650     	81 77.788     	69 78.715     	35 78.818     	14 78.140     	41 77.917     	21 79.141     	22 79.296     	 3 78.043     	82 79.921     	20 78.509     	 2 80.262     	
Lap 61	19 77.647     	31 77.203     	29 77.179     	98 77.163     	74 77.656     	94 76.822     	42 77.090     	53 77.650     	80 77.472     	30 77.914     	11 77.943     	81 78.170     	69 78.351     	35 78.616     	14 77.639     	41 78.139     	21 79.223     	22 79.136     	 3 78.591     	20 78.289     	82 81.070     	 2 79.645     	
Lap 62	19 77.408     	31 77.088     	29 77.096     	98 77.117     	74 77.444     	94 77.403     	42 77.977     	53 76.931     	80 77.321     	30 78.088     	11 77.450     	81 77.753     	69 77.582     	35 77.773     	14 77.939     	41 78.273     	22 78.886     	21 79.501     	 3 78.838     	20 78.593     	82 96.953 PIT	 2 80.254     	
Lap 63	19 77.180     	31 77.407     	29 77.692     	98 77.557     	74 77.906     	94 76.942     	42 77.282     	53 77.811     	80 77.225     	30 77.918     	11 78.114     	81 77.775     	69 78.401     	35 78.359     	14 78.418     	41 77.859     	22 78.926     	21 78.791     	 3 78.621     	20 79.042     	82 79.049     	 2 79.842     	
Lap 64	19 77.620     	31 76.987     	29 77.342     	98 77.529     	94 77.710     	74 78.722     	42 77.251     	53 77.735     	80 77.861     	30 78.326     	11 77.450     	81 78.217     	69 77.828     	35 77.973     	14 77.775     	41 78.578     	22 79.171     	21 79.451     	 3 78.248     	20 78.893     	82 78.323     	 2 79.927     	
Lap 65	19 77.495     	31 77.184     	29 76.975     	98 77.770     	94 77.794     	74 78.652     	42 77.271     	53 77.983     	80 77.751     	30 79.177     	11 79.060     	81 77.626     	69 78.159     	35 78.178     	14 78.074     	41 78.020     	22 79.424     	21 79.124     	 3 78.087     	20 78.778     	82 78.679     	 2 79.648     	
Lap 66	19 77.318     	31 77.177     	29 77.404     	98 77.457     	94 77.033     	74 78.070     	42 77.784     	53 77.513     	80 77.663     	30 78.325     	11 79.449     	81 77.485     	69 78.127     	35 77.672     	14 78.541     	41 77.954     	22 79.038     	21 79.679     	 3 80.027     	20 78.980     	82 79.090     	 2 80.051     	
Lap 67	19 77.707     	31 76.900     	29 77.479     	98 77.069     	94 77.305     	74 78.487     	42 77.957     	53 77.418     	80 77.638     	30 78.407     	11 78.685     	81 78.783     	69 78.455     	35 78.030     	14 78.103     	41 78.485     	22 78.828     	21 79.442     	 3 80.278     	20 78.667     	82 78.656     	 2 80.037     	
Lap 68	19 77.807     	31 76.863     	29 77.794     	98 77.017     	94 77.165     	74 78.849     	42 79.009     	53 77.820     	80 77.731     	30 78.007     	11 78.612     	81 78.600     	69 79.450     	35 79.506     	14 78.707     	41 78.393     	22 78.769     	21 78.716     	 3 78.203     	20 78.638     	82 78.906     	 2 80.158     	
Lap 69	19 77.568     	31 76.989     	29 77.651     	98 77.702     	94 77.228     	74 79.214     	42 78.838     	53 77.736     	80 77.802     	30 78.550     	11 78.989     	81 78.664     	69 79.492     	35 79.408     	14 78.114     	41 77.965     	22 78.195     	21 78.446     	 3 78.739     	20 79.013     	82 78.746     	 2 79.718     	
Lap 70	19 77.938     	31 76.900     	29 77.327     	98 77.505     	94 77.424     	74 78.901     	42 79.143     	53 77.281     	80 77.334     	30 78.159     	11 79.089     	81 79.009     	69 78.704     	35 79.575     	14 77.876     	41 78.512     	22 78.613     	21 78.582     	 3 78.637     	20 78.909     	82 78.701     	 2 79.973     	
Lap 71	19 77.186     	31 76.843     	29 77.440     	98 77.507     	94 77.232     	74 79.324     	42 78.852     	53 77.820     	80 77.279     	30 78.702     	81 78.441     	11 78.576     	69 77.976     	35 78.132     	14 78.084     	41 78.702     	22 78.664     	21 78.812     	 3 78.547     	20 78.485     	82 78.748     	 2 80.406     	
Lap 72	19 77.884     	31 77.163     	29 77.397     	98 77.713     	94 77.541     	74 78.648     	42 78.936     	53 78.193     	80 77.720     	30 78.336     	11 78.698     	81 78.931     	69 78.791     	35 77.854     	14 78.105     	41 78.760     	22 78.924     	21 79.051     	 3 79.048     	20 79.315     	82 78.949     	 2 80.077     	
Lap 73	19 78.052     	31 77.259     	29 77.160     	98 77.418     	94 77.592     	74 79.103     	42 79.118     	53 78.077     	80 78.250     	30 78.401     	11 78.479     	81 79.209     	69 79.037     	35 79.198     	14 78.532     	41 78.224     	22 78.395     	21 79.375     	 3 78.661     	20 78.880     	82 79.251     	 2 80.274     	
Lap 74	19 77.559     	31 77.260     	29 77.580     	98 78.104     	94 77.454     	74 78.911     	42 79.028     	53 78.983     	80 78.032     	30 78.343     	11 78.565     	81 78.532     	69 79.269     	35 79.976     	14 78.789     	41 78.555     	22 79.217     	21 79.664     	 3 79.897     	20 79.305     	82 78.692     	 2 80.818     	
Lap 75	19 78.124     	31 76.976     	29 77.579     	98 77.764     	94 77.422     	42 79.122     	53 79.564     	80 78.034     	74 96.512 PIT	30 78.813     	11 79.307     	81 78.918     	69 78.836     	14 78.823     	35 79.569     	41 78.601     	22 79.106     	21 79.914     	 3 80.244     	20 79.220     	82 78.600     	 2 80.596     	
Lap 76	19 78.599     	31 78.960     	29 77.767     	98 78.110     	94 77.975     	42 78.676     	53 79.663     	80 78.447     	74 77.576     	30 78.056     	11 78.971     	81 78.910     	69 78.772     	14 79.791     	35 79.485     	41 78.528     	22 79.202     	21 78.965     	 3 78.517     	20 79.557     	82 78.520     	 2 80.554     	
Lap 77	19 78.481     	31 79.205     	29 77.870     	98 77.420     	94 78.469     	42 77.833     	53 78.064     	80 77.558     	74 77.731     	30 78.319     	81 78.904     	11 79.463     	69 78.212     	14 79.675     	35 80.134     	41 78.572     	22 79.218     	21 79.752     	 3 80.650     	20 79.088     	82 79.421     	 2 80.818     	
Lap 78	19 77.982     	31 77.816     	29 77.562     	98 78.325     	94 78.372     	42 78.428     	53 77.728     	80 77.696     	74 77.238     	30 78.793     	11 79.135     	81 79.543     	69 78.809     	14 79.368     	35 79.608     	41 78.511     	22 79.565     	21 79.054     	 3 79.561     	20 78.867     	82 78.890     	 2 81.147     	
Lap 79	19 78.207     	31 77.866     	29 77.407     	98 77.646     	94 78.320     	42 77.852     	53 77.611     	80 77.660     	74 77.163     	30 78.398     	81 78.863     	11 79.755     	69 78.390     	14 78.405     	35 78.392     	41 79.159     	22 79.152     	21 79.868     	20 79.192     	 3 80.409     	82 79.042     	 2 81.132     	
Lap 80	31 77.253     	19 78.453     	29 77.708     	98 78.026     	94 78.395     	42 78.803     	53 77.932     	80 77.963     	74 77.670     	30 78.665     	81 79.148     	11 78.968     	69 78.642     	14 79.225     	35 78.728     	41 78.462     	22 79.564     	21 79.419     	20 79.739     	 3 81.206     	82 78.998     	 2 80.755     	
Lap 81	31 78.343     	19 79.439     	29 77.497     	98 78.048     	94 78.414     	42 78.889     	53 79.865     	80 78.241     	74 77.982     	81 79.899     	69 79.399     	30 96.267 PIT	14 79.449     	35 79.694     	41 79.112     	11 96.335 PIT	22 79.361     	21 79.944     	20 79.531     	 3 79.517     	82 79.692     	 2 81.363     	
Lap 82	31 78.062     	19 78.778     	29 77.793     	98 78.191     	94 78.298     	42 78.937     	53 79.042     	80 78.416     	74 77.685     	81 78.494     	69 78.630     	30 78.557     	14 80.217     	35 80.139     	41 78.977     	11 77.697     	22 79.440     	21 79.702     	20 79.082     	 3 79.076     	82 78.860     	 2 80.951     	
Lap 83	31 77.995     	29 78.175     	98 78.408     	19 96.109 PIT	94 95.895 PIT	80 79.034     	53 79.214     	74 77.639     	42 96.041 PIT	69 78.974     	30 77.771     	14 82.237     	41 79.515     	11 77.127     	81 95.965 PIT	35 96.983 PIT	22 78.989     	20 79.167     	21 97.008 PIT	82 79.474     	 3 97.293 PIT	 2 81.381     	
Lap 84	31 77.470     	29 77.733     	19 77.510     	98 95.244 PIT	94 77.429     	80 79.694     	53 80.490     	74 77.481     	42 77.958     	69 78.983     	30 77.815     	11 78.890     	41 79.733     	81 77.736     	35 77.921     	14 97.178 PIT	22 97.068 PIT	21 78.872     	82 79.180     	20 96.969 PIT	 3 78.104     	 2 81.563     	
Lap 85	31 78.211     	29 78.445     	19 77.485     	98 77.658     	94 76.817     	80 79.463     	53 80.221     	74 77.869     	42 77.075     	69 79.506     	30 77.989     	11 78.594     	81 77.607     	35 77.551     	14 78.393     	41 97.319 PIT	22 78.913     	21 78.555     	20 78.427     	 3 78.700     	82 80.326     	 2 98.231 PIT	
Lap 86	31 78.328     	19 77.505     	29 95.702 PIT	98 77.169     	94 77.394     	74 77.746     	42 77.301     	80 95.618 PIT	53 95.571 PIT	30 77.525     	11 78.227     	81 78.276     	69 96.556 PIT	35 78.056     	14 77.536     	41 78.291     	22 78.450     	21 77.953     	20 78.703     	 3 79.224     	82 79.984     	 2 80.466     	
Lap 87	31 77.725     	19 76.747     	29 77.253     	98 76.960     	94 77.578     	74 77.228     	42 77.867     	80 77.384     	53 77.956     	30 77.337     	11 78.622     	81 78.499     	69 78.582     	35 77.409     	14 78.352     	41 78.221     	22 77.967     	21 78.558     	20 78.898     	 3 78.621     	82 80.869     	 2 80.269     	
Lap 88	31 78.672     	19 77.250     	29 77.568     	98 77.705     	94 76.998     	74 77.281     	42 77.353     	80 77.342     	53 76.988     	30 78.851     	11 78.557     	81 78.851     	69 77.443     	35 77.957     	14 78.219     	41 78.462     	22 78.199     	21 78.089     	20 78.332     	 3 77.901     	82 79.616     	 2 79.367     	
Lap 89	19 77.651     	31 95.922 PIT	29 77.347     	98 76.778     	94 76.975     	74 78.161     	42 77.025     	80 77.896     	53 77.674     	30 77.670     	11 78.133     	81 78.092     	69 77.484     	35 77.699     	14 78.129     	41 78.293     	22 78.372     	21 78.926     	20 78.724     	 3 78.350     	82 96.598 PIT	 2 79.507     	
Lap 90	19 77.276     	31 77.072     	29 77.571     	98 77.713     	94 77.430     	74 77.821     	42 77.018     	80 77.621     	53 77.717     	30 78.206     	11 78.040     	81 78.953     	69 78.361     	35 78.056     	14 77.723     	41 78.217     	22 77.912     	21 78.056     	20 78.093     	 3 78.771     	82 78.789     	 2 79.792     	
Lap 91	19 77.720     	31 76.503     	29 77.349     	98 77.142     	94 77.223     	74 77.969     	42 77.226     	80 77.550     	53 77.608     	30 78.370     	11 77.795     	81 77.345     	69 78.128     	35 78.260     	14 78.481     	41 78.193     	22 78.720     	21 78.141     	20 78.485     	 3 77.977     	82 79.050     	 2 79.923     	
Lap 92	19 77.703     	31 78.650     	29 77.277     	98 77.196     	94 77.430     	74 78.406     	42 77.395     	80 77.409     	53 77.535     	30 78.275     	11 78.017     	81 77.353     	69 78.286     	35 78.161     	14 78.469     	41 78.283     	22 78.711     	21 78.780     	20 78.615     	 3 78.446     	82 79.055     	 2 80.065     	
Lap 93	19 77.424     	31 77.018     	29 77.145     	98 76.949     	94 77.394     	74 78.447     	42 77.122     	80 77.466     	53 77.285     	30 78.159     	11 78.437     	81 78.518     	69 78.309     	35 77.673     	14 77.692     	41 77.775     	22 77.988     	21 78.585     	20 78.588     	 3 78.087     	82 78.843     	 2 80.054     	
Lap 94	19 77.289     	31 77.030     	29 77.508     	98 77.629     	94 77.458     	74 77.774     	42 77.302     	80 77.403     	53 77.343     	30 78.035     	11 78.763     	81 78.184     	69 78.100     	35 77.854     	14 77.970     	41 78.594     	22 78.123     	21 78.191     	20 79.176     	 3 79.634     	82 78.314     	
Lap 95	19 76.960     	31 76.667     	29 77.530     	98 77.540     	94 77.542     	74 77.754     	42 77.653     	80 78.031     	53 77.074     	30 78.105     	81 78.426     	11 78.557     	69 78.565     	35 78.505     	14 77.835     	41 77.953     	22 78.441     	21 78.688     	20 78.899     	 3 78.874     	82 79.009     	

-- OFFICIAL RESULTS --
Pos	#No	Driver						Team					Time		Diff		Pits	Best
01	#19	ZAI	khélok atep zailunaɰ	Team Solea Racing		2:4:00.936	-0.000		3		76.747
02	#31	ŠAŊ	xap'ít celentir šaŋév	Team Solea Racing		2:4:01.671	-0.735		3		76.503
03	#29	ALU	Sago Aludetsei			Dotruga Formula Racing	2:4:06.297	-5.362		3		76.827
04	#98	MOT	Gorga Motxev			Dotruga Formula Racing	2:4:16.412	-15.477		3		76.778
05	#94	NES	At'ipi Nesbeksë			Team Diigikwk Racers	2:4:21.463	-20.527		3		76.817
06	#74	KON	Bařàsiz Konoca			Team Diigikwk Racers	2:4:37.980	-37.044		3		77.163
07	#42	OOS	Frank Oosterhout		Cows Go Moo Racing		2:4:40.488	-39.552		3		76.968
08	#80	AYA	Ifloenne é Aya			Team V.V. Imperial		2:4:49.381	-48.445		3		77.225
09	#53	TÀC	Ešuro Tàcràɰë			Team Diigikwk Racers	2:4:50.052	-49.116		3		76.931
10	#30	WIS	Josh Wise				BONGATAR				2:5:09.278	-68.342		3		77.337
11	#81	KÆR	Lyǽs Kæræsekæræn		Team V.V. Imperial		2:5:21.207	-80.271		3		77.263
12	#11	KEG	Tuto Keget				Dotruga Formula Racing	2:5:21.215	-80.279		3		77.127
13	#69	SAN	Marisa Sanchez			Cows Go Moo Racing		2:5:27.367	-86.431		3		77.443
14	#35	AKA	Asaúni Akaleta			Team Vikasani			2:5:29.842	-88.906		3		77.404
15	#14	HÚC	Daseno Húctu			Team Vikasani			2:5:35.201	-94.265		3		77.461
16	#41	CAN	Olga Candy				Cows Go Moo Racing		2:5:39.413	-98.477		3		77.775
17	#22	PHI	Philipe					Team Vincent			2:6:01.836	-120.901	3		77.817
18	#21	ORS	Orson					Team Vincent			2:6:07.864	-126.928	3		77.617
19	#20	MAC	Mac						Team Vincent			2:6:11.870	-130.934	3		78.093
20	# 3	BOB	Bob						BONGATAR				2:6:12.920	-131.984	3		77.901
21	#82	SAN	Nukki Savra Sanda		Team V.V. Imperial		2:6:37.246	-156.310	3		78.262
22	# 2	HID	Body Hide				BONGATAR				RETIRED		DNF			3		79.367
23	#47	PAV	ketila léqa pavúteka	Team Solea Racing		RETIRED		DNF			1		76.662
24	#26	ILI	Rikvisi Iliria			Team Vikasani			RETIRED		DNF			1		78.282

-- RACE INCIDENT REPORT --
Ifloenne é Aya made a mistake while attempting an overtake on lap 9.
Sago Aludetsei made a mistake while attempting an overtake on lap 11.
Bob made a mistake while attempting an overtake on lap 15.
xap'ít celentir šaŋév made a mistake while attempting an overtake on lap 17.
Bařàsiz Konoca made a pit stop to repair damage caused by a large incident while attempting an overtake on lap 21.
Rikvisi Iliria crashed out while attempting an overtake on lap 28.
Nukki Savra Sanda made a mistake while attempting an overtake on lap 28.
Gorga Motxev made a mistake while attempting an overtake on lap 39.
ketila léqa pavúteka crashed out on lap 44.
Daseno Húctu made a mistake while attempting an overtake on lap 83.
Josh Wise made a mistake on lap 88.
Body Hide crashed out while attempting an overtake on lap 94.
