-- LAP TIMES --
Lap 1	42 120.436     	31 120.418     	47 121.039     	29 120.988     	80 120.921     	98 121.118     	19 121.323     	11 121.079     	30 121.520     	69 121.330     	41 121.632     	94 121.459     	81 121.812     	35 121.665     	53 121.628     	14 122.061     	74 121.679     	20 121.998     	22 122.261     	 3 122.375     	82 122.484     	21 122.777     	26 122.859     	 2 123.455     	
Lap 2	42 120.782     	31 120.903     	47 120.449     	98 120.852     	29 121.199     	11 121.056     	19 121.456     	80 121.742     	30 121.358     	69 121.437     	81 121.700     	41 122.078     	35 121.899     	94 122.016     	53 121.904     	14 121.975     	22 121.873     	74 122.164     	20 122.118     	 3 122.501     	21 122.507     	26 122.763     	82 123.383     	 2 123.388     	
Lap 3	31 120.427     	47 120.438     	42 120.928     	98 120.588     	29 121.231     	69 121.127     	19 121.534     	80 121.471     	11 121.857     	30 121.610     	35 121.495     	94 121.652     	81 121.971     	41 121.874     	53 121.622     	14 121.822     	22 122.120     	74 122.242     	20 122.171     	 3 122.768     	21 122.726     	26 123.200     	 2 123.133     	82 124.854     	
Lap 4	47 120.670     	31 120.872     	42 121.208     	98 120.968     	29 121.257     	19 121.509     	30 121.423     	11 121.728     	80 121.802     	69 122.105     	81 121.760     	53 121.654     	94 121.907     	41 121.973     	35 122.457     	14 122.169     	22 122.447     	74 122.528     	20 122.541     	21 121.320     	 3 122.071     	26 121.474     	 2 123.380     	82 123.325     	
Lap 5	31 121.080     	47 121.340     	42 121.302     	29 120.634     	98 121.996     	80 121.370     	19 121.716     	11 121.444     	69 121.435     	30 121.789     	53 121.696     	81 121.943     	41 121.743     	94 122.263     	35 121.904     	14 121.785     	74 122.102     	20 122.274     	22 122.752     	21 122.622     	 3 122.726     	26 121.945     	82 122.864     	 2 123.866     	
Lap 6	47 120.883     	31 121.207     	42 120.908     	29 121.388     	98 121.766     	30 121.099     	11 121.529     	80 121.617     	19 121.739     	69 121.819     	81 121.680     	41 121.673     	53 122.094     	94 121.785     	35 121.835     	14 123.187     	74 122.065     	20 122.762     	22 122.688     	26 121.823     	21 123.009     	 3 122.637     	82 123.130     	 2 123.352     	
Lap 7	31 121.533     	42 121.548     	29 121.425     	98 122.028     	30 121.354     	80 121.260     	19 121.745     	11 121.999     	69 122.540     	81 121.586     	41 121.573     	94 121.727     	53 122.721     	47 130.436 PIT	14 121.962     	35 123.872     	74 122.672     	22 122.215     	20 122.510     	26 122.960     	21 122.619     	 3 122.993     	82 123.639     	 2 124.114     	
Lap 8	31 120.753     	42 120.723     	29 119.991     	98 121.546     	80 122.037     	19 121.811     	11 122.350     	30 123.149     	81 121.437     	69 122.239     	41 122.569     	47 120.945     	94 124.363     	14 122.515     	53 123.952     	35 122.769     	74 122.246     	20 122.560     	22 122.895     	21 123.470     	26 123.802     	 3 123.381     	82 122.344     	 2 124.300     	
Lap 9	31 120.934     	42 121.413     	29 121.600     	98 120.584     	19 121.444     	80 121.913     	11 121.703     	30 122.084     	81 121.502     	47 119.839     	69 121.909     	41 121.727     	53 122.172     	94 122.576     	35 122.141     	74 122.233     	14 122.985     	20 122.446     	22 122.979     	21 122.858     	 3 123.092     	26 123.647     	82 122.080     	 2 123.605     	
Lap 10	31 119.682     	42 121.458     	29 120.948     	98 120.054     	80 121.567     	19 121.806     	47 120.678     	11 122.393     	81 121.869     	30 122.352     	69 122.101     	41 122.081     	53 122.312     	94 122.346     	35 122.550     	74 122.833     	14 123.720     	20 122.690     	22 122.741     	21 122.906     	26 122.086     	 3 122.640     	82 122.215     	 2 124.888     	
Lap 11	31 120.463     	42 121.277     	29 121.949     	98 122.100     	47 120.702     	80 121.793     	19 121.795     	11 122.200     	81 122.484     	69 121.820     	30 122.485     	41 122.627     	53 122.474     	35 122.529     	94 123.006     	74 122.140     	14 122.380     	20 122.627     	22 123.232     	21 123.040     	26 124.121     	 3 123.851     	82 122.046     	 2 124.616     	
Lap 12	31 120.107     	42 122.005     	29 121.708     	98 123.142     	47 120.754     	19 121.774     	80 122.451     	11 121.908     	81 122.460     	30 122.133     	41 120.824     	69 122.629     	74 122.317     	53 123.192     	94 122.761     	35 123.164     	20 122.654     	14 123.178     	22 122.135     	21 122.078     	26 123.330     	 3 123.647     	82 122.510     	
Lap 13	31 120.336     	29 121.370     	42 122.002     	98 121.251     	47 120.072     	19 122.103     	80 121.796     	11 122.390     	81 122.420     	41 122.280     	30 122.685     	69 122.778     	94 122.871     	74 123.445     	53 123.392     	35 124.048     	14 122.746     	22 122.255     	20 123.518     	21 122.767     	 3 123.699     	26 124.231     	 2 124.172     	
Lap 14	31 120.597     	29 122.244     	42 122.161     	47 120.778     	98 122.542     	19 122.241     	80 122.492     	11 122.728     	81 122.355     	30 122.091     	41 122.911     	69 122.840     	94 122.404     	74 123.023     	14 122.801     	35 123.053     	53 124.438     	22 122.970     	20 123.070     	21 122.304     	26 122.440     	 3 123.120     	 2 124.127     	
Lap 15	31 121.172     	47 120.685     	42 122.401     	29 122.937     	98 121.197     	19 122.191     	80 122.326     	11 122.513     	81 122.186     	30 123.094     	41 122.665     	69 122.433     	94 123.028     	74 123.060     	14 122.981     	35 123.101     	22 123.455     	53 123.625     	20 123.596     	21 122.953     	26 123.769     	 3 124.044     	 2 124.879     	
Lap 16	31 121.203     	47 121.407     	42 122.567     	29 122.920     	98 123.210     	19 122.852     	80 122.418     	81 122.550     	11 123.050     	30 123.156     	41 123.255     	69 122.918     	94 123.588     	74 123.123     	14 123.253     	35 123.211     	22 123.477     	53 123.753     	20 123.556     	21 124.048     	26 124.771     	 3 124.566     	 2 124.990     	
Lap 17	31 120.930     	47 120.516     	42 121.979     	29 122.058     	98 121.037     	19 122.434     	80 122.906     	81 122.789     	11 123.222     	30 123.204     	69 123.089     	41 123.243     	74 122.761     	94 123.481     	14 123.758     	35 124.005     	22 123.760     	53 123.513     	20 124.030     	21 125.955     	26 124.561     	 3 124.909     	 2 124.703     	
Lap 18	47 119.912     	42 122.097     	29 123.167     	98 123.331     	31 138.409 PIT	19 123.006     	80 123.148     	11 123.740     	69 122.827     	41 123.947     	94 123.816     	14 123.578     	22 123.723     	20 123.645     	81 140.691 PIT	30 140.341 PIT	74 141.147 PIT	35 140.303 PIT	53 141.463 PIT	21 139.955 PIT	 3 139.200 PIT	26 141.228 PIT	 2 143.133 PIT	
Lap 19	47 120.444     	31 120.359     	98 124.058     	41 122.598     	42 138.879 PIT	94 122.319     	29 140.886 PIT	19 139.530 PIT	22 124.386     	81 120.305     	80 141.405 PIT	30 120.307     	11 140.573 PIT	69 140.322 PIT	74 121.352     	35 120.973     	14 139.883 PIT	53 121.351     	21 121.601     	20 141.784 PIT	 3 122.415     	26 122.162     	 2 124.103     	
Lap 20	47 120.734     	31 119.539     	42 120.410     	41 122.819     	29 121.154     	98 139.484 PIT	19 121.296     	81 121.161     	80 121.490     	30 120.794     	11 122.135     	69 122.053     	74 120.807     	35 120.278     	14 122.109     	94 141.849 PIT	53 123.070     	21 121.632     	20 121.415     	22 141.582 PIT	 3 122.128     	26 121.973     	 2 123.033     	
Lap 21	47 121.090     	31 120.061     	42 120.819     	29 120.402     	98 120.694     	19 119.473     	81 120.759     	30 120.835     	80 120.948     	11 121.102     	69 121.802     	41 142.080 PIT	74 122.002     	35 123.069     	94 121.451     	14 122.390     	53 121.245     	21 122.934     	22 121.554     	20 123.611     	 3 122.269     	26 121.997     	 2 123.738     	
Lap 22	47 120.672     	31 119.509     	42 119.801     	29 120.026     	98 119.891     	19 119.797     	81 120.824     	80 121.307     	30 121.598     	11 121.488     	69 121.499     	74 121.554     	41 122.212     	35 120.890     	94 121.355     	14 121.782     	53 123.014     	21 121.707     	22 122.319     	20 122.689     	26 121.433     	 3 122.896     	 2 123.930     	
Lap 23	47 120.845     	31 119.930     	42 119.282     	29 119.693     	98 119.416     	19 119.654     	81 120.480     	30 120.612     	80 121.891     	11 121.404     	69 121.170     	74 122.073     	41 122.216     	35 121.277     	94 121.622     	14 122.160     	53 121.197     	21 121.025     	22 121.670     	20 122.095     	26 122.065     	 3 121.588     	 2 124.088     	
Lap 24	47 120.840     	31 120.294     	42 120.064     	29 120.671     	98 119.715     	19 119.771     	81 120.319     	30 122.103     	80 121.834     	11 122.021     	69 121.565     	41 121.848     	74 122.352     	35 123.442     	94 121.029     	14 122.394     	21 121.627     	53 123.945     	22 122.617     	20 122.340     	 3 123.705     	26 124.534     	 2 123.418     	
Lap 25	47 121.279     	31 119.489     	42 120.301     	19 120.121     	98 122.369     	29 123.604     	81 120.201     	30 122.153     	80 121.790     	11 121.496     	69 121.670     	41 121.349     	74 122.164     	35 121.930     	94 121.121     	14 121.098     	21 122.113     	53 121.193     	22 122.648     	20 122.492     	26 122.452     	 3 122.685     	 2 123.715     	
Lap 26	47 121.224     	31 120.147     	42 119.437     	19 121.135     	98 121.082     	29 120.843     	81 120.361     	30 121.973     	80 121.847     	11 122.003     	69 122.080     	41 121.439     	74 122.194     	94 121.254     	35 121.911     	14 120.924     	21 123.414     	53 124.246     	22 122.352     	20 122.459     	26 123.045     	 3 123.367     	 2 123.782     	
Lap 27	31 119.929     	42 119.484     	47 138.616 PIT	19 121.653     	98 121.309     	29 121.325     	81 121.063     	80 121.973     	30 122.211     	11 121.717     	69 122.036     	41 120.531     	74 122.144     	94 122.122     	14 121.178     	35 123.926     	21 121.595     	53 121.686     	22 122.399     	20 123.095     	26 123.824     	 3 123.445     	 2 123.978     	
Lap 28	31 120.109     	42 119.985     	47 119.596     	19 121.562     	98 121.527     	29 121.424     	81 120.998     	30 121.597     	80 121.686     	11 121.656     	69 121.593     	41 120.510     	74 122.235     	94 122.007     	14 123.064     	35 124.104     	21 121.454     	53 121.438     	22 121.546     	20 121.611     	26 123.251     	 3 123.871     	 2 124.474     	
Lap 29	31 119.857     	42 119.886     	47 119.338     	19 121.740     	98 121.819     	29 121.780     	81 121.253     	80 121.494     	30 122.197     	11 121.973     	69 122.429     	41 121.292     	94 122.531     	74 122.949     	14 121.574     	35 121.259     	21 121.892     	53 121.425     	22 121.300     	20 122.086     	26 123.893     	 3 123.300     	 2 123.748     	
Lap 30	31 120.795     	47 120.293     	42 121.102     	19 121.659     	29 121.652     	98 121.922     	81 120.691     	30 121.861     	80 122.509     	11 120.906     	69 121.044     	41 121.217     	74 122.123     	94 122.909     	14 121.705     	35 121.298     	21 123.869     	22 121.347     	53 124.234     	20 121.498     	26 123.592     	 3 124.117     	 2 124.284     	
Lap 31	31 120.272     	47 120.509     	42 120.803     	19 122.280     	29 122.315     	81 121.399     	98 122.979     	30 122.017     	80 122.523     	11 121.047     	69 121.402     	41 121.560     	94 122.102     	74 123.333     	35 121.779     	14 123.506     	21 123.186     	22 122.782     	53 123.773     	20 121.601     	26 124.337     	 3 123.847     	 2 124.659     	
Lap 32	31 120.760     	42 120.780     	47 121.237     	19 122.270     	29 122.322     	81 122.559     	98 122.273     	80 121.784     	30 122.798     	11 122.413     	69 121.472     	41 121.366     	94 122.268     	74 123.252     	35 122.592     	14 123.252     	22 122.667     	21 123.979     	53 122.908     	20 123.129     	26 124.231     	 3 124.537     	 2 124.545     	
Lap 33	31 120.328     	47 120.893     	42 122.149     	19 121.831     	98 121.521     	29 122.414     	81 122.600     	80 122.862     	30 122.504     	11 122.662     	69 122.815     	41 121.031     	94 121.379     	74 123.254     	14 122.371     	35 124.977     	22 122.658     	53 123.406     	21 124.000     	20 123.480     	26 124.479     	 3 124.243     	 2 124.514     	
Lap 34	31 120.451     	47 120.409     	42 120.749     	19 121.509     	98 121.685     	29 122.259     	81 122.833     	30 121.720     	80 122.342     	11 123.141     	41 122.763     	69 123.109     	94 121.840     	74 123.234     	14 124.521     	35 124.022     	22 122.276     	53 123.765     	21 123.864     	20 123.977     	 3 124.224     	26 124.742     	 2 124.535     	
Lap 35	31 121.309     	47 120.269     	42 121.200     	19 121.604     	98 121.966     	29 121.972     	81 122.258     	30 122.531     	80 122.367     	11 122.659     	41 123.014     	69 123.296     	94 121.769     	74 122.569     	14 123.792     	22 122.229     	35 124.826     	53 123.331     	20 123.700     	21 124.170     	26 123.413     	 3 124.028     	 2 125.431     	
Lap 36	31 120.934     	47 120.579     	42 120.623     	19 121.512     	98 122.741     	29 122.509     	30 122.790     	80 123.112     	11 121.843     	41 122.519     	69 123.393     	81 139.497 PIT	94 122.275     	74 122.557     	14 122.619     	22 123.694     	20 123.837     	35 141.361 PIT	53 141.140 PIT	21 141.063 PIT	26 124.571     	 3 125.082     	 2 142.294 PIT	
Lap 37	47 120.752     	31 138.904 PIT	42 138.274 PIT	98 122.334     	29 122.688     	19 138.312 PIT	41 122.341     	81 121.499     	69 123.288     	94 121.875     	11 138.507 PIT	30 140.528 PIT	80 140.198 PIT	22 122.000     	74 139.884 PIT	14 139.266 PIT	35 120.978     	53 122.364     	20 140.587 PIT	21 123.352     	26 125.315     	 3 125.310     	 2 124.112     	
Lap 38	47 120.728     	31 119.789     	42 119.737     	19 120.198     	81 121.304     	98 140.345 PIT	41 123.632     	29 140.330 PIT	69 122.123     	94 122.065     	11 121.940     	80 121.514     	30 121.890     	74 121.666     	14 121.060     	35 120.936     	22 140.264 PIT	53 120.577     	21 122.298     	20 123.152     	26 142.246 PIT	 3 142.551 PIT	 2 123.411     	
Lap 39	47 120.370     	31 119.484     	42 119.340     	19 119.773     	81 121.022     	98 121.314     	29 121.402     	41 123.094     	94 122.190     	30 120.612     	80 121.169     	11 121.914     	69 141.323 PIT	74 120.713     	14 121.295     	35 121.051     	22 121.141     	53 121.019     	21 122.763     	20 122.057     	26 122.538     	 3 121.621     	 2 123.904     	
Lap 40	47 120.097     	31 119.615     	42 119.390     	19 120.126     	81 121.873     	98 121.450     	29 121.256     	41 122.400     	30 121.580     	80 121.711     	11 122.086     	69 121.212     	94 140.579 PIT	74 120.638     	14 121.375     	35 120.801     	22 121.067     	53 120.730     	21 123.090     	20 123.399     	26 122.733     	 3 122.712     	 2 123.644     	
Lap 41	31 120.393     	47 121.785     	42 119.315     	19 120.441     	98 121.177     	81 121.859     	29 121.422     	30 121.981     	80 121.818     	11 122.207     	69 119.855     	41 140.510 PIT	94 121.192     	74 120.892     	14 120.771     	35 121.314     	22 121.380     	53 120.699     	20 122.621     	21 123.033     	26 123.032     	 3 123.176     	 2 123.449     	
Lap 42	31 121.230     	47 121.411     	42 120.158     	19 119.709     	98 121.030     	29 120.659     	81 121.991     	30 121.223     	80 121.179     	11 120.250     	69 120.514     	41 120.776     	94 120.308     	74 121.114     	14 120.640     	35 120.924     	22 121.184     	53 120.579     	20 122.105     	21 122.888     	26 123.071     	 3 123.494     	 2 124.238     	
Lap 43	31 120.818     	47 121.336     	42 120.007     	19 120.216     	98 121.161     	29 121.042     	81 122.552     	30 121.884     	80 121.501     	11 121.710     	69 120.083     	41 120.573     	94 120.641     	74 121.195     	14 120.972     	35 120.636     	22 121.127     	53 121.142     	20 122.052     	21 123.387     	26 122.872     	 3 123.440     	 2 123.853     	
Lap 44	31 119.656     	47 121.575     	42 120.375     	19 119.700     	98 120.852     	29 121.232     	81 120.418     	30 121.550     	80 122.152     	11 122.408     	69 120.499     	41 120.094     	94 120.496     	74 121.129     	14 121.584     	35 121.095     	22 121.535     	53 120.917     	20 121.255     	21 121.839     	26 121.516     	 3 121.633     	 2 123.661     	
Lap 45	31 119.773     	42 119.987     	47 138.564 PIT	19 120.156     	29 120.816     	98 121.701     	81 120.904     	30 122.126     	80 121.857     	11 121.500     	69 121.892     	41 120.359     	94 120.904     	74 121.110     	14 121.785     	35 121.529     	22 122.746     	53 123.456     	20 121.811     	21 122.259     	26 121.597     	 3 121.133     	 2 124.263     	
Lap 46	31 119.683     	42 119.573     	47 119.820     	19 120.274     	81 120.653     	29 122.069     	98 122.641     	30 121.713     	80 121.483     	69 120.329     	11 122.136     	41 120.560     	94 120.830     	74 121.543     	14 121.339     	35 121.625     	22 121.151     	53 121.060     	20 122.026     	21 122.096     	26 123.135     	 3 123.707     	 2 124.087     	
Lap 47	31 119.916     	42 120.337     	47 119.594     	19 120.954     	29 121.405     	81 121.979     	98 122.575     	30 122.104     	80 122.154     	69 121.792     	41 120.533     	11 122.500     	94 120.500     	74 121.835     	14 121.686     	35 121.648     	22 121.824     	53 121.507     	20 121.867     	21 121.775     	26 122.691     	 3 121.792     	 2 123.912     	
Lap 48	31 120.191     	42 119.979     	47 119.664     	19 120.572     	29 121.787     	98 120.261     	81 122.504     	30 121.987     	80 122.498     	69 122.395     	41 121.661     	11 122.994     	94 120.901     	74 121.721     	14 121.994     	35 121.148     	22 122.232     	53 124.045     	20 121.829     	21 122.170     	26 123.502     	 3 123.249     	 2 124.114     	
Lap 49	31 120.754     	42 119.895     	47 119.579     	19 121.137     	29 121.472     	98 122.137     	81 122.447     	30 121.917     	41 122.125     	69 122.294     	80 122.561     	11 121.258     	94 120.851     	74 122.054     	14 123.004     	35 124.255     	22 121.384     	53 121.608     	20 121.939     	21 122.097     	26 123.393     	 3 124.226     	 2 124.738     	
Lap 50	31 120.461     	42 120.984     	47 119.672     	19 121.098     	29 121.982     	81 121.468     	98 123.111     	30 120.887     	41 121.907     	80 121.961     	69 122.433     	94 121.494     	11 123.171     	74 121.790     	14 122.123     	35 121.321     	22 122.097     	53 121.808     	20 121.896     	21 122.811     	26 122.891     	 3 121.971     	 2 124.359     	
Lap 51	31 120.160     	42 120.955     	47 119.673     	19 120.624     	29 121.232     	98 122.116     	81 122.769     	30 120.815     	41 122.274     	80 122.608     	69 122.393     	94 122.096     	11 122.597     	74 122.374     	14 121.601     	35 122.017     	22 122.326     	53 121.805     	20 121.844     	21 122.627     	26 124.262     	 3 124.443     	 2 124.682     	
Lap 52	31 120.574     	42 120.755     	47 120.197     	19 121.428     	29 121.381     	98 122.413     	81 123.202     	30 121.157     	41 122.160     	80 122.231     	69 122.920     	94 122.155     	11 122.883     	74 122.486     	14 122.548     	35 121.940     	22 122.233     	53 122.484     	20 122.085     	21 122.342     	26 124.041     	 3 123.674     	 2 124.921     	
Lap 53	31 120.925     	42 121.113     	47 120.446     	19 121.228     	29 121.238     	98 120.780     	81 121.587     	30 121.544     	41 122.708     	94 121.851     	80 123.035     	69 122.402     	11 121.626     	74 122.040     	14 123.970     	35 124.586     	22 121.923     	53 122.226     	20 122.288     	21 123.340     	26 124.013     	 3 124.201     	 2 125.078     	
Lap 54	31 121.050     	42 120.757     	47 120.040     	19 121.352     	29 121.626     	98 121.570     	30 122.125     	41 122.202     	69 122.304     	80 122.745     	81 139.841 PIT	94 123.361     	11 123.587     	74 122.683     	14 122.022     	22 122.223     	20 122.354     	35 139.659 PIT	53 139.686 PIT	21 140.801 PIT	 3 124.028     	26 124.417     	 2 125.054     	
Lap 55	42 121.182     	47 119.765     	31 138.343 PIT	19 121.932     	29 121.080     	98 121.015     	30 122.308     	41 121.709     	81 121.889     	69 122.910     	94 122.487     	80 123.592     	11 121.920     	14 122.397     	22 122.539     	74 139.553 PIT	35 120.886     	53 121.518     	20 139.728 PIT	21 121.260     	26 123.207     	 3 123.504     	 2 125.927     	

-- OFFICIAL RESULTS --
Pos	#No	Driver						Team					Time		Diff		Pits	Best
01	#42	OOS	Frank Oosterhout		Cows Go Moo Racing		1:51:15.060	-0.000		2		119.282
02	#47	PAV	ketila léqa pavúteka	Team Solea Racing		1:51:15.476	-0.416		3		119.338
03	#31	ŠAŊ	xap'ít celentir šaŋév	Team Solea Racing		1:51:16.921	-1.862		3		119.484
04	#19	ZAI	khélok atep zailunaɰ	Team Solea Racing		1:51:42.209	-27.149		2		119.473
05	#29	ALU	Sago Aludetsei			Dotruga Formula Racing	1:52:02.584	-47.524		2		119.693
06	#98	MOT	Gorga Motxev			Dotruga Formula Racing	1:52:05.944	-50.884		2		119.416
07	#30	WIS	Josh Wise				BONGATAR				1:52:19.762	-64.702		2		120.307
08	#41	CAN	Olga Candy				Cows Go Moo Racing		1:52:25.059	-69.999		2		120.094
09	#81	KÆR	Lyǽs Kæræsekæræn		Team V.V. Imperial		1:52:26.920	-71.860		3		120.201
10	#69	SAN	Marisa Sanchez			Cows Go Moo Racing		1:52:27.592	-72.532		2		119.855
11	#94	NES	At'ipi Nesbeksë			Team Diigikwk Racers	1:52:27.724	-72.664		2		120.308
12	#80	AYA	Ifloenne é Aya			Team V.V. Imperial		1:52:28.457	-73.397		2		120.921
13	#11	KEG	Tuto Keget				Dotruga Formula Racing	1:52:28.820	-73.760		2		120.250
14	#14	HÚC	Daseno Húctu			Team Vikasani			1:52:41.209	-86.150		2		120.640
15	#22	PHI	Philipe					Team Vincent			1:52:45.078	-90.018		2		121.067
16	#74	KON	Bařàsiz Konoca			Team Diigikwk Racers	1:52:53.347	-98.287		3		120.638
17	#35	AKA	Asaúni Akaleta			Team Vikasani			1:52:58.864	-103.804	3		120.278
18	#53	TÀC	Ešuro Tàcràɰë			Team Diigikwk Racers	1:53:04.102	-109.042	3		120.577
19	#20	MAC	Mac						Team Vincent			1:53:15.361	-120.301	3		121.255
20	#21	ORS	Orson					Team Vincent			1:53:22.068	-127.008	3		121.025
21	#26	ILI	Rikvisi Iliria			Team Vikasani			1:53:36.579	-141.519	2		121.433
22	# 3	BOB	Bob						BONGATAR				1:53:36.732	-141.672	2		121.133
23	# 2	HID	Body Hide				BONGATAR				1:54:27.232	-192.172	2		123.033
24	#82	SAN	Nukki Savra Sanda		Team V.V. Imperial		RETIRED		DNF			0		122.046

-- RACE INCIDENT REPORT --
ketila léqa pavúteka made a pit stop to repair damage caused by a large incident while attempting an overtake on lap 7.
Josh Wise made a mistake while attempting an overtake on lap 8.
At'ipi Nesbeksë made a mistake while attempting an overtake on lap 8.
Body Hide made a mistake while attempting an overtake on lap 10.
Nukki Savra Sanda crashed out on lap 12.
Orson made a mistake while attempting an overtake on lap 17.
Ifloenne é Aya made a mistake while attempting an overtake on lap 19.
Mac made a mistake while attempting an overtake on lap 21.
Rikvisi Iliria made a mistake while attempting an overtake on lap 24.
Sago Aludetsei made a mistake while attempting an overtake on lap 25.
Asaúni Akaleta made a mistake on lap 34.
Mac made a mistake while attempting an overtake on lap 40.
