-- LAP TIMES --
Lap 1	47 103.809     	19 104.082     	98 103.907     	29 104.194     	42 104.353     	31 104.360     	11 104.535     	80 104.265     	69 104.411     	94 104.643     	30 104.548     	81 104.958     	74 104.813     	53 104.980     	21 105.018     	41 105.301     	20 105.089     	22 105.196     	14 105.128     	35 105.487     	 3 105.625     	26 105.774     	82 106.199     	 2 106.259     	
Lap 2	47 103.990     	98 104.154     	31 104.083     	19 104.615     	42 104.444     	11 104.082     	29 104.709     	94 104.295     	80 104.651     	74 104.497     	30 105.104     	69 105.152     	81 104.851     	41 104.681     	22 104.636     	20 104.791     	53 105.020     	14 104.740     	21 105.078     	35 105.616     	 3 105.732     	26 106.003     	82 105.846     	 2 106.492     	
Lap 3	47 104.130     	98 103.894     	19 103.876     	42 104.011     	31 104.619     	11 104.455     	29 104.380     	80 104.419     	94 104.833     	30 104.786     	81 104.662     	74 105.139     	21 104.258     	69 105.016     	22 104.823     	20 104.811     	53 104.873     	41 105.204     	14 105.427     	35 105.606     	 3 105.477     	26 106.401     	82 106.077     	 2 105.888     	
Lap 4	47 104.148     	19 103.831     	98 104.555     	42 104.720     	31 104.560     	29 104.257     	11 105.025     	94 104.791     	80 105.087     	81 104.458     	69 104.632     	30 105.325     	53 104.793     	74 105.320     	21 105.360     	22 105.065     	20 105.120     	41 105.232     	14 105.655     	35 104.987     	 3 106.395     	82 105.669     	26 106.094     	 2 106.787     	
Lap 5	47 104.129     	19 103.917     	98 104.841     	29 104.120     	42 104.375     	31 104.371     	11 104.414     	80 104.723     	94 104.965     	69 104.732     	81 105.142     	74 104.575     	53 105.025     	30 105.266     	21 105.058     	41 104.800     	22 105.580     	20 105.561     	14 105.238     	35 106.394     	 3 105.805     	26 105.150     	82 106.230     	 2 106.013     	
Lap 6	19 103.270     	47 104.195     	98 104.188     	42 104.083     	31 104.057     	29 104.682     	11 104.933     	94 104.877     	80 105.185     	69 104.841     	81 104.818     	74 104.745     	53 104.807     	21 105.034     	30 105.233     	41 105.172     	20 105.058     	22 105.254     	35 103.872     	14 106.382     	 3 106.097     	26 105.976     	82 107.102     	 2 106.560     	
Lap 7	19 104.009     	47 104.001     	98 104.138     	31 104.104     	42 104.449     	29 104.172     	11 104.731     	80 104.424     	94 104.657     	81 104.914     	69 105.375     	74 104.978     	53 104.734     	30 105.102     	21 105.461     	41 105.237     	22 105.482     	20 105.735     	35 105.516     	14 106.364     	 3 105.400     	26 105.205     	82 106.713     	 2 106.704     	
Lap 8	19 104.406     	47 103.829     	98 104.092     	31 104.324     	29 104.036     	42 104.878     	11 104.976     	94 105.105     	80 105.121     	81 105.435     	74 105.298     	69 105.505     	53 105.668     	30 104.991     	41 105.242     	21 105.697     	22 105.489     	35 104.404     	20 105.842     	14 104.853     	26 104.829     	 3 105.847     	82 106.427     	 2 106.868     	
Lap 9	19 104.217     	47 104.360     	98 104.594     	31 104.373     	29 104.836     	42 105.051     	11 104.256     	80 104.674     	94 105.139     	81 105.394     	69 105.334     	53 104.921     	74 105.619     	30 105.474     	41 105.665     	21 105.933     	35 105.233     	22 105.714     	20 105.595     	14 104.311     	26 106.271     	 3 106.270     	82 105.818     	 2 107.207     	
Lap 10	19 104.842     	47 104.787     	98 104.477     	31 104.641     	29 104.384     	11 103.589     	42 105.546     	80 104.664     	94 104.509     	69 104.965     	81 105.740     	30 104.849     	74 105.530     	53 105.841     	41 105.860     	21 105.681     	22 105.251     	35 105.477     	20 105.174     	14 106.778     	26 106.316     	 3 106.518     	82 105.516     	 2 106.555     	
Lap 11	47 104.252     	19 104.637     	98 104.445     	29 104.217     	31 104.639     	11 105.177     	42 104.980     	94 104.546     	80 105.429     	69 105.384     	30 104.856     	81 105.719     	74 105.843     	53 106.429     	41 105.611     	21 105.370     	20 105.642     	22 105.991     	35 105.881     	14 104.627     	26 105.737     	 3 105.264     	82 105.216     	 2 106.696     	
Lap 12	19 103.516     	47 104.248     	98 104.872     	29 104.667     	11 105.206     	31 107.943     	42 105.443     	80 104.695     	94 105.636     	30 104.960     	69 105.055     	81 105.528     	74 105.374     	53 105.675     	21 105.316     	41 105.770     	20 105.397     	22 105.617     	14 104.553     	35 107.227     	26 106.674     	 3 106.687     	82 105.118     	 2 106.638     	
Lap 13	47 104.336     	19 105.035     	29 104.750     	98 105.715     	11 104.859     	31 104.542     	42 104.789     	94 104.658     	80 105.505     	30 105.811     	74 104.544     	69 105.983     	81 105.958     	53 105.110     	41 105.703     	21 106.230     	20 105.798     	14 105.855     	22 106.083     	35 105.068     	26 106.888     	 3 106.318     	82 106.478     	 2 107.374     	
Lap 14	19 103.579     	47 104.955     	29 104.795     	98 106.017     	31 104.660     	42 104.840     	11 105.689     	80 104.623     	94 105.691     	30 105.658     	69 105.828     	74 106.153     	81 106.081     	53 106.696     	41 105.535     	20 105.433     	21 105.920     	14 105.907     	22 106.321     	35 106.644     	26 106.661     	82 105.805     	 3 107.370     	 2 106.686     	
Lap 15	19 103.934     	47 103.832     	29 104.267     	98 103.769     	31 105.468     	42 104.906     	11 105.826     	80 105.339     	94 105.381     	30 105.212     	69 105.305     	74 105.041     	81 104.821     	53 105.276     	41 105.974     	21 105.575     	20 106.395     	14 105.804     	35 104.729     	22 106.008     	 3 106.291     	82 106.858     	26 107.207     	 2 106.834     	
Lap 16	19 104.018     	47 104.544     	29 104.424     	98 103.914     	31 104.749     	11 104.463     	42 105.784     	80 105.214     	94 105.339     	30 105.913     	74 105.878     	69 106.003     	81 106.583     	53 105.935     	41 105.718     	21 105.672     	20 106.094     	14 106.006     	35 105.676     	22 105.703     	26 105.847     	82 106.754     	 3 106.881     	 2 107.129     	
Lap 17	19 103.917     	47 104.370     	29 105.584     	98 106.458     	31 105.045     	11 105.266     	42 105.073     	80 105.644     	94 105.549     	30 106.019     	74 105.885     	81 104.444     	69 106.025     	53 105.669     	41 105.763     	21 105.848     	22 105.559     	14 106.411     	20 106.635     	35 106.336     	 3 105.817     	26 107.145     	82 107.615     	 2 107.743     	
Lap 18	19 104.802     	47 104.000     	29 104.202     	98 104.827     	31 104.627     	11 105.699     	42 105.694     	80 105.918     	94 105.516     	30 106.056     	69 106.008     	81 106.215     	74 106.326     	53 105.938     	21 105.510     	41 106.206     	20 106.050     	14 106.155     	22 107.997     	35 108.058     	26 105.699     	 3 106.655     	82 106.640     	 2 108.102     	
Lap 19	19 104.737     	47 104.491     	29 104.352     	98 104.694     	31 103.983     	11 105.635     	42 105.718     	80 105.961     	94 105.955     	74 105.142     	30 106.062     	69 106.351     	81 106.605     	53 106.422     	21 106.094     	41 107.114     	20 106.198     	14 107.072     	22 106.167     	35 107.420     	26 107.239     	 3 107.198     	82 106.018     	
Lap 20	19 104.836     	29 104.782     	98 104.372     	11 105.665     	42 105.601     	94 105.468     	47 122.055 PIT	74 106.023     	69 106.790     	31 121.245 PIT	53 106.487     	22 106.486     	35 105.289     	80 123.568 PIT	30 123.043 PIT	81 123.127 PIT	21 123.202 PIT	41 123.235 PIT	20 123.152 PIT	14 124.072 PIT	26 125.082 PIT	82 124.718 PIT	 3 126.073 PIT	
Lap 21	98 104.544     	42 105.821     	11 106.485     	19 121.665 PIT	47 103.912     	94 106.283     	29 122.679 PIT	69 105.017     	31 104.585     	53 107.869     	22 106.692     	35 108.194     	80 104.435     	30 104.093     	81 104.154     	74 122.749 PIT	21 104.572     	41 105.848     	20 105.927     	14 104.817     	26 106.171     	82 106.268     	 3 105.515     	
Lap 22	98 105.033     	47 103.484     	19 104.438     	29 103.319     	31 104.544     	42 122.980 PIT	80 104.018     	11 123.853 PIT	94 122.601 PIT	35 107.083     	30 103.851     	74 104.217     	81 104.975     	21 103.932     	69 123.194 PIT	41 104.581     	53 122.192 PIT	20 105.093     	14 106.414     	22 122.484 PIT	26 106.186     	 3 105.759     	82 106.229     	
Lap 23	19 103.596     	47 104.348     	29 103.070     	31 103.295     	98 122.670 PIT	42 104.621     	80 104.917     	11 105.394     	94 104.833     	30 103.839     	74 104.980     	81 105.362     	21 105.378     	69 105.032     	41 103.634     	53 104.925     	20 104.787     	14 105.671     	22 105.418     	35 124.743 PIT	26 105.743     	 3 105.308     	82 105.891     	
Lap 24	19 104.123     	47 103.712     	29 103.028     	31 103.479     	98 103.083     	42 104.770     	80 104.655     	11 103.645     	94 104.350     	30 104.472     	74 104.266     	81 103.990     	21 104.973     	69 104.913     	41 104.463     	53 104.811     	20 105.554     	22 104.568     	14 105.419     	35 104.769     	26 105.814     	 3 105.906     	82 105.747     	
Lap 25	19 104.312     	47 104.342     	29 103.673     	31 103.485     	98 103.597     	42 104.396     	80 105.168     	94 103.618     	11 105.392     	30 103.696     	74 105.164     	81 105.247     	21 105.222     	69 105.007     	41 105.620     	53 104.841     	20 105.105     	22 104.939     	14 105.788     	35 104.109     	 3 106.129     	26 106.400     	82 106.664     	
Lap 26	47 103.886     	19 104.757     	29 103.510     	31 102.945     	98 103.154     	42 103.034     	80 104.692     	11 104.822     	30 103.821     	94 104.921     	74 105.023     	81 105.464     	69 105.214     	21 105.547     	41 104.027     	53 103.472     	20 104.515     	22 103.877     	14 104.173     	35 104.050     	 3 105.365     	26 105.214     	82 106.334     	
Lap 27	19 103.426     	47 104.506     	29 103.605     	31 103.396     	98 103.646     	42 103.099     	80 104.526     	11 104.422     	94 104.580     	30 104.774     	74 104.379     	81 104.363     	69 105.147     	53 103.637     	41 105.085     	21 105.548     	20 104.134     	22 104.634     	14 103.991     	35 104.392     	26 105.481     	 3 105.825     	82 106.769     	
Lap 28	19 104.376     	47 104.369     	29 103.414     	31 103.044     	98 102.894     	42 103.658     	80 105.214     	30 104.196     	11 104.670     	94 105.045     	74 103.611     	81 104.178     	69 105.070     	41 105.282     	21 105.108     	53 105.568     	20 104.649     	22 105.178     	14 105.490     	35 104.258     	26 105.720     	 3 106.533     	82 106.098     	
Lap 29	19 104.139     	47 103.970     	29 103.337     	31 103.635     	98 103.682     	42 103.293     	11 104.530     	94 103.925     	30 104.886     	80 105.052     	74 104.455     	81 104.695     	69 105.118     	41 104.911     	21 105.030     	53 106.270     	20 104.883     	22 104.895     	14 105.561     	35 104.332     	26 105.577     	 3 104.814     	82 106.121     	
Lap 30	29 103.160     	19 104.076     	47 105.017     	31 103.498     	98 103.625     	42 103.369     	11 104.463     	80 104.731     	30 104.995     	94 105.320     	74 104.289     	81 104.432     	69 104.860     	21 104.666     	41 105.418     	53 105.132     	20 105.753     	22 104.689     	14 104.481     	35 104.694     	26 106.407     	 3 106.295     	82 106.988     	
Lap 31	29 104.394     	47 104.060     	19 105.249     	31 103.394     	98 103.897     	42 104.144     	11 104.701     	94 104.610     	80 104.909     	30 105.014     	74 104.296     	81 104.790     	69 105.495     	53 103.912     	21 105.664     	41 105.641     	20 104.156     	22 104.106     	14 104.402     	35 104.393     	26 106.826     	 3 106.733     	82 106.609     	
Lap 32	29 104.543     	19 103.640     	47 104.388     	31 103.332     	98 103.790     	42 103.420     	11 105.163     	30 104.538     	94 105.209     	80 105.386     	74 104.730     	81 104.508     	69 105.367     	53 105.139     	21 106.081     	41 105.883     	20 105.490     	22 104.606     	14 104.560     	35 104.500     	 3 106.547     	26 106.913     	82 106.832     	
Lap 33	29 104.723     	19 105.027     	31 104.022     	47 104.945     	98 103.908     	42 103.746     	11 105.536     	80 105.208     	30 105.790     	94 105.494     	74 103.998     	81 104.995     	69 105.294     	53 105.820     	41 105.446     	21 105.926     	20 106.211     	22 105.509     	14 104.580     	35 104.348     	26 105.406     	 3 106.670     	82 106.332     	
Lap 34	29 104.807     	47 104.152     	19 104.914     	31 105.062     	98 103.602     	42 104.379     	11 105.408     	80 105.001     	74 104.753     	94 105.651     	30 106.096     	81 104.788     	69 105.904     	53 105.260     	41 105.520     	21 106.106     	22 105.579     	20 105.814     	14 106.629     	35 105.107     	26 105.388     	 3 105.175     	82 106.848     	
Lap 35	47 104.635     	29 105.150     	19 105.069     	98 104.170     	31 105.346     	42 103.544     	80 105.260     	11 105.626     	30 104.512     	74 105.719     	94 105.784     	81 104.491     	69 105.435     	53 106.846     	41 106.084     	21 106.213     	20 105.860     	22 106.177     	14 106.371     	35 107.259     	26 106.664     	 3 106.920     	82 107.223     	
Lap 36	29 104.982     	47 105.348     	98 104.599     	19 105.399     	31 106.223     	42 103.999     	80 105.332     	11 105.513     	30 105.307     	94 105.029     	74 106.106     	81 104.367     	69 104.288     	53 105.686     	41 106.087     	21 105.852     	20 105.666     	22 106.022     	14 105.292     	35 105.112     	26 105.840     	 3 105.211     	82 106.960     	
Lap 37	47 104.972     	29 105.281     	98 104.949     	19 105.143     	31 104.305     	42 104.304     	80 105.633     	11 105.622     	94 105.279     	30 105.879     	74 105.881     	81 106.724     	69 104.887     	53 105.543     	41 106.168     	21 106.167     	20 106.741     	14 104.949     	22 106.385     	35 104.538     	26 107.453     	 3 106.973     	82 106.881     	
Lap 38	47 104.902     	98 105.041     	29 105.397     	19 104.890     	31 105.944     	42 104.132     	80 105.554     	30 105.352     	11 105.758     	94 105.856     	74 105.164     	81 105.230     	69 104.887     	53 105.190     	41 106.008     	21 105.979     	22 105.951     	14 106.346     	20 106.634     	35 107.546     	26 106.755     	 3 107.875     	82 107.244     	
Lap 39	47 105.784     	98 105.643     	29 105.912     	19 105.860     	31 106.393     	42 104.600     	80 105.803     	11 105.860     	30 106.006     	94 106.052     	74 105.257     	81 105.224     	69 104.486     	53 104.890     	41 106.550     	21 106.946     	22 106.094     	14 106.122     	20 106.102     	35 104.667     	26 105.980     	 3 106.358     	82 107.531     	
Lap 40	98 105.546     	29 106.212     	19 106.109     	31 104.300     	42 104.669     	47 122.607 PIT	11 106.219     	30 106.203     	74 105.733     	94 106.206     	81 105.698     	69 104.834     	53 105.216     	41 105.467     	80 123.169 PIT	22 105.953     	14 106.730     	35 108.208     	21 123.481 PIT	20 123.831 PIT	26 105.970     	 3 106.247     	82 108.075     	
Lap 41	98 104.802     	19 105.523     	42 104.908     	47 103.557     	29 123.041 PIT	31 123.796 PIT	11 105.467     	30 106.182     	94 105.987     	69 104.988     	53 104.787     	80 104.642     	74 123.447 PIT	22 106.596     	81 122.090 PIT	14 105.808     	35 105.832     	41 122.218 PIT	21 105.448     	20 105.776     	26 106.988     	 3 106.293     	82 124.777 PIT	
Lap 42	98 104.127     	19 104.580     	47 103.458     	29 103.833     	31 103.246     	42 121.901 PIT	11 106.478     	30 107.191     	80 103.950     	74 104.916     	81 105.504     	94 123.279 PIT	22 106.660     	14 107.137     	35 105.815     	69 122.508 PIT	53 122.658 PIT	41 104.320     	21 104.020     	20 103.984     	26 106.764     	 3 123.559 PIT	82 106.617     	
Lap 43	98 104.961     	19 105.150     	47 103.310     	29 104.434     	31 104.312     	42 103.861     	80 103.846     	74 104.749     	81 105.249     	94 104.635     	11 122.596 PIT	30 123.115 PIT	69 103.776     	35 107.696     	53 104.665     	41 104.368     	21 103.872     	20 103.657     	22 123.932 PIT	14 125.245 PIT	 3 104.746     	26 123.903 PIT	82 106.256     	
Lap 44	98 105.144     	47 103.505     	29 104.685     	31 105.005     	19 122.539 PIT	42 103.493     	80 104.116     	74 103.625     	94 104.393     	81 104.466     	11 105.433     	30 104.573     	69 103.408     	53 103.635     	41 103.701     	21 105.186     	20 105.123     	22 104.763     	14 104.104     	35 123.378 PIT	 3 104.929     	26 104.724     	82 106.257     	
Lap 45	47 103.266     	98 122.259 PIT	29 104.417     	31 104.198     	19 104.394     	42 104.350     	80 103.288     	74 103.964     	94 104.364     	11 103.942     	81 105.249     	30 104.648     	69 105.854     	53 104.031     	41 103.716     	21 104.907     	20 105.858     	22 103.884     	14 104.400     	35 105.884     	 3 104.772     	26 104.626     	82 105.700     	
Lap 46	47 103.174     	29 104.301     	98 104.544     	31 105.412     	19 104.223     	42 104.969     	80 103.615     	74 104.074     	94 105.114     	11 104.785     	81 104.524     	30 103.400     	69 103.857     	53 103.877     	41 104.450     	21 104.538     	20 104.763     	22 103.760     	14 104.667     	35 104.011     	 3 105.638     	26 104.898     	82 106.304     	
Lap 47	47 103.441     	29 104.227     	98 105.081     	19 103.737     	31 104.789     	42 103.378     	80 103.833     	74 104.107     	30 103.246     	94 104.831     	81 104.619     	11 104.784     	69 104.124     	53 103.641     	41 104.533     	21 104.148     	20 104.517     	22 103.686     	14 103.830     	35 104.151     	26 104.965     	 3 105.802     	82 106.077     	
Lap 48	47 103.228     	29 104.848     	98 104.691     	19 104.512     	42 104.445     	31 104.720     	80 103.904     	74 103.758     	30 104.518     	94 104.977     	11 105.056     	81 105.593     	69 104.371     	53 104.007     	41 104.057     	21 104.220     	20 104.762     	22 104.360     	14 104.125     	35 103.992     	26 106.444     	 3 106.261     	82 106.096     	
Lap 49	47 103.442     	29 104.698     	19 104.275     	98 104.801     	42 104.211     	31 104.716     	80 103.689     	74 104.225     	30 104.182     	94 104.761     	11 104.522     	69 104.559     	81 105.504     	53 103.682     	41 104.757     	21 104.050     	20 105.769     	22 105.687     	14 104.050     	35 104.343     	26 106.339     	 3 106.038     	82 106.118     	
Lap 50	47 103.521     	19 104.055     	29 104.585     	98 104.747     	42 104.254     	31 105.384     	80 103.689     	74 104.028     	30 104.323     	94 104.633     	11 104.799     	69 105.216     	81 105.620     	53 104.006     	41 104.021     	21 104.297     	20 106.043     	22 105.399     	14 104.821     	35 104.145     	26 106.541     	 3 106.619     	82 106.762     	
Lap 51	47 103.124     	29 104.306     	19 104.726     	98 103.982     	42 104.770     	31 103.249     	80 103.711     	74 104.749     	30 104.441     	94 104.788     	11 105.097     	69 105.543     	81 105.510     	53 106.433     	41 104.603     	21 104.126     	22 105.473     	20 106.080     	14 106.134     	35 103.919     	26 106.115     	 3 106.820     	82 106.905     	
Lap 52	47 103.496     	29 105.013     	19 104.650     	98 105.465     	42 104.455     	31 105.138     	80 103.867     	74 104.408     	30 104.027     	94 105.181     	11 105.411     	69 105.691     	53 104.344     	81 105.610     	41 104.518     	21 104.933     	22 105.650     	20 105.426     	14 105.375     	35 106.229     	26 106.666     	 3 107.159     	82 106.771     	
Lap 53	47 103.613     	19 104.670     	29 104.782     	98 104.225     	42 105.368     	31 104.871     	80 104.758     	74 104.727     	30 104.036     	94 105.476     	11 104.943     	69 105.055     	53 105.014     	81 105.724     	41 104.865     	21 104.646     	22 105.361     	20 105.739     	14 106.133     	35 104.556     	26 104.821     	 3 105.396     	82 106.984     	
Lap 54	47 103.911     	19 104.637     	29 105.084     	98 104.843     	42 104.706     	31 105.018     	80 104.841     	74 104.778     	30 104.120     	11 105.074     	94 105.473     	69 105.346     	53 105.516     	81 106.018     	41 104.205     	21 104.642     	22 105.286     	20 106.121     	14 105.360     	35 106.840     	26 105.660     	 3 105.378     	82 106.968     	
Lap 55	47 104.366     	19 104.949     	29 105.077     	98 105.320     	42 104.614     	31 104.975     	80 104.138     	74 104.176     	30 104.538     	11 105.151     	94 105.113     	69 105.971     	53 106.233     	41 105.102     	81 106.089     	21 104.562     	22 104.851     	20 105.686     	35 104.217     	14 107.191     	26 105.718     	 3 104.829     	82 109.050     	
Lap 56	47 103.853     	19 105.236     	29 105.312     	98 104.690     	31 103.754     	42 104.951     	80 104.450     	74 105.046     	30 104.193     	94 104.687     	11 105.707     	69 105.418     	53 105.936     	41 105.577     	81 105.603     	21 104.646     	22 104.464     	20 105.931     	14 104.572     	35 107.817     	26 106.468     	 3 106.604     	82 107.114     	
Lap 57	47 103.759     	19 105.016     	29 105.035     	98 105.221     	42 104.949     	31 105.530     	80 104.875     	74 104.489     	30 104.548     	94 105.564     	11 106.106     	69 104.855     	53 105.978     	41 105.744     	81 105.671     	21 105.354     	22 104.778     	20 106.704     	35 105.124     	14 107.321     	26 107.049     	 3 106.995     	82 106.853     	
Lap 58	47 104.220     	19 105.115     	98 104.808     	29 105.217     	42 105.437     	31 105.720     	80 104.338     	74 105.167     	30 104.807     	94 104.269     	11 104.445     	69 104.989     	53 105.811     	41 105.605     	81 106.325     	21 105.731     	22 104.748     	20 106.104     	35 105.632     	14 106.268     	26 106.826     	 3 107.479     	82 107.428     	
Lap 59	47 104.857     	19 105.435     	98 104.872     	29 105.744     	42 105.232     	31 105.398     	80 105.280     	74 104.629     	30 104.453     	94 104.900     	11 104.866     	69 105.245     	53 105.972     	41 106.633     	81 106.369     	21 105.592     	22 105.382     	35 105.640     	20 106.595     	14 106.775     	26 105.555     	 3 105.438     	82 107.760     	
Lap 60	47 104.520     	98 105.463     	19 105.626     	29 105.310     	42 105.419     	31 106.154     	80 105.300     	74 104.926     	30 105.032     	94 104.846     	11 104.856     	69 105.492     	53 106.436     	41 106.529     	81 106.479     	22 105.487     	21 122.531 PIT	35 106.525     	14 105.615     	20 123.577 PIT	26 106.381     	 3 105.484     	82 106.939     	
Lap 61	47 104.678     	98 105.055     	19 105.088     	42 106.407     	31 105.056     	29 124.006 PIT	74 105.425     	30 105.407     	94 105.444     	80 122.941 PIT	11 104.501     	69 105.361     	53 106.121     	41 106.650     	22 104.976     	21 105.535     	81 123.166 PIT	14 105.739     	35 107.378     	20 104.495     	26 107.332     	 3 107.433     	82 107.513     	
Lap 62	47 105.235     	98 105.593     	19 105.721     	42 105.735     	29 103.742     	31 123.253 PIT	30 105.163     	80 105.227     	94 105.755     	11 106.252     	74 122.791 PIT	53 105.542     	41 106.039     	22 105.273     	69 122.069 PIT	21 103.708     	81 105.647     	14 106.278     	35 107.296     	20 104.492     	26 107.762     	 3 107.630     	82 124.672 PIT	
Lap 63	47 105.359     	98 105.160     	19 106.001     	29 102.998     	31 103.884     	42 122.271 PIT	80 104.232     	94 105.584     	74 104.455     	30 122.613 PIT	41 106.029     	11 121.503 PIT	69 104.359     	21 104.083     	53 122.443 PIT	81 104.853     	35 105.001     	22 122.640 PIT	20 104.053     	14 123.901 PIT	26 124.797 PIT	 3 125.207 PIT	82 105.911     	
Lap 64	47 123.194 PIT	98 104.752     	29 103.576     	19 121.842 PIT	31 104.352     	42 104.575     	80 103.674     	74 104.082     	30 103.829     	11 104.003     	94 122.674 PIT	69 103.822     	21 104.229     	53 104.639     	81 104.088     	41 123.237 PIT	22 104.602     	20 103.998     	14 104.238     	35 122.951 PIT	26 106.222     	 3 106.215     	82 106.348     	
Lap 65	47 103.267     	29 103.686     	98 121.646 PIT	19 104.113     	31 104.068     	42 104.428     	80 103.441     	74 104.066     	30 103.817     	11 103.131     	94 104.013     	69 103.965     	21 104.280     	53 105.075     	81 104.743     	41 104.367     	22 103.787     	20 104.341     	14 104.456     	35 104.833     	26 105.384     	 3 106.242     	82 105.881     	

-- OFFICIAL RESULTS --
Pos	#No	Driver						Team					Time		Diff		Pits	Best
01	#47	PAV	ketila léqa pavúteka	Team Solea Racing		1:53:45.153	-0.000		3		103.124
02	#29	ALU	Sago Aludetsei			Dotruga Formula Racing	1:54:06.161	-21.009		3		102.998
03	#98	MOT	Gorga Motxev			Dotruga Formula Racing	1:54:09.448	-24.295		3		102.894
04	#19	ZAI	khélok atep zailunaɰ	Team Solea Racing		1:54:10.096	-24.943		3		103.270
05	#31	ŠAŊ	xap'ít celentir šaŋév	Team Solea Racing		1:54:10.719	-25.566		3		102.945
06	#42	OOS	Frank Oosterhout		Cows Go Moo Racing		1:54:11.901	-26.748		3		103.034
07	#80	AYA	Ifloenne é Aya			Team V.V. Imperial		1:54:22.020	-36.867		3		103.288
08	#74	KON	Bařàsiz Konoca			Team Diigikwk Racers	1:54:30.899	-45.746		3		103.611
09	#30	WIS	Josh Wise				BONGATAR				1:54:32.394	-47.241		3		103.246
10	#11	KEG	Tuto Keget				Dotruga Formula Racing	1:54:40.774	-55.621		3		103.131
11	#94	NES	At'ipi Nesbeksë			Team Diigikwk Racers	1:54:43.238	-58.086		3		103.618
12	#69	SAN	Marisa Sanchez			Cows Go Moo Racing		1:54:44.481	-59.328		3		103.408
13	#21	ORS	Orson					Team Vincent			1:54:49.688	-64.536		3		103.708
14	#53	TÀC	Ešuro Tàcràɰë			Team Diigikwk Racers	1:54:53.700	-68.547		3		103.472
15	#81	KÆR	Lyǽs Kæræsekæræn		Team V.V. Imperial		1:54:53.840	-68.687		3		103.990
16	#41	CAN	Olga Candy				Cows Go Moo Racing		1:54:57.095	-71.942		3		103.634
17	#22	PHI	Philipe					Team Vincent			1:55:00.463	-75.311		3		103.686
18	#20	MAC	Mac						Team Vincent			1:55:06.870	-81.718		3		103.657
19	#14	HÚC	Daseno Húctu			Team Vikasani			1:55:13.567	-88.414		3		103.830
20	#35	AKA	Asaúni Akaleta			Team Vikasani			1:55:15.327	-90.174		3		103.872
21	#26	ILI	Rikvisi Iliria			Team Vikasani			1:55:54.053	-128.901	3		104.626
22	# 3	BOB	Bob						BONGATAR				1:55:55.848	-130.695	3		104.746
23	#82	SAN	Nukki Savra Sanda		Team V.V. Imperial		1:56:21.619	-156.466	3		105.118
24	# 2	HID	Body Hide				BONGATAR				RETIRED		DNF			0		105.888

01	#42	OOS	Frank Oosterhout	143	+08
02	#47	PAV	ketila léqa pavúteka	124	+25
03	#98	MOT	Gorga Motxev		113	+15
04	#29	ALU	Sago Aludetsei		113	+18
05	#31	ŠAŊ	xap'ít celentir šaŋév	111	+10
06	#19	ZAI	khélok atep zailunaɰ	96	+12
07	#80	AYA	Ifloenne é Aya		90	+06
08	#81	KÆR	Lyǽs Kæræsekæræn	27	
09	#11	KEG	Tuto Keget		27	+01
10	#30	WIS	Josh Wise		26	+02
11	#41	CAN	Olga Candy		11	
12	#69	SAN	Marisa Sanchez		10	
13	#20	MAC	Mac			06	
14	#94	NES	At'ipi Nesbeksë		06	
15	#74	KON	Bařàsiz Konoca		04	+04
16	#22	PHI	Philipe			03	
17	#21	ORS	Orson			00	
18	#14	HÚC	Daseno Húctu		00	
19	#53	TÀC	Ešuro Tàcràɰë		00
20	#35	AKA	Asaúni Akaleta		00	
21	#26	ILI	Rikvisi Iliria		00
22	#82	SAN	Nukki Savra Sanda	00
23	# 3	BOB	Bob			00
24	# 2	HID	Body Hide		00	

01	Team Solea Racing			284	+47
02	Dotruga Formula Racing			218	+34
04	Cows Go Moo Racing			156	+08
03	Team V.V. Imperial			111	+06
05	BONGATAR				24	+02
06	Team Vincent				09	
07	Team Diigikwk Racers			06	+04
08	Team Vikasani				00	

-- RACE INCIDENT REPORT --
xap'ít celentir šaŋév made a mistake while attempting an overtake on lap 12.
Gorga Motxev made a mistake while attempting an overtake on lap 13.
Philipe made a mistake while attempting an overtake on lap 18.
Body Hide crashed out while attempting an overtake on lap 19.
Bob made a mistake while attempting an overtake on lap 20.
xap'ít celentir šaŋév made a mistake on lap 39.
Asaúni Akaleta made a mistake on lap 45.
Nukki Savra Sanda made a mistake while attempting an overtake on lap 55.
