-- LAP TIMES --
Lap 1	42 122.636     	29 122.650     	31 122.894     	47 122.904     	80 122.982     	19 122.897     	94 123.223     	53 123.231     	11 123.493     	81 123.657     	74 123.863     	41 123.883     	69 124.005     	98 124.229     	22 124.043     	30 124.183     	35 124.353     	 3 124.410     	14 124.794     	21 124.814     	82 124.782     	20 125.113     	26 125.234     	 2 126.166     	
Lap 2	42 122.720     	31 122.677     	47 123.068     	29 123.464     	94 123.085     	11 123.219     	80 123.668     	53 123.598     	98 123.033     	19 124.729     	81 123.866     	74 123.776     	69 124.106     	41 124.381     	30 124.303     	22 124.603     	35 124.573     	14 124.636     	21 124.572     	 3 124.987     	20 124.904     	82 125.728     	26 126.108     	 2 126.232     	
Lap 3	42 122.883     	47 122.741     	31 123.167     	29 122.747     	98 122.523     	94 123.621     	80 123.312     	11 123.597     	53 123.311     	19 122.642     	81 123.475     	74 124.066     	69 123.805     	41 124.285     	30 124.135     	35 124.277     	22 124.659     	14 124.307     	21 124.396     	20 124.402     	 3 125.065     	26 124.097     	82 125.817     	 2 125.980     	
Lap 4	31 122.604     	29 122.593     	42 123.256     	47 122.965     	98 123.024     	94 123.673     	19 123.229     	80 123.765     	11 124.008     	53 124.025     	74 123.539     	81 124.156     	69 123.904     	30 124.129     	41 124.373     	35 124.612     	22 124.888     	14 125.132     	21 125.252     	20 124.662     	 3 124.823     	26 125.620     	82 126.530     	 2 126.570     	
Lap 5	47 122.055     	29 122.980     	31 123.340     	42 123.210     	98 123.627     	19 123.148     	94 124.042     	80 123.852     	11 123.983     	81 123.882     	53 125.291     	74 124.242     	69 123.918     	30 123.997     	41 124.392     	35 124.816     	22 124.693     	14 125.081     	21 124.976     	20 125.467     	 3 126.393     	26 124.984     	82 124.694     	 2 126.403     	
Lap 6	47 122.598     	31 122.593     	29 123.434     	42 123.273     	98 122.759     	19 123.868     	94 123.815     	80 124.029     	11 124.472     	53 123.992     	74 123.877     	81 124.228     	69 124.783     	30 124.317     	41 124.461     	35 124.339     	22 124.877     	14 125.148     	21 125.508     	20 125.570     	26 124.784     	 3 125.413     	82 124.411     	 2 126.465     	
Lap 7	47 122.876     	31 122.949     	29 123.320     	98 121.945     	42 123.590     	19 123.047     	94 123.562     	80 123.511     	11 124.207     	74 123.530     	53 123.572     	81 124.859     	69 124.575     	30 124.048     	41 124.809     	35 124.651     	22 124.749     	14 124.839     	20 125.520     	26 125.864     	 3 125.611     	82 126.080     	 2 126.247     	21 134.887 PIT	
Lap 8	47 122.060     	31 122.208     	98 123.269     	29 123.698     	42 123.787     	19 122.106     	94 123.548     	80 123.516     	11 124.144     	74 124.296     	53 125.550     	81 124.355     	30 123.484     	69 124.522     	41 123.330     	22 124.313     	35 125.437     	14 124.224     	20 124.007     	82 124.187     	26 125.877     	 3 126.672     	21 125.610     	 2 127.075     	
Lap 9	47 121.611     	31 121.779     	98 123.056     	29 123.818     	19 123.482     	42 124.168     	94 123.554     	80 123.618     	74 123.138     	11 123.794     	81 124.101     	53 124.570     	30 124.469     	69 124.097     	41 124.362     	22 125.206     	14 124.330     	35 126.140     	20 124.126     	82 125.455     	26 126.036     	 3 126.426     	21 123.291     	 2 126.434     	
Lap 10	47 122.225     	31 122.000     	98 122.244     	29 123.678     	19 123.647     	42 124.477     	80 123.225     	94 123.542     	74 124.748     	11 125.242     	53 124.254     	81 124.629     	69 124.361     	30 124.922     	41 125.056     	22 125.543     	14 125.170     	35 124.871     	20 125.275     	82 125.811     	26 125.134     	 3 124.164     	21 123.417     	 2 127.273     	
Lap 11	47 122.042     	31 122.208     	98 122.315     	29 124.351     	19 124.363     	42 123.756     	80 124.050     	94 123.991     	74 124.160     	11 124.710     	53 124.160     	81 124.610     	30 123.831     	69 124.334     	41 124.092     	22 125.625     	20 123.990     	14 125.554     	35 126.236     	82 126.108     	26 126.242     	21 123.820     	 3 126.903     	 2 127.235     	
Lap 12	47 122.821     	31 122.879     	98 122.601     	29 123.660     	19 123.984     	42 124.166     	94 123.649     	80 124.722     	74 122.979     	11 124.066     	30 124.609     	81 124.896     	53 126.125     	69 125.190     	41 124.176     	22 124.959     	35 124.350     	20 125.730     	14 126.999     	21 124.857     	26 126.240     	82 126.571     	 3 126.989     	 2 126.584     	
Lap 13	47 122.367     	31 122.520     	98 122.513     	29 122.626     	19 123.670     	94 122.791     	42 124.425     	80 123.336     	74 123.206     	11 123.661     	81 124.768     	53 124.329     	30 125.507     	69 125.014     	41 125.250     	22 125.855     	35 125.445     	20 125.582     	14 124.486     	21 125.059     	26 126.831     	 3 125.217     	82 127.524     	 2 126.862     	
Lap 14	47 122.780     	31 122.627     	98 123.052     	29 123.192     	19 123.534     	42 124.557     	94 125.025     	80 123.837     	74 123.398     	11 123.600     	81 124.641     	53 125.136     	30 125.455     	69 125.283     	41 125.645     	35 125.393     	22 125.740     	20 126.049     	14 126.915     	21 123.526     	 3 125.775     	26 126.789     	82 126.338     	 2 127.336     	
Lap 15	47 123.333     	31 123.049     	98 123.369     	29 123.503     	19 123.666     	42 124.847     	94 124.557     	80 124.542     	74 123.774     	11 123.724     	81 124.955     	53 125.235     	69 125.139     	30 125.572     	41 124.986     	22 125.935     	35 126.128     	14 124.322     	20 126.128     	21 123.943     	 3 125.938     	26 126.942     	82 128.432     	 2 127.461     	
Lap 16	47 123.125     	31 122.619     	98 123.546     	29 123.797     	19 123.598     	42 124.275     	94 125.133     	74 124.501     	80 125.544     	11 123.705     	81 123.665     	53 125.368     	30 125.080     	69 125.750     	41 126.555     	35 125.930     	22 126.292     	21 124.136     	14 126.263     	20 126.836     	 3 125.018     	26 125.968     	82 125.218     	 2 128.087     	
Lap 17	31 123.442     	47 124.100     	98 123.714     	29 123.723     	19 123.699     	42 124.718     	94 124.655     	80 124.619     	74 125.334     	11 124.145     	81 123.753     	53 125.396     	30 125.412     	41 124.547     	69 125.900     	21 125.188     	35 126.376     	22 126.399     	20 125.437     	14 127.262     	 3 125.112     	26 142.861 PIT	 2 127.743     	82 142.945 PIT	
Lap 18	31 125.087     	47 141.304 PIT	42 125.009     	98 139.947 PIT	80 125.329     	11 123.970     	29 140.832 PIT	19 140.677 PIT	30 124.730     	69 125.429     	74 141.832 PIT	94 143.285 PIT	21 125.765     	81 142.148 PIT	22 126.320     	20 126.821     	53 142.238 PIT	41 143.297 PIT	35 144.004 PIT	14 145.311 PIT	 3 142.200 PIT	26 125.980     	82 126.065     	 2 145.139 PIT	
Lap 19	31 123.711     	47 121.683     	42 124.162     	98 123.677     	11 125.745     	29 122.660     	19 122.396     	69 124.872     	94 123.061     	74 123.860     	80 142.596 PIT	21 123.996     	81 123.860     	22 126.003     	20 126.355     	53 123.124     	30 142.297 PIT	41 123.248     	35 123.769     	14 124.256     	 3 124.138     	26 124.176     	82 124.413     	 2 126.799     	
Lap 20	47 121.120     	31 141.545 PIT	98 123.005     	29 121.758     	19 121.839     	94 123.459     	74 123.074     	42 142.353 PIT	80 122.525     	11 141.770 PIT	81 122.593     	21 124.580     	53 124.846     	30 124.322     	41 124.920     	69 142.273 PIT	35 123.660     	14 123.761     	22 143.613 PIT	 3 123.934     	20 144.271 PIT	26 124.176     	82 124.047     	 2 125.620     	
Lap 21	47 121.245     	31 121.508     	98 121.970     	29 122.359     	19 122.397     	74 123.379     	94 123.739     	80 122.429     	42 123.568     	11 122.383     	81 123.370     	21 125.245     	53 122.637     	30 123.234     	41 122.602     	69 122.731     	35 123.018     	14 123.630     	22 123.812     	20 123.737     	 3 125.198     	26 124.630     	82 124.235     	 2 126.123     	
Lap 22	47 121.869     	31 121.077     	98 121.440     	29 122.398     	19 121.995     	94 123.113     	80 123.272     	74 123.880     	42 123.594     	11 122.139     	81 122.489     	21 125.133     	53 122.740     	30 123.928     	69 122.482     	41 124.475     	35 123.353     	14 123.409     	22 122.968     	20 125.299     	 3 125.808     	26 126.165     	82 126.737     	 2 125.970     	
Lap 23	47 121.742     	31 121.724     	98 122.008     	29 121.794     	19 122.110     	94 123.115     	74 123.442     	80 123.847     	42 123.289     	11 123.799     	81 123.137     	53 124.814     	21 126.136     	69 124.133     	30 124.640     	41 124.367     	35 123.684     	14 123.259     	22 123.288     	20 124.057     	 3 124.191     	26 125.001     	82 124.662     	 2 126.416     	
Lap 24	47 121.731     	31 121.621     	98 122.091     	29 122.370     	19 122.502     	94 123.270     	74 123.577     	42 123.470     	80 124.063     	11 124.137     	81 122.630     	53 122.598     	69 124.016     	30 124.099     	41 126.837     	35 123.378     	14 123.457     	22 123.053     	21 142.469 PIT	20 124.134     	 3 123.937     	26 124.321     	82 124.137     	 2 126.809     	
Lap 25	47 122.301     	31 121.342     	98 122.017     	29 122.696     	19 122.084     	94 122.451     	42 123.407     	11 121.954     	74 123.943     	80 123.534     	81 123.145     	53 123.101     	30 123.742     	69 124.382     	41 122.832     	35 123.254     	14 124.581     	22 124.076     	21 123.555     	20 124.946     	 3 126.187     	26 126.084     	82 127.633     	 2 126.116     	
Lap 26	47 122.214     	31 121.810     	98 121.813     	29 122.707     	19 121.894     	94 122.534     	11 123.346     	80 123.516     	42 123.861     	74 124.450     	81 123.376     	53 122.797     	30 124.394     	69 124.269     	41 123.349     	35 123.826     	14 124.789     	22 124.637     	21 123.782     	20 124.286     	 3 124.433     	26 125.341     	82 124.945     	 2 126.328     	
Lap 27	47 121.751     	31 121.919     	98 122.379     	29 123.827     	19 124.404     	94 122.264     	42 123.247     	11 124.047     	80 123.931     	74 123.625     	81 123.438     	53 123.080     	30 124.507     	41 123.255     	69 124.626     	35 123.943     	22 124.118     	14 125.209     	21 123.246     	20 123.599     	 3 123.989     	26 124.858     	82 124.499     	 2 126.378     	
Lap 28	47 122.022     	31 121.606     	98 122.314     	29 122.313     	19 122.184     	94 122.376     	42 124.013     	11 123.707     	80 124.208     	74 124.038     	81 122.912     	53 122.516     	30 124.591     	41 124.673     	69 124.760     	35 124.382     	22 124.816     	21 124.461     	14 125.064     	20 124.503     	 3 124.123     	26 125.028     	82 125.209     	 2 126.340     	
Lap 29	47 121.874     	31 122.349     	98 122.667     	29 122.285     	19 122.159     	94 122.979     	11 123.824     	42 124.067     	74 124.158     	80 124.602     	81 124.574     	53 123.523     	30 125.030     	41 124.812     	69 125.881     	35 124.395     	22 124.675     	21 124.744     	14 126.129     	20 123.997     	 3 124.585     	26 124.869     	82 124.953     	 2 127.236     	
Lap 30	47 122.323     	31 122.675     	98 122.497     	29 122.325     	19 122.466     	94 122.905     	42 123.320     	11 124.504     	80 124.433     	74 124.998     	81 124.945     	53 123.267     	69 122.947     	30 125.248     	41 125.412     	35 124.175     	21 124.350     	22 125.299     	14 124.181     	20 124.236     	 3 124.885     	26 125.753     	82 125.372     	 2 127.250     	
Lap 31	47 122.990     	31 122.667     	98 122.791     	29 122.617     	19 122.494     	94 123.107     	42 122.447     	11 122.624     	80 123.953     	74 124.173     	81 125.096     	53 123.116     	69 124.334     	30 124.564     	41 125.612     	35 123.866     	21 124.859     	22 124.810     	14 124.480     	20 124.068     	 3 124.835     	26 125.686     	82 124.823     	 2 127.322     	
Lap 32	47 122.830     	31 122.171     	98 122.654     	29 122.921     	19 123.541     	94 123.109     	42 122.892     	11 122.990     	80 124.633     	74 123.991     	81 123.610     	53 123.108     	69 123.170     	30 123.563     	41 123.749     	35 124.199     	22 125.033     	21 125.128     	14 124.224     	20 124.284     	 3 124.971     	26 126.611     	82 128.130     	 2 128.881     	
Lap 33	47 123.011     	31 122.545     	98 123.401     	29 123.247     	19 123.505     	94 123.768     	42 122.704     	11 123.579     	74 124.248     	80 124.723     	81 124.743     	53 125.176     	69 123.737     	30 124.453     	41 123.995     	35 124.880     	21 125.472     	22 125.982     	14 127.309     	20 125.056     	 3 125.333     	82 125.318     	26 127.860     	 2 127.529     	
Lap 34	47 122.841     	31 123.208     	98 123.544     	29 123.013     	19 123.599     	94 124.120     	42 122.802     	11 122.928     	80 124.354     	74 124.958     	81 123.597     	53 123.681     	69 124.011     	30 124.118     	41 124.206     	35 124.610     	21 125.866     	22 125.869     	20 125.788     	14 126.555     	 3 125.430     	26 142.906 PIT	82 143.612 PIT	 2 127.296     	
Lap 35	47 123.137     	31 122.734     	98 123.180     	29 124.050     	19 123.440     	94 123.436     	42 122.846     	11 123.379     	80 125.498     	53 124.390     	74 125.840     	81 126.182     	69 123.725     	30 124.124     	41 124.666     	35 125.359     	21 125.487     	22 126.309     	20 126.089     	14 127.651     	 3 125.468     	26 126.168     	82 127.412     	 2 144.618 PIT	
Lap 36	31 122.727     	47 141.155 PIT	98 140.663 PIT	29 140.411 PIT	19 140.992 PIT	42 123.035     	11 124.163     	94 141.244 PIT	80 125.350     	53 125.074     	74 125.676     	69 124.504     	30 124.961     	81 143.564 PIT	35 125.457     	21 124.447     	41 141.550 PIT	22 124.543     	20 125.269     	 3 125.264     	14 142.573 PIT	26 123.951     	82 124.484     	 2 126.505     	
Lap 37	31 123.180     	47 121.611     	98 121.820     	29 122.714     	19 122.371     	42 123.995     	94 124.038     	80 125.684     	53 125.577     	11 140.561 PIT	69 124.803     	30 124.776     	81 122.783     	74 142.368 PIT	35 125.252     	41 125.021     	21 125.540     	22 125.344     	20 125.096     	14 123.509     	 3 142.962 PIT	26 124.734     	82 124.572     	 2 126.119     	
Lap 38	31 123.769     	47 121.514     	98 121.938     	29 122.122     	19 122.282     	94 122.086     	80 125.337     	42 141.421 PIT	11 122.579     	53 127.880     	69 124.564     	81 122.155     	30 125.138     	74 122.623     	41 123.871     	21 125.255     	22 125.049     	35 143.205 PIT	14 123.335     	20 142.873 PIT	 3 124.485     	26 124.528     	82 123.980     	 2 126.546     	
Lap 39	47 121.450     	31 140.629 PIT	98 121.350     	29 122.292     	19 122.363     	94 122.439     	42 123.672     	11 122.987     	69 125.278     	81 122.802     	74 123.370     	80 143.929 PIT	53 145.814 PIT	41 123.153     	30 143.263 PIT	21 125.235     	22 125.402     	35 123.409     	14 123.898     	20 123.712     	 3 123.564     	26 124.076     	82 124.013     	 2 125.770     	
Lap 40	47 121.664     	31 122.220     	98 121.710     	29 122.439     	19 121.497     	94 121.878     	42 121.983     	11 121.741     	81 123.779     	74 122.208     	69 126.025     	80 122.680     	53 122.737     	41 122.748     	30 122.758     	21 125.550     	35 123.570     	14 123.422     	20 123.954     	22 142.682 PIT	 3 123.449     	26 124.890     	82 123.966     	 2 126.532     	
Lap 41	47 121.872     	31 121.240     	98 122.149     	29 122.451     	19 121.906     	94 122.536     	42 123.566     	11 123.714     	74 122.574     	81 124.225     	80 122.153     	53 122.710     	41 122.778     	30 122.542     	69 142.741 PIT	21 125.592     	35 123.368     	14 123.578     	20 124.520     	22 124.934     	 3 123.877     	26 126.362     	82 127.682     	 2 126.047     	
Lap 42	47 122.103     	31 121.224     	98 122.235     	29 123.105     	19 124.003     	94 122.850     	42 123.187     	11 124.448     	74 122.427     	81 122.724     	80 121.910     	53 122.507     	41 123.486     	30 122.747     	69 123.097     	21 126.965     	35 126.515     	14 123.836     	20 123.656     	22 123.100     	 3 123.764     	26 124.713     	82 124.460     	 2 126.653     	
Lap 43	47 121.782     	31 121.233     	98 122.446     	29 122.123     	19 122.415     	94 122.671     	42 122.227     	11 122.672     	74 122.722     	81 122.602     	80 122.744     	53 122.468     	41 122.718     	30 122.963     	69 122.192     	35 126.316     	14 123.404     	20 124.711     	22 124.514     	 3 123.750     	21 144.837 PIT	26 124.675     	82 124.145     	 2 126.320     	
Lap 44	47 121.840     	31 121.805     	98 122.010     	29 122.338     	19 121.992     	94 122.402     	42 122.700     	11 122.391     	74 123.203     	81 122.886     	80 122.633     	53 122.333     	41 123.245     	30 123.076     	69 123.008     	35 123.367     	14 123.748     	20 125.064     	22 125.289     	 3 124.058     	21 123.484     	26 124.722     	82 124.415     	 2 126.721     	
Lap 45	47 122.581     	31 121.607     	98 122.081     	29 122.583     	19 121.952     	94 122.918     	42 122.594     	11 122.477     	74 124.393     	81 124.601     	80 122.694     	53 122.601     	41 123.301     	30 122.768     	69 123.115     	35 123.253     	14 124.259     	20 125.321     	22 124.827     	 3 126.067     	21 123.580     	26 126.385     	82 127.825     	 2 126.400     	
Lap 46	47 122.384     	31 122.362     	98 122.132     	29 122.786     	19 122.417     	94 122.654     	42 121.995     	11 122.332     	74 123.269     	81 123.369     	80 123.159     	53 122.544     	41 123.139     	30 123.616     	69 122.671     	35 123.951     	14 124.128     	22 125.180     	20 125.575     	 3 124.389     	21 124.076     	26 125.052     	82 125.115     	 2 126.490     	
Lap 47	47 122.372     	31 122.466     	98 122.944     	29 124.067     	19 124.446     	94 123.349     	42 122.458     	11 122.901     	74 122.871     	81 122.939     	80 123.134     	53 123.134     	41 123.794     	30 124.638     	69 124.788     	35 123.734     	14 124.393     	22 124.624     	20 125.532     	21 123.538     	 3 126.873     	26 125.608     	82 125.211     	 2 127.077     	
Lap 48	47 122.777     	31 122.209     	98 122.247     	29 123.013     	19 122.718     	94 122.704     	42 123.077     	11 123.092     	74 122.732     	81 123.724     	80 123.125     	53 122.803     	41 123.905     	30 124.642     	69 124.369     	35 123.530     	14 124.578     	22 123.268     	21 124.648     	20 125.447     	 3 124.670     	26 125.280     	82 125.735     	 2 127.015     	
Lap 49	47 122.837     	31 122.216     	98 123.101     	29 123.788     	19 124.392     	94 122.840     	42 122.687     	11 123.264     	74 123.052     	81 123.221     	80 123.171     	53 123.127     	41 123.569     	69 124.658     	30 125.188     	35 124.057     	14 124.769     	22 123.887     	21 125.240     	20 125.521     	 3 126.644     	26 125.204     	82 125.881     	 2 127.454     	
Lap 50	47 122.950     	31 122.357     	98 122.781     	29 122.754     	19 123.524     	94 123.285     	42 123.082     	11 123.636     	74 123.437     	81 123.549     	80 122.947     	53 123.173     	41 124.259     	30 124.200     	69 124.734     	35 124.435     	14 124.859     	22 124.214     	21 123.885     	20 124.933     	 3 124.237     	26 125.678     	82 125.463     	 2 127.451     	

-- OFFICIAL RESULTS --
Pos	#No	Driver						Team					Time		Diff		Pits	Best
01	#47	PAV	ketila léqa pavúteka	Team Solea Racing		1:42:34.547	-0.000		2		121.120
02	#31	ŠAŊ	xap'ít celentir šaŋév	Team Solea Racing		1:42:38.101	-3.554		2		121.077
03	#98	MOT	Gorga Motxev			Dotruga Formula Racing	1:42:46.123	-11.576		2		121.350
04	#29	ALU	Sago Aludetsei			Dotruga Formula Racing	1:43:02.493	-27.946		2		121.758
05	#19	ZAI	khélok atep zailunaɰ	Team Solea Racing		1:43:04.665	-30.118		2		121.497
06	#94	NES	At'ipi Nesbeksë			Team Diigikwk Racers	1:43:21.650	-47.102		2		121.878
07	#42	OOS	Frank Oosterhout		Cows Go Moo Racing		1:43:27.568	-53.021		2		121.983
08	#11	KEG	Tuto Keget				Dotruga Formula Racing	1:43:31.752	-57.205		2		121.741
09	#74	KON	Bařàsiz Konoca			Team Diigikwk Racers	1:43:45.317	-70.770		2		122.208
10	#81	KÆR	Lyǽs Kæræsekæræn		Team V.V. Imperial		1:43:47.863	-73.316		2		122.155
11	#80	AYA	Ifloenne é Aya			Team V.V. Imperial		1:43:48.525	-73.978		2		121.910
12	#53	TÀC	Ešuro Tàcràɰë			Team Diigikwk Racers	1:43:52.777	-78.229		2		122.333
13	#41	CAN	Olga Candy				Cows Go Moo Racing		1:44:06.027	-91.480		2		122.602
14	#30	WIS	Josh Wise				BONGATAR				1:44:11.017	-96.469		2		122.542
15	#69	SAN	Marisa Sanchez			Cows Go Moo Racing		1:44:11.508	-96.960		2		122.192
16	#35	AKA	Asaúni Akaleta			Team Vikasani			1:44:23.904	-109.357	2		123.018
17	#14	HÚC	Daseno Húctu			Team Vikasani			1:44:35.809	-121.261	2		123.259
18	#22	PHI	Philipe					Team Vincent			1:44:40.617	-126.070	2		122.968
19	#21	ORS	Orson					Team Vincent			1:44:44.300	-129.753	3		123.246
20	#20	MAC	Mac						Team Vincent			1:44:46.412	-131.864	2		123.599
21	# 3	BOB	Bob						BONGATAR				1:44:47.613	-133.065	2		123.449
22	#26	ILI	Rikvisi Iliria			Team Vikasani			1:45:08.080	-153.533	2		123.951
23	#82	SAN	Nukki Savra Sanda		Team V.V. Imperial		1:45:10.880	-156.333	2		123.966
24	# 2	HID	Body Hide				BONGATAR				1:46:14.523	-219.975	2		125.620

-- RACE INCIDENT REPORT --
Gorga Motxev made a mistake while attempting an overtake on lap 1.
khélok atep zailunaɰ made a mistake while attempting an overtake on lap 2.
Orson made a pit stop to repair damage caused by a large incident while attempting an overtake on lap 7.
Ešuro Tàcràɰë made a mistake while attempting an overtake on lap 12.
Olga Candy made a mistake while attempting an overtake on lap 24.
Ifloenne é Aya made a mistake while attempting an overtake on lap 26.
Marisa Sanchez made a mistake while attempting an overtake on lap 29.
Body Hide made a mistake while attempting an overtake on lap 32.
Rikvisi Iliria made a mistake on lap 33.
