-- LAP TIMES --
Lap 1	47 90.840     	31 90.572     	30 90.987     	42 91.223     	98 91.055     	41 91.091     	94 91.163     	80 91.510     	69 91.517     	53 91.308     	81 91.510     	29 91.405     	19 91.233     	74 91.202     	11 91.946     	14 91.930     	35 92.046     	20 91.875     	21 91.941     	26 92.276     	 3 92.445     	22 92.594     	82 92.594     	 2 92.733     	
Lap 2	47 90.655     	42 90.577     	31 91.302     	80 91.032     	69 91.135     	98 91.513     	53 91.062     	19 91.128     	30 91.914     	41 91.765     	94 91.711     	81 91.662     	29 91.647     	74 92.007     	11 92.127     	35 92.336     	14 92.355     	20 92.486     	21 92.607     	 3 92.289     	22 92.447     	26 92.949     	82 92.823     	 2 92.950     	
Lap 3	42 90.441     	47 91.335     	31 91.336     	69 91.017     	98 91.381     	80 91.721     	53 91.667     	19 91.604     	94 91.488     	81 91.360     	30 91.745     	41 91.703     	29 91.876     	74 91.660     	14 91.928     	11 92.293     	20 91.970     	35 92.152     	21 92.227     	22 91.785     	 3 92.272     	26 92.489     	82 92.447     	 2 93.013     	
Lap 4	42 90.991     	47 91.211     	31 90.849     	98 91.382     	80 91.189     	69 91.792     	94 91.194     	81 91.146     	19 91.361     	30 91.242     	53 91.578     	41 91.822     	74 91.298     	29 91.703     	14 92.019     	20 91.918     	11 92.224     	35 92.219     	22 92.100     	21 92.780     	 3 92.749     	82 92.350     	26 93.234     	 2 93.561     	
Lap 5	42 91.297     	47 91.113     	31 90.798     	80 90.968     	19 90.905     	69 91.501     	30 91.228     	98 91.919     	94 91.648     	53 91.793     	81 92.110     	29 91.202     	41 91.959     	74 91.969     	14 92.493     	35 92.233     	11 92.486     	22 91.798     	20 92.825     	 3 92.057     	21 92.707     	26 91.728     	82 92.860     	 2 93.319     	
Lap 6	42 90.708     	31 90.240     	47 91.172     	80 91.127     	19 90.946     	69 91.174     	30 91.286     	98 91.236     	94 91.429     	53 91.324     	41 91.355     	29 91.785     	74 91.236     	81 92.145     	11 91.704     	22 92.074     	20 91.957     	35 92.251     	14 92.627     	 3 92.581     	21 92.301     	26 93.213     	82 93.665     	 2 92.945     	
Lap 7	31 91.208     	42 91.450     	47 90.417     	80 91.516     	19 91.841     	30 91.689     	69 92.135     	98 92.187     	53 92.161     	29 91.745     	81 91.762     	41 92.135     	74 92.174     	94 93.366     	11 91.930     	35 92.032     	21 90.857     	22 92.738     	14 92.594     	20 92.915     	 3 92.646     	26 92.163     	82 91.681     	 2 93.734     	
Lap 8	31 90.780     	47 90.682     	42 91.408     	19 91.091     	80 91.666     	30 91.441     	69 91.658     	98 91.539     	53 91.600     	81 91.499     	29 91.831     	74 91.747     	41 91.960     	94 91.892     	11 91.965     	35 92.316     	21 92.329     	14 92.077     	22 92.300     	20 93.982     	 3 92.769     	26 92.850     	82 94.223     	 2 93.434     	
Lap 9	47 91.002     	42 90.403     	31 91.506     	19 91.298     	80 91.882     	30 91.545     	69 91.764     	98 91.792     	53 92.155     	29 92.053     	81 92.262     	41 92.321     	74 91.426     	94 91.671     	11 92.576     	21 92.427     	35 92.196     	14 92.117     	22 92.328     	20 92.529     	 3 92.904     	26 92.491     	82 92.356     	
Lap 10	47 90.994     	42 91.481     	31 91.671     	19 91.920     	80 91.640     	30 91.848     	69 91.376     	98 92.368     	53 91.553     	94 91.425     	29 92.162     	41 92.308     	81 93.531     	11 92.458     	35 92.492     	22 92.114     	21 92.432     	14 92.804     	20 92.197     	26 91.957     	 3 93.026     	82 92.636     	 2 93.593     	
Lap 11	47 91.146     	42 90.884     	31 91.598     	19 91.373     	80 91.839     	30 91.721     	69 92.254     	98 91.479     	53 92.242     	94 91.819     	29 92.197     	41 91.492     	81 91.637     	11 91.888     	35 92.600     	21 92.517     	22 92.930     	14 93.190     	20 92.270     	26 92.972     	 3 92.821     	82 91.707     	 2 93.373     	
Lap 12	42 90.067     	31 90.718     	47 92.776     	19 91.621     	80 91.666     	30 91.707     	69 92.328     	98 92.043     	53 91.468     	94 91.572     	29 92.423     	41 92.252     	81 92.099     	11 91.383     	35 92.531     	22 92.535     	14 92.268     	21 93.189     	20 92.780     	 3 92.484     	26 93.357     	82 93.318     	 2 93.358     	
Lap 13	42 90.909     	47 90.996     	31 91.495     	19 91.219     	80 91.364     	30 91.039     	69 91.922     	98 91.610     	94 91.021     	53 92.107     	29 91.817     	41 92.259     	81 92.407     	11 91.202     	35 92.543     	22 92.223     	21 92.004     	14 92.689     	20 92.267     	26 92.535     	 3 93.168     	82 92.147     	 2 93.784     	
Lap 14	42 90.737     	31 90.968     	47 92.019     	19 91.657     	30 91.562     	80 93.382     	98 92.297     	69 92.427     	94 92.354     	53 93.151     	29 92.230     	41 91.888     	81 91.666     	11 91.992     	35 92.437     	22 92.837     	21 93.160     	14 92.908     	20 92.894     	 3 92.289     	26 93.400     	82 92.795     	 2 94.076     	
Lap 15	42 90.593     	31 90.979     	47 90.496     	19 91.405     	30 90.764     	80 91.000     	94 91.756     	69 92.256     	98 92.650     	53 91.989     	29 91.841     	41 92.195     	81 91.887     	11 91.542     	35 92.643     	22 92.940     	21 92.883     	14 92.971     	20 92.917     	 3 92.051     	26 93.705     	82 94.293     	 2 93.703     	
Lap 16	42 90.931     	31 91.355     	47 91.169     	19 92.131     	30 91.565     	80 91.569     	94 91.889     	69 92.367     	98 93.004     	53 92.587     	29 92.323     	81 92.267     	41 92.665     	11 91.760     	35 91.792     	22 92.811     	14 92.327     	21 93.357     	20 92.850     	 3 93.212     	26 93.084     	82 94.255     	 2 93.419     	
Lap 17	42 90.675     	47 90.916     	31 91.496     	30 91.682     	19 91.852     	80 90.880     	94 91.692     	69 92.342     	98 92.323     	53 91.897     	81 91.843     	29 92.566     	41 91.927     	11 93.350     	35 91.384     	22 93.285     	14 93.124     	21 93.120     	 3 91.557     	20 93.645     	26 92.371     	82 92.440     	 2 94.102     	
Lap 18	42 91.119     	31 91.581     	47 92.253     	19 92.383     	30 92.732     	80 91.856     	94 90.922     	69 92.664     	53 92.419     	98 92.731     	29 92.178     	81 92.761     	41 92.909     	11 91.648     	35 92.250     	22 92.772     	14 93.170     	21 92.997     	 3 92.590     	20 92.375     	26 92.856     	82 92.657     	 2 94.369     	
Lap 19	42 90.636     	47 91.160     	31 92.001     	19 92.240     	80 92.370     	30 92.531     	94 91.782     	69 92.783     	53 92.369     	98 92.714     	29 92.206     	41 92.241     	81 92.866     	11 92.943     	35 91.916     	22 93.002     	20 92.170     	14 93.377     	21 93.034     	 3 93.317     	26 92.440     	82 92.759     	 2 93.587     	
Lap 20	42 91.131     	31 91.621     	47 92.128     	19 92.186     	80 91.872     	30 92.026     	94 91.353     	69 92.792     	53 92.398     	98 92.951     	29 92.724     	81 92.360     	41 92.724     	11 92.154     	35 91.997     	22 92.441     	14 92.666     	21 93.007     	20 93.399     	 3 93.995     	26 92.871     	82 92.444     	 2 96.203     	
Lap 21	42 90.839     	31 92.057     	47 92.175     	30 91.584     	80 91.965     	19 92.270     	94 91.899     	69 92.363     	53 93.090     	98 92.610     	29 92.752     	81 92.641     	41 92.877     	11 93.517     	35 92.003     	22 92.118     	14 92.836     	21 93.351     	20 93.323     	 3 92.538     	26 92.991     	82 92.943     	 2 93.975     	
Lap 22	42 92.617     	47 91.961     	31 92.415     	30 92.327     	80 92.311     	94 91.323     	19 92.789     	69 92.575     	53 93.137     	98 93.068     	81 92.687     	29 93.356     	41 92.430     	11 92.047     	35 92.090     	22 92.841     	14 92.815     	21 93.117     	20 93.872     	 3 94.657     	26 93.288     	82 92.543     	 2 94.260     	
Lap 23	42 90.996     	31 91.711     	47 92.633     	80 92.706     	94 92.513     	30 93.309     	19 94.099     	69 92.137     	53 92.933     	98 93.106     	29 92.745     	41 92.663     	81 93.127     	11 92.038     	35 92.258     	22 92.855     	14 92.383     	21 93.567     	20 93.603     	 3 93.384     	26 93.872     	82 95.024     	 2 94.473     	
Lap 24	42 91.252     	31 92.004     	47 91.693     	19 91.389     	29 92.696     	81 93.461     	11 93.470     	35 92.688     	30 109.477 PIT	94 110.337 PIT	80 110.600 PIT	69 108.676 PIT	21 93.239     	20 93.611     	53 109.969 PIT	41 109.501 PIT	 3 94.184     	26 93.032     	98 109.928 PIT	82 93.286     	22 110.095 PIT	14 109.311 PIT	 2 111.326 PIT	
Lap 25	47 91.921     	42 108.645 PIT	19 91.605     	31 110.071 PIT	29 92.217     	81 93.464     	11 93.988     	80 90.746     	30 91.402     	94 92.059     	69 91.965     	21 93.470     	53 92.057     	41 91.774     	98 92.084     	35 110.950 PIT	22 92.581     	14 92.520     	20 109.809 PIT	 3 111.062 PIT	26 111.954 PIT	82 110.837 PIT	 2 92.972     	
Lap 26	42 90.406     	19 92.305     	31 90.556     	47 109.409 PIT	29 92.092     	80 91.270     	30 91.312     	94 90.240     	69 91.058     	41 91.179     	53 91.912     	98 92.010     	21 94.515     	35 91.186     	81 110.262 PIT	11 110.907 PIT	14 91.950     	22 92.617     	20 91.709     	26 91.827     	 3 92.855     	82 91.848     	 2 92.873     	
Lap 27	42 89.700     	31 89.738     	47 90.003     	30 91.229     	80 91.599     	94 91.491     	19 109.399 PIT	69 90.608     	41 91.675     	53 91.761     	98 91.142     	29 110.359 PIT	35 91.818     	81 92.288     	11 91.556     	22 91.531     	14 92.356     	20 91.807     	21 111.745 PIT	26 93.039     	82 91.870     	 3 93.010     	 2 93.358     	
Lap 28	42 90.229     	31 89.871     	47 89.779     	80 91.066     	94 91.357     	30 91.813     	19 90.912     	69 90.314     	41 91.434     	98 91.485     	53 92.029     	29 91.399     	35 91.486     	81 91.217     	11 91.806     	22 92.685     	14 92.066     	20 91.316     	 3 91.788     	21 92.235     	26 92.319     	82 92.642     	 2 93.532     	
Lap 29	42 90.137     	31 90.305     	47 89.943     	80 91.499     	30 91.363     	94 91.609     	19 90.051     	69 90.851     	41 91.927     	98 91.751     	29 90.812     	53 93.223     	35 91.902     	81 91.686     	11 91.328     	22 92.119     	14 92.316     	20 91.590     	 3 92.316     	21 92.474     	26 93.127     	82 93.872     	 2 93.158     	
Lap 30	42 90.211     	31 91.004     	47 90.717     	80 91.540     	94 91.178     	30 92.132     	19 91.588     	69 91.018     	41 91.771     	98 91.708     	29 91.761     	53 92.425     	35 91.701     	81 91.722     	11 91.719     	22 92.801     	14 92.543     	20 91.700     	 3 92.246     	21 92.595     	82 92.247     	26 93.397     	 2 92.979     	
Lap 31	42 90.517     	47 90.339     	31 91.017     	94 91.377     	80 91.595     	30 91.225     	19 91.463     	69 91.129     	41 91.401     	98 91.982     	29 91.066     	53 91.132     	35 92.046     	81 91.993     	11 92.169     	22 92.062     	14 92.900     	20 91.388     	21 91.398     	 3 92.616     	26 91.480     	82 93.002     	 2 93.447     	
Lap 32	42 90.608     	31 90.844     	47 91.063     	94 91.417     	80 91.488     	19 91.522     	30 91.884     	69 90.402     	41 90.469     	98 91.792     	29 91.987     	53 90.667     	35 92.205     	81 91.835     	11 91.019     	22 92.041     	20 92.031     	14 92.645     	21 92.141     	 3 92.612     	26 91.941     	82 92.116     	 2 93.181     	
Lap 33	42 89.717     	31 90.840     	47 90.722     	80 91.181     	94 91.821     	19 90.976     	30 91.736     	69 92.364     	41 91.129     	98 91.739     	29 92.150     	53 93.119     	81 91.827     	35 92.266     	11 91.949     	22 92.019     	20 92.270     	14 93.587     	21 92.544     	 3 92.469     	26 92.378     	82 91.740     	 2 93.402     	
Lap 34	42 90.304     	31 90.794     	47 91.302     	80 91.380     	94 91.354     	19 90.913     	30 91.733     	69 91.305     	41 91.368     	98 90.580     	29 91.656     	81 91.793     	53 92.964     	35 92.530     	11 92.278     	22 91.322     	20 91.174     	14 91.858     	21 92.933     	 3 92.168     	26 91.945     	
Lap 35	42 90.552     	47 90.652     	31 91.252     	19 91.368     	80 91.774     	30 90.706     	69 90.500     	41 90.702     	98 90.579     	29 91.485     	81 91.651     	11 91.979     	35 93.613     	22 91.665     	20 92.116     	14 91.201     	21 92.085     	26 91.985     	 3 92.722     	82 92.310     	 2 93.625     	
Lap 36	42 89.851     	31 90.905     	47 91.442     	80 91.362     	19 91.835     	30 91.780     	69 92.344     	41 91.054     	98 90.786     	29 91.102     	81 91.001     	11 90.867     	35 91.041     	22 91.890     	20 91.916     	14 91.574     	21 92.642     	26 93.008     	 3 93.371     	82 92.509     	 2 94.027     	
Lap 37	42 90.714     	31 91.693     	47 91.336     	19 91.485     	80 92.181     	30 91.948     	69 90.936     	41 91.506     	98 91.327     	29 91.435     	81 91.212     	11 91.259     	35 91.072     	22 91.785     	20 93.002     	14 92.920     	21 92.177     	26 93.524     	 3 92.944     	82 93.868     	 2 93.469     	
Lap 38	42 90.494     	47 90.596     	31 91.419     	19 91.595     	80 91.727     	30 91.970     	69 92.607     	41 90.805     	98 91.240     	29 91.146     	81 91.372     	11 91.500     	35 91.256     	22 91.711     	20 92.642     	14 93.698     	21 91.633     	26 93.300     	 3 93.371     	82 92.521     	 2 93.746     	
Lap 39	42 90.556     	31 90.569     	47 91.647     	19 91.914     	80 92.030     	30 91.185     	69 91.315     	41 91.138     	98 91.468     	29 90.972     	81 91.189     	11 91.207     	35 91.242     	22 92.193     	20 91.456     	14 91.505     	21 91.815     	26 93.327     	 3 93.223     	82 93.451     	 2 94.095     	
Lap 40	42 90.539     	31 91.446     	47 91.118     	19 91.945     	30 91.233     	80 91.996     	69 90.753     	41 91.347     	98 91.032     	29 91.492     	81 91.356     	11 91.861     	35 91.604     	22 92.044     	20 91.528     	14 91.620     	21 92.084     	 3 92.403     	26 93.417     	82 93.495     	 2 94.011     	
Lap 41	42 90.585     	47 91.556     	31 92.029     	19 91.930     	30 92.328     	80 92.181     	69 92.318     	41 91.616     	98 91.209     	29 90.823     	81 91.574     	11 91.351     	35 91.237     	22 92.115     	20 91.831     	14 92.257     	21 92.217     	 3 93.339     	26 93.062     	82 94.796     	 2 93.812     	
Lap 42	42 90.911     	31 90.826     	47 91.597     	19 92.029     	80 91.854     	30 92.461     	69 92.716     	41 91.333     	98 91.509     	29 90.989     	81 91.675     	11 91.923     	35 92.178     	22 92.358     	20 92.400     	14 91.922     	21 91.841     	 3 92.480     	26 92.846     	82 92.345     	 2 93.491     	
Lap 43	42 90.408     	31 91.520     	47 91.637     	19 91.667     	80 91.785     	30 92.895     	69 92.779     	41 91.662     	98 91.242     	29 91.175     	81 91.204     	11 91.311     	35 91.773     	22 91.714     	20 92.413     	14 91.887     	21 92.433     	 3 92.546     	26 92.835     	82 92.834     	 2 94.238     	
Lap 44	42 91.302     	47 91.878     	31 92.358     	19 92.247     	80 92.574     	30 92.223     	69 92.500     	41 91.340     	98 91.857     	29 91.923     	81 91.621     	11 92.287     	35 91.735     	22 92.344     	20 92.014     	14 92.105     	21 92.373     	 3 92.347     	26 93.035     	82 93.192     	 2 93.635     	
Lap 45	42 91.374     	31 91.470     	47 92.164     	19 90.730     	80 91.536     	30 91.876     	69 92.845     	41 92.565     	98 91.888     	29 92.012     	81 91.924     	11 91.625     	35 92.025     	22 92.217     	20 92.406     	14 91.787     	21 92.162     	 3 91.891     	26 93.007     	82 92.523     	 2 94.112     	
Lap 46	42 91.292     	31 91.794     	47 91.142     	19 91.021     	80 91.375     	30 91.893     	41 92.401     	69 92.898     	98 92.182     	29 91.790     	81 91.670     	11 92.098     	35 92.512     	22 92.159     	20 93.146     	14 94.222     	21 92.243     	 3 91.976     	26 92.813     	82 93.236     	 2 94.209     	
Lap 47	42 90.683     	47 92.216     	31 92.290     	19 91.430     	80 91.837     	30 91.859     	69 92.636     	41 93.169     	98 92.204     	29 91.672     	81 91.344     	11 92.229     	35 92.458     	22 92.637     	20 92.835     	14 92.840     	21 91.894     	 3 92.390     	26 92.977     	82 93.165     	 2 94.318     	
Lap 48	42 91.176     	31 91.888     	47 92.451     	19 91.601     	80 91.670     	69 93.028     	29 91.525     	81 91.883     	11 92.597     	30 109.139 PIT	35 92.674     	41 109.439 PIT	98 110.588 PIT	20 92.442     	14 93.013     	21 92.463     	22 109.011 PIT	 3 92.600     	26 92.645     	82 93.010     	 2 94.406     	
Lap 49	42 108.667 PIT	31 92.078     	47 91.625     	19 91.270     	80 91.829     	29 92.924     	81 91.521     	11 92.439     	35 111.674 PIT	41 90.962     	69 110.675 PIT	30 91.676     	14 110.309 PIT	21 92.791     	98 90.951     	20 109.430 PIT	26 110.545 PIT	22 91.818     	 3 109.504 PIT	82 92.979     	
Lap 50	42 90.491     	31 92.960     	19 91.486     	47 108.353 PIT	29 91.669     	80 110.064 PIT	30 90.839     	41 90.372     	98 90.918     	69 90.498     	11 110.479 PIT	35 91.442     	21 92.702     	22 91.538     	20 91.970     	14 91.499     	82 93.025     	 3 91.303     	26 91.653     	 2 93.288     	
Lap 51	42 90.100     	31 91.427     	47 90.929     	19 92.677     	30 90.727     	80 91.902     	41 90.850     	98 90.762     	69 90.993     	29 109.271 PIT	11 91.593     	35 90.859     	22 91.612     	20 91.761     	14 90.710     	82 93.591     	21 109.187 PIT	 3 91.380     	26 91.993     	 2 92.680     	
Lap 52	42 89.806     	47 90.317     	19 92.104     	31 108.739 PIT	30 90.363     	80 90.199     	41 90.799     	98 90.249     	69 90.711     	29 91.509     	11 91.058     	35 91.081     	22 91.702     	20 91.557     	14 91.607     	21 91.430     	 3 90.963     	26 91.607     	82 112.165 PIT	 2 93.346     	
Lap 53	42 90.165     	47 89.875     	31 92.137     	19 109.606 PIT	30 91.302     	80 91.449     	41 90.607     	98 91.140     	69 90.349     	29 90.483     	11 90.841     	35 90.971     	22 91.313     	20 91.018     	14 91.150     	21 91.398     	 3 91.508     	26 92.168     	82 92.487     	 2 92.756     	
Lap 54	42 89.949     	47 90.696     	31 90.083     	19 91.225     	80 90.356     	30 91.400     	41 90.639     	98 91.674     	69 92.054     	29 91.273     	11 91.069     	35 90.992     	22 91.019     	20 91.114     	14 91.609     	21 91.358     	 3 91.652     	26 91.474     	82 91.709     	 2 93.224     	
Lap 55	42 90.331     	47 90.181     	31 90.445     	19 91.113     	30 90.968     	80 91.171     	41 91.152     	98 91.189     	69 90.903     	29 90.439     	11 90.854     	35 91.265     	22 91.660     	20 91.844     	14 91.466     	21 91.821     	 3 91.470     	26 92.134     	82 92.020     	 2 92.746     	
Lap 56	42 90.395     	47 90.542     	31 90.523     	19 91.164     	30 91.271     	80 91.381     	41 90.710     	98 91.127     	69 90.330     	29 90.854     	11 90.959     	35 91.310     	22 93.119     	20 91.666     	14 91.803     	21 91.229     	 3 91.017     	26 92.169     	82 92.014     	 2 93.073     	
Lap 57	42 90.150     	47 90.658     	31 90.419     	19 91.271     	80 91.845     	30 92.163     	41 91.371     	98 91.858     	69 91.729     	29 91.333     	11 90.756     	35 91.355     	22 91.276     	20 91.570     	14 91.061     	21 91.986     	 3 91.029     	26 92.162     	82 92.292     	 2 93.700     	
Lap 58	42 90.309     	47 90.779     	31 90.571     	19 90.801     	30 91.004     	80 91.537     	41 91.376     	98 92.230     	69 92.187     	29 90.951     	11 91.579     	35 90.821     	22 91.973     	20 91.252     	14 91.186     	21 91.341     	 3 91.861     	26 92.190     	82 92.103     	 2 93.308     	
Lap 59	42 89.969     	47 90.820     	31 89.902     	19 90.782     	30 92.342     	80 91.969     	41 91.384     	98 91.679     	29 90.793     	69 92.122     	11 91.758     	35 91.028     	22 91.958     	20 91.408     	14 91.472     	21 91.800     	 3 91.581     	26 92.445     	82 91.960     	 2 93.597     	
Lap 60	42 90.484     	47 90.034     	31 89.948     	19 90.479     	80 91.324     	30 91.830     	41 91.651     	29 91.498     	98 92.357     	69 92.256     	11 91.573     	35 91.434     	22 91.313     	20 91.751     	14 91.132     	21 92.058     	 3 91.285     	26 91.825     	82 92.024     	 2 93.641     	
Lap 61	42 90.285     	47 90.382     	31 90.063     	19 90.189     	80 91.581     	30 91.968     	41 92.916     	29 92.235     	98 91.837     	69 92.085     	11 91.315     	35 91.177     	22 91.315     	20 92.006     	14 91.210     	21 92.061     	 3 91.536     	26 92.514     	82 92.061     	 2 93.930     	
Lap 62	42 90.520     	47 90.662     	31 90.669     	19 90.104     	80 92.093     	30 91.756     	41 91.440     	29 91.582     	98 91.840     	69 92.162     	11 91.840     	35 91.886     	22 91.789     	20 92.434     	14 93.272     	21 91.664     	 3 92.242     	26 91.957     	82 92.243     	 2 93.757     	
Lap 63	42 90.214     	47 90.255     	31 90.024     	19 90.454     	30 91.125     	80 91.849     	41 90.836     	29 92.285     	69 90.811     	98 92.436     	11 91.699     	35 91.359     	22 91.416     	20 91.765     	14 91.854     	21 91.567     	 3 91.854     	26 92.579     	82 92.470     	 2 93.869     	
Lap 64	42 90.570     	47 90.343     	31 90.581     	19 90.497     	80 91.917     	30 92.632     	41 92.310     	69 91.967     	29 92.246     	98 93.047     	11 91.853     	35 91.350     	22 92.364     	20 91.777     	14 92.093     	21 92.255     	 3 92.220     	26 92.324     	82 92.020     	 2 94.139     	
Lap 65	42 91.016     	47 90.446     	31 90.485     	19 90.340     	80 91.888     	30 92.184     	41 92.873     	29 91.621     	69 92.018     	98 91.338     	11 92.495     	35 93.713     	22 91.848     	20 91.791     	14 91.702     	21 91.439     	 3 92.016     	26 92.887     	82 92.703     	 2 93.555     	
Lap 66	42 90.728     	47 90.644     	31 90.138     	19 91.147     	80 92.292     	30 91.871     	41 91.271     	29 92.300     	69 92.606     	98 91.809     	11 91.308     	35 91.835     	22 92.069     	20 91.648     	14 92.115     	21 91.824     	 3 92.239     	26 92.635     	82 94.813     	 2 93.512     	
Lap 67	42 90.278     	47 90.623     	31 90.921     	19 90.648     	80 92.514     	30 92.389     	41 93.261     	29 92.858     	69 92.759     	98 92.789     	11 91.868     	35 91.383     	22 91.970     	20 92.612     	14 92.172     	21 91.968     	 3 92.217     	26 92.154     	82 92.485     	 2 93.927     	
Lap 68	42 90.921     	47 91.292     	31 91.036     	19 90.887     	30 91.335     	80 92.190     	41 92.089     	69 92.200     	29 92.746     	98 92.704     	11 92.018     	35 92.214     	22 92.491     	20 92.500     	14 91.758     	21 91.911     	 3 92.231     	26 92.235     	82 92.107     	 2 93.852     	
Lap 69	42 90.753     	47 90.960     	31 90.684     	19 90.950     	80 92.251     	30 93.090     	41 91.716     	69 92.640     	29 92.717     	98 93.452     	11 91.841     	35 91.977     	22 92.001     	20 92.864     	14 93.668     	21 92.317     	 3 92.183     	26 92.545     	82 92.338     	 2 93.814     	
Lap 70	42 90.724     	47 91.081     	31 90.878     	19 90.804     	80 92.705     	30 93.109     	41 93.404     	29 92.347     	69 92.870     	98 92.029     	11 92.336     	35 91.982     	22 92.908     	20 92.910     	14 91.858     	21 92.120     	 3 92.688     	26 92.538     	82 92.251     	 2 94.312     	
Lap 71	42 91.486     	47 91.066     	31 91.126     	19 91.426     	80 91.983     	30 91.673     	41 92.167     	29 92.553     	69 92.799     	98 93.126     	11 92.365     	35 91.902     	22 92.786     	20 93.794     	14 94.128     	21 92.885     	 3 92.705     	26 92.497     	82 92.945     	 2 94.340     	
Lap 72	42 91.038     	47 91.204     	31 90.855     	19 91.043     	80 92.280     	41 92.158     	69 92.737     	98 92.133     	29 94.462     	11 91.753     	35 92.124     	30 109.265 PIT	22 92.229     	20 93.363     	14 94.226     	21 92.380     	 3 92.259     	26 92.638     	82 92.501     	 2 94.090     	
Lap 73	42 91.395     	47 91.282     	31 91.348     	19 91.181     	80 91.484     	41 92.255     	29 93.056     	11 92.235     	30 91.064     	69 109.562 PIT	98 110.194 PIT	22 92.578     	35 109.872 PIT	21 92.905     	 3 92.337     	20 110.770 PIT	14 109.168 PIT	82 93.175     	26 109.585 PIT	 2 94.707     	
Lap 74	42 91.458     	47 91.663     	31 91.082     	19 91.864     	80 91.852     	29 92.208     	30 90.919     	41 109.723 PIT	69 91.022     	98 91.421     	11 108.841 PIT	35 93.374     	21 92.455     	22 111.920 PIT	20 93.035     	14 93.283     	 3 109.385 PIT	82 92.979     	26 92.555     	 2 94.342     	
Lap 75	42 91.929     	47 91.707     	31 91.781     	19 91.119     	30 91.108     	80 109.092 PIT	41 91.442     	69 90.967     	98 90.577     	29 109.180 PIT	11 91.265     	35 91.119     	21 92.595     	22 91.630     	20 91.919     	14 93.202     	 3 92.105     	82 92.912     	26 91.994     	 2 111.351 PIT	
Lap 76	42 109.594 PIT	47 91.743     	31 91.801     	19 91.699     	30 90.940     	80 91.102     	41 90.732     	69 90.692     	98 90.370     	29 91.503     	11 91.358     	35 91.036     	22 90.750     	20 91.842     	14 90.974     	21 110.119 PIT	 3 91.300     	82 93.593     	26 91.778     	 2 93.098     	
Lap 77	42 90.616     	47 109.042 PIT	31 108.174 PIT	19 108.171 PIT	30 90.753     	80 90.518     	41 90.256     	69 92.038     	98 91.966     	29 90.918     	11 91.486     	35 91.462     	22 90.874     	20 92.669     	14 92.440     	21 91.547     	 3 91.703     	26 92.113     	82 110.489 PIT	 2 93.296     	
Lap 78	42 90.377     	47 90.353     	31 89.986     	19 90.682     	30 91.019     	80 90.012     	41 90.453     	69 91.107     	98 92.093     	29 90.808     	11 90.768     	35 91.466     	22 91.340     	20 92.737     	14 93.405     	21 91.458     	 3 91.178     	26 91.813     	82 92.157     	 2 92.997     	
Lap 79	42 90.389     	31 90.011     	47 91.364     	19 89.798     	30 90.559     	80 90.147     	41 91.252     	69 90.296     	98 90.410     	29 90.844     	11 91.526     	35 91.186     	22 90.914     	20 91.073     	14 91.324     	21 91.834     	 3 91.533     	26 92.054     	82 92.164     	 2 93.096     	
Lap 80	42 90.318     	31 91.301     	47 90.785     	19 90.637     	30 91.859     	80 91.817     	41 90.581     	69 90.561     	98 90.345     	29 91.167     	11 91.532     	35 91.095     	22 91.275     	20 91.536     	14 91.114     	21 91.724     	 3 91.133     	26 91.558     	82 91.935     	 2 93.070     	

-- OFFICIAL RESULTS --
Pos	#No	Driver						Team					Time		Diff		Pits	Best
01	#42	OOS	Frank Oosterhout		Cows Go Moo Racing		2:1:49.700	-0.000		3		89.700
02	#31	ŠAŊ	xap'ít celentir šaŋév	Team Solea Racing		2:2:21.235	-31.534		3		89.738
03	#47	PAV	ketila léqa pavúteka	Team Solea Racing		2:2:21.279	-31.578		3		89.779
04	#19	ZAI	khélok atep zailunaɰ	Team Solea Racing		2:2:43.791	-54.090		3		89.798
05	#30	WIS	Josh Wise				BONGATAR				2:3:04.977	-75.277		3		90.363
06	#80	AYA	Ifloenne é Aya			Team V.V. Imperial		2:3:05.571	-75.871		3		90.012
07	#41	CAN	Olga Candy				Cows Go Moo Racing		2:3:08.057	-78.356		3		90.256
08	#69	SAN	Marisa Sanchez			Cows Go Moo Racing		2:3:14.953	-85.253		3		90.296
09	#98	MOT	Gorga Motxev			Dotruga Formula Racing	2:3:16.515	-86.815		3		90.249
10	#29	ALU	Sago Aludetsei			Dotruga Formula Racing	2:3:19.637	-89.937		3		90.439
11	#11	KEG	Tuto Keget				Dotruga Formula Racing	2:3:22.717	-93.016		3		90.756
12	#35	AKA	Asaúni Akaleta			Team Vikasani			2:3:26.261	-96.560		3		90.821
13	#22	PHI	Philipe					Team Vincent			2:3:43.351	-113.651	3		90.750
14	#20	MAC	Mac						Team Vincent			2:3:55.752	-126.052	3		91.018
15	#14	HÚC	Daseno Húctu			Team Vikasani			2:3:56.941	-127.241	3		90.710
16	#21	ORS	Orson					Team Vincent			2:4:00.293	-130.593	3		90.857
17	# 3	BOB	Bob						BONGATAR				2:4:01.349	-131.648	3		90.963
18	#26	ILI	Rikvisi Iliria			Team Vikasani			2:4:19.531	-149.831	3		91.474
19	#82	SAN	Nukki Savra Sanda		Team V.V. Imperial		2:4:35.626	-165.926	3		91.681
20	# 2	HID	Body Hide				BONGATAR				2:5:45.241	-235.540	3		92.680
21	#53	TÀC	Ešuro Tàcràɰë			Team Diigikwk Racers	RETIRED		DNF			1		90.667
22	#94	NES	At'ipi Nesbeksë			Team Diigikwk Racers	RETIRED		DNF			1		90.240
23	#74	KON	Bařàsiz Konoca			Team Diigikwk Racers	RETIRED		DNF			0		91.202
24	#81	KÆR	Lyǽs Kæræsekæræn		Team V.V. Imperial		RETIRED		DNF			1		91.001

-- RACE INCIDENT REPORT --
At'ipi Nesbeksë made a mistake while attempting an overtake on lap 7.
Mac made a mistake while attempting an overtake on lap 8.
Bařàsiz Konoca crashed out while attempting an overtake on lap 9.
Lyǽs Kæræsekæræn made a mistake while attempting an overtake on lap 10.
ketila léqa pavúteka made a mistake while attempting an overtake on lap 12.
Ifloenne é Aya made a mistake while attempting an overtake on lap 14.
Body Hide made a mistake while attempting an overtake on lap 20.
Frank Oosterhout made a mistake on lap 22.
khélok atep zailunaɰ made a mistake while attempting an overtake on lap 23.
At'ipi Nesbeksë crashed out while attempting an overtake on lap 34.
Ešuro Tàcràɰë crashed out while attempting an overtake on lap 34.
Nukki Savra Sanda made a mistake while attempting an overtake on lap 37.
Lyǽs Kæræsekæræn crashed out on lap 49.
Philipe made a mistake on lap 56.
Nukki Savra Sanda made a mistake on lap 66.
Sago Aludetsei made a mistake while attempting an overtake on lap 72.
