-- LAP TIMES --
Lap 1	42 126.198     	31 126.357     	47 126.804     	29 126.613     	98 126.875     	19 127.099     	11 126.824     	80 127.032     	94 127.275     	30 127.457     	74 127.564     	53 127.674     	81 127.620     	41 127.568     	69 127.790     	35 128.111     	20 128.414     	22 128.292     	21 128.610     	14 128.624     	82 128.770     	 3 129.057     	26 129.503     	 2 130.004     	
Lap 2	42 126.704     	31 126.539     	47 126.870     	29 126.883     	19 126.674     	98 126.828     	11 127.150     	80 127.079     	94 127.315     	81 127.313     	30 127.499     	53 127.693     	74 127.724     	69 127.302     	41 128.049     	22 128.351     	35 128.547     	21 128.463     	20 129.380     	14 129.129     	 3 128.716     	82 129.744     	26 129.902     	 2 130.578     	
Lap 3	31 126.174     	42 126.318     	47 126.319     	19 126.742     	98 126.836     	29 127.336     	11 126.704     	94 127.185     	80 127.858     	53 127.441     	74 127.444     	81 127.945     	41 127.496     	69 128.002     	30 128.372     	22 128.511     	35 129.071     	21 128.925     	 3 128.551     	20 128.853     	14 129.045     	26 128.706     	82 129.778     	 2 130.592     	
Lap 4	31 126.884     	42 126.891     	47 127.158     	19 126.910     	98 126.810     	29 126.542     	11 127.052     	94 127.463     	80 127.686     	74 127.346     	30 126.747     	53 127.944     	41 127.514     	81 128.026     	69 128.102     	22 128.615     	21 128.623     	35 128.957     	 3 128.755     	20 129.209     	14 130.115     	26 130.105     	82 131.126     	 2 130.554     	
Lap 5	42 126.554     	31 126.913     	47 126.433     	29 126.740     	98 126.995     	19 127.125     	11 127.703     	94 126.941     	80 127.193     	74 127.487     	53 127.236     	30 128.606     	41 128.147     	81 128.224     	69 127.823     	22 128.349     	20 127.404     	21 129.236     	35 129.188     	14 127.460     	 3 129.174     	26 128.364     	82 128.734     	 2 130.726     	
Lap 6	42 127.300     	31 127.332     	47 126.767     	29 127.141     	98 126.945     	19 127.576     	11 127.389     	80 127.196     	94 127.880     	74 127.400     	69 127.731     	30 128.177     	41 128.140     	81 128.394     	22 128.729     	20 128.869     	35 128.659     	21 129.215     	14 128.803     	 3 129.614     	53 137.208 PIT	26 128.292     	82 128.409     	 2 130.084     	
Lap 7	47 126.099     	31 126.547     	42 127.231     	98 126.783     	29 127.692     	19 127.416     	94 126.691     	74 126.172     	11 128.519     	80 127.915     	69 127.685     	41 128.231     	30 128.655     	81 128.277     	22 127.389     	35 128.680     	20 129.359     	53 127.304     	21 129.115     	14 129.346     	 3 129.753     	26 129.635     	82 128.466     	 2 130.606     	
Lap 8	47 127.475     	42 126.880     	31 127.318     	98 126.887     	29 126.980     	19 127.884     	94 127.543     	11 127.686     	74 128.250     	80 128.912     	69 128.021     	41 128.085     	30 128.380     	81 128.704     	22 127.173     	53 127.643     	35 129.371     	20 129.618     	21 129.391     	14 129.602     	 3 129.701     	26 130.423     	82 131.446     	 2 130.408     	
Lap 9	42 127.121     	31 127.080     	47 127.578     	98 127.016     	29 127.648     	19 126.390     	94 127.585     	11 127.942     	74 127.672     	80 127.095     	69 128.635     	41 128.153     	30 128.362     	81 128.955     	22 128.097     	53 126.919     	35 128.993     	20 129.199     	21 128.856     	14 130.043     	 3 128.672     	26 128.584     	82 129.099     	 2 131.191     	
Lap 10	31 126.812     	42 126.928     	47 127.182     	98 126.581     	29 127.103     	19 127.506     	94 127.002     	74 127.796     	11 128.025     	80 128.029     	69 128.245     	30 127.486     	41 128.402     	81 128.351     	22 128.683     	53 125.919     	35 129.093     	20 129.253     	21 129.141     	14 128.985     	 3 130.096     	26 128.664     	82 128.279     	 2 130.815     	
Lap 11	42 127.070     	98 126.727     	31 127.734     	47 127.386     	29 127.781     	94 126.220     	19 128.182     	74 127.880     	11 128.043     	80 127.391     	69 128.079     	30 128.586     	41 128.943     	81 128.106     	53 128.949     	22 129.504     	35 129.415     	20 129.289     	21 129.665     	14 128.153     	26 129.293     	 3 130.008     	82 128.539     	 2 131.476     	
Lap 12	47 126.631     	42 127.629     	31 127.100     	98 127.780     	29 127.869     	19 127.563     	94 128.519     	80 127.370     	74 128.026     	11 128.452     	69 128.682     	81 127.390     	30 129.238     	41 128.974     	53 127.909     	22 129.053     	35 129.916     	20 129.377     	21 129.863     	14 130.329     	 3 129.484     	26 130.323     	82 130.370     	 2 131.082     	
Lap 13	47 127.257     	42 127.484     	31 127.960     	98 128.565     	29 128.050     	19 127.624     	94 127.511     	80 128.082     	74 128.132     	11 128.585     	69 127.501     	81 128.506     	30 128.827     	53 126.908     	41 129.974     	22 128.443     	35 129.693     	21 129.824     	14 130.160     	 3 130.262     	26 130.227     	82 132.497     	20 140.235 PIT	 2 131.142     	
Lap 14	47 127.818     	42 127.919     	31 127.633     	98 128.509     	29 128.118     	19 128.067     	94 127.877     	74 127.872     	11 126.864     	80 128.492     	69 127.235     	81 128.689     	30 129.305     	41 128.058     	53 129.905     	22 128.189     	35 128.326     	21 129.389     	14 130.428     	26 129.730     	 3 130.098     	82 128.972     	20 127.962     	 2 131.130     	
Lap 15	47 127.710     	42 128.194     	31 128.501     	98 126.658     	19 128.108     	29 128.544     	94 128.631     	11 128.061     	80 128.043     	74 128.498     	69 128.193     	81 128.158     	41 129.364     	53 129.034     	30 129.843     	22 128.337     	35 128.604     	21 128.717     	14 128.484     	26 130.963     	82 129.063     	 3 131.586     	20 127.732     	 2 131.711     	
Lap 16	47 128.019     	42 128.662     	31 128.206     	98 129.065     	19 128.502     	29 128.716     	94 128.937     	11 128.299     	80 128.812     	74 128.907     	69 127.897     	81 128.170     	53 128.205     	41 129.613     	30 129.598     	22 129.858     	35 129.064     	21 128.760     	14 129.523     	20 127.512     	 3 130.254     	82 130.658     	26 131.235     	 2 131.381     	
Lap 17	42 128.489     	31 128.854     	19 128.438     	94 128.900     	11 129.422     	47 144.803 PIT	81 128.596     	53 127.077     	98 145.705 PIT	30 130.194     	29 146.296 PIT	22 130.686     	74 145.503 PIT	80 146.134 PIT	69 145.264 PIT	35 129.414     	21 129.194     	14 129.417     	20 127.804     	41 147.322 PIT	26 129.981     	82 130.694     	 3 130.893     	 2 131.603     	
Lap 18	42 145.874 PIT	31 130.179     	94 144.533 PIT	11 128.327     	47 125.607     	53 127.871     	81 128.380     	30 147.242 PIT	19 127.452     	29 126.970     	74 128.300     	22 130.227     	80 127.459     	14 129.674     	21 146.206 PIT	20 127.128     	98 127.134     	82 131.653     	41 126.691     	26 132.180     	69 127.355     	35 146.689 PIT	 3 130.572     	
Lap 19	31 127.577     	47 125.404     	98 127.125     	81 130.434     	29 125.700     	53 130.417     	19 145.349 PIT	94 126.762     	80 126.884     	74 126.721     	11 144.842 PIT	69 126.454     	41 126.925     	20 129.107     	14 132.061     	30 127.355     	22 147.356 PIT	 3 131.033     	35 127.956     	21 127.790     	26 148.947 PIT	82 150.227 PIT	 2 149.702 PIT	
Lap 20	47 125.475     	98 125.669     	29 126.874     	31 145.709 PIT	94 126.464     	19 127.128     	53 130.213     	74 126.401     	80 127.776     	11 127.178     	69 127.871     	41 127.528     	20 128.766     	81 147.242 PIT	30 126.623     	22 127.071     	35 126.776     	21 127.236     	14 148.878 PIT	 3 147.748 PIT	26 128.951     	82 128.289     	 2 130.540     	
Lap 21	47 125.703     	98 125.523     	29 125.312     	19 126.647     	94 127.243     	31 127.399     	53 127.132     	74 126.498     	80 127.185     	11 127.567     	69 126.512     	41 126.745     	30 126.423     	20 129.063     	81 129.108     	22 127.497     	35 126.941     	21 127.299     	14 127.733     	 3 129.635     	26 129.616     	82 131.107     	 2 129.985     	
Lap 22	47 125.117     	98 125.985     	29 126.011     	19 126.704     	94 127.038     	31 126.992     	53 127.195     	74 126.651     	80 126.376     	11 127.381     	69 127.442     	41 126.728     	30 127.727     	81 128.251     	20 129.559     	22 127.409     	35 127.230     	21 127.597     	14 127.542     	26 128.391     	 3 128.608     	82 128.508     	 2 129.834     	
Lap 23	47 125.404     	98 125.766     	29 126.120     	19 126.798     	94 126.901     	31 126.986     	74 126.851     	80 125.995     	11 127.717     	69 128.273     	41 126.636     	30 126.735     	53 146.670 PIT	81 127.650     	20 128.606     	22 127.364     	35 127.773     	21 127.571     	14 127.759     	 3 129.477     	26 129.946     	82 127.704     	 2 130.489     	
Lap 24	47 125.409     	98 125.462     	29 126.088     	19 127.113     	94 127.143     	31 127.149     	74 127.769     	80 127.195     	11 127.632     	69 128.045     	41 126.851     	30 126.981     	53 127.484     	81 128.236     	20 128.405     	22 127.532     	35 127.927     	21 128.097     	14 127.804     	 3 129.029     	26 129.851     	82 131.134     	 2 130.804     	
Lap 25	47 125.992     	98 126.131     	29 125.888     	19 127.251     	94 127.790     	31 127.790     	80 127.621     	74 128.395     	11 126.552     	69 126.619     	41 126.838     	30 126.730     	53 126.829     	81 127.552     	22 128.557     	20 130.074     	35 127.606     	21 127.599     	14 127.782     	 3 128.116     	82 128.022     	26 130.217     	 2 130.903     	
Lap 26	47 126.077     	98 125.607     	29 126.444     	19 126.106     	31 126.910     	94 127.899     	80 128.275     	74 127.761     	11 125.897     	69 127.024     	41 127.614     	30 126.709     	53 126.289     	81 126.276     	22 128.607     	35 127.583     	20 129.654     	21 128.016     	14 127.570     	 3 128.153     	26 128.602     	82 129.537     	 2 130.834     	
Lap 27	47 126.177     	98 126.333     	29 125.842     	19 125.852     	31 126.843     	94 127.059     	80 127.719     	74 127.943     	11 128.060     	69 126.714     	41 127.234     	30 127.247     	53 125.974     	81 127.191     	22 127.143     	35 129.586     	20 129.598     	21 127.407     	14 127.351     	 3 128.214     	26 130.320     	82 131.407     	 2 130.711     	
Lap 28	47 126.073     	98 125.790     	29 126.562     	19 125.799     	31 125.948     	94 126.596     	80 128.486     	74 128.234     	11 127.868     	69 128.942     	41 127.675     	30 127.364     	53 126.711     	81 126.412     	22 127.944     	35 129.015     	21 129.358     	20 130.514     	14 128.144     	 3 127.768     	26 128.887     	82 128.369     	 2 130.730     	
Lap 29	47 125.767     	98 126.809     	29 126.680     	19 126.550     	31 126.106     	94 126.980     	80 127.893     	74 128.317     	11 128.325     	69 127.207     	41 128.009     	30 127.147     	53 126.225     	81 126.985     	22 127.520     	35 129.840     	21 129.032     	20 130.548     	14 127.827     	 3 128.225     	26 130.154     	82 131.849     	 2 130.993     	
Lap 30	47 126.815     	98 126.800     	29 126.437     	19 126.792     	31 126.080     	94 126.899     	80 128.183     	11 127.835     	74 128.796     	69 129.266     	41 127.445     	30 129.405     	53 129.735     	81 127.035     	22 128.162     	21 128.919     	35 129.511     	14 128.357     	20 147.114 PIT	 3 128.135     	26 129.257     	82 129.065     	 2 131.282     	
Lap 31	47 126.796     	98 127.087     	29 126.459     	19 126.840     	31 125.798     	94 126.880     	80 128.599     	11 128.211     	74 127.879     	69 127.578     	41 127.930     	53 128.034     	30 129.527     	81 128.760     	22 128.236     	21 129.258     	35 131.327     	14 128.292     	20 127.735     	 3 128.586     	26 129.025     	82 128.720     	 2 131.632     	
Lap 32	47 126.870     	98 126.498     	29 126.860     	19 126.658     	31 126.199     	94 126.884     	80 128.614     	11 128.399     	74 128.432     	69 127.705     	41 128.328     	53 126.279     	30 128.887     	81 128.925     	22 128.311     	21 129.007     	35 128.311     	14 128.407     	20 127.235     	 3 129.055     	26 129.265     	82 129.197     	 2 131.116     	
Lap 33	47 127.365     	98 126.926     	29 127.576     	19 128.627     	31 128.449     	94 127.511     	80 128.627     	11 128.802     	74 129.050     	69 129.906     	41 128.045     	53 126.536     	30 129.833     	81 129.522     	22 128.449     	21 128.336     	35 130.192     	14 128.826     	20 127.519     	 3 129.001     	26 129.656     	82 128.873     	 2 130.986     	
Lap 34	47 144.575 PIT	19 127.967     	31 129.083     	98 145.181 PIT	94 127.298     	29 144.871 PIT	11 128.844     	74 128.427     	53 127.046     	81 129.672     	30 129.964     	80 146.669 PIT	69 145.726 PIT	22 128.762     	41 146.144 PIT	21 128.987     	35 128.991     	14 129.122     	20 127.754     	 3 128.577     	26 129.550     	82 129.189     	 2 132.045     	
Lap 35	47 125.478     	19 127.627     	31 126.781     	98 127.380     	29 125.747     	11 128.842     	74 128.857     	94 146.074 PIT	53 127.429     	30 128.246     	81 129.483     	80 127.003     	69 126.907     	22 128.800     	41 126.575     	14 129.276     	20 128.120     	21 146.573 PIT	35 145.554 PIT	 3 128.688     	26 130.741     	82 132.406     	 2 132.091     	
Lap 36	47 124.989     	19 128.602     	98 125.479     	31 128.645     	29 125.222     	11 128.726     	94 126.702     	53 126.988     	80 125.903     	69 126.297     	81 129.744     	74 146.630 PIT	41 128.262     	22 129.954     	30 146.932 PIT	14 129.188     	20 127.700     	21 127.970     	35 127.792     	 3 128.832     	26 146.504 PIT	82 147.111 PIT	 2 132.222     	
Lap 37	47 125.358     	98 127.168     	29 125.146     	31 129.604     	19 146.187 PIT	94 126.416     	53 127.547     	80 126.583     	69 126.265     	74 126.165     	11 146.715 PIT	41 126.205     	22 129.292     	30 127.270     	81 145.424 PIT	20 127.983     	21 127.286     	35 126.939     	 3 129.938     	14 147.142 PIT	26 128.632     	82 128.285     	 2 149.365 PIT	
Lap 38	47 125.350     	98 125.392     	29 125.481     	31 127.067     	19 126.955     	94 127.172     	53 127.474     	80 125.837     	69 126.302     	74 125.980     	11 127.681     	41 128.029     	30 126.745     	81 126.652     	22 146.431 PIT	20 127.580     	21 127.207     	35 127.745     	 3 130.077     	14 127.831     	26 128.302     	82 127.852     	 2 130.968     	
Lap 39	47 125.188     	98 125.724     	29 125.522     	19 125.167     	94 126.217     	31 145.344 PIT	53 127.872     	80 126.656     	69 127.116     	74 126.014     	11 127.288     	41 128.254     	30 126.546     	81 126.355     	22 127.212     	20 127.952     	21 127.138     	35 127.802     	14 126.988     	 3 130.092     	26 127.859     	82 130.286     	 2 130.362     	
Lap 40	47 126.109     	98 126.014     	29 125.663     	19 125.746     	94 125.771     	31 126.126     	80 126.579     	69 126.339     	74 126.280     	11 126.241     	53 144.654 PIT	41 127.393     	30 127.285     	81 126.668     	22 127.295     	20 128.185     	21 127.744     	35 127.587     	14 127.384     	 3 130.492     	26 127.991     	82 127.737     	 2 130.244     	
Lap 41	47 125.932     	98 127.550     	29 126.849     	19 125.906     	94 126.175     	31 124.891     	80 126.432     	69 126.337     	74 126.255     	11 126.080     	53 127.980     	41 128.406     	30 126.923     	81 127.055     	22 127.506     	20 127.919     	21 127.213     	35 127.229     	14 127.643     	 3 147.292 PIT	26 128.292     	82 128.314     	 2 130.463     	
Lap 42	47 125.682     	98 127.276     	29 127.192     	19 125.522     	94 126.455     	31 125.663     	80 126.844     	69 127.405     	74 126.610     	11 126.299     	53 126.441     	41 126.893     	30 127.239     	81 126.976     	22 127.513     	20 129.161     	21 128.848     	35 127.303     	14 127.237     	 3 128.168     	26 128.860     	82 128.270     	 2 130.230     	
Lap 43	47 126.380     	98 127.350     	29 127.277     	19 125.883     	94 127.500     	31 126.796     	80 126.364     	74 127.043     	69 128.669     	11 125.812     	53 126.475     	41 127.600     	30 128.656     	81 128.875     	22 127.755     	20 129.517     	35 127.690     	21 129.570     	14 127.254     	 3 127.956     	26 129.018     	82 127.974     	 2 130.874     	
Lap 44	47 126.114     	98 127.067     	29 127.198     	19 126.285     	31 127.350     	94 127.379     	80 126.516     	74 128.291     	69 128.370     	11 126.447     	53 125.982     	41 127.055     	30 127.503     	81 127.067     	22 127.032     	21 128.118     	35 129.032     	20 130.265     	14 127.504     	 3 127.827     	26 128.927     	82 128.061     	 2 130.177     	
Lap 45	47 126.580     	29 126.906     	98 127.663     	19 126.506     	31 127.044     	94 127.453     	80 127.052     	74 127.678     	11 126.302     	69 129.368     	53 126.783     	41 127.527     	30 128.388     	81 128.632     	22 127.034     	21 129.185     	35 128.876     	20 130.527     	14 127.771     	 3 128.233     	26 129.137     	82 128.946     	 2 131.151     	
Lap 46	47 125.978     	29 127.965     	98 127.930     	19 126.161     	31 126.738     	94 127.578     	80 127.502     	74 127.682     	11 128.383     	69 127.696     	53 126.098     	41 127.246     	30 128.943     	81 128.553     	22 127.509     	21 129.418     	35 130.951     	20 129.338     	14 127.524     	 3 127.504     	26 129.371     	82 128.508     	 2 130.717     	
Lap 47	47 126.414     	29 127.821     	98 128.989     	19 126.730     	31 125.905     	94 127.307     	80 127.520     	74 126.534     	11 126.314     	69 127.236     	53 126.397     	41 128.112     	30 128.312     	81 129.384     	22 127.441     	21 128.144     	35 127.802     	20 129.512     	14 128.413     	 3 128.886     	26 130.414     	82 131.775     	 2 130.429     	
Lap 48	47 126.101     	29 126.639     	98 126.848     	19 126.828     	31 125.603     	94 126.593     	80 127.167     	74 126.617     	11 126.735     	69 129.154     	53 128.907     	41 128.214     	30 128.086     	81 126.946     	22 127.339     	21 128.081     	35 128.555     	14 131.082     	20 147.657 PIT	 3 127.926     	26 128.968     	82 128.520     	 2 131.185     	
Lap 49	47 126.287     	29 126.840     	98 126.848     	19 127.017     	31 125.751     	94 127.040     	80 127.824     	74 127.024     	11 127.049     	69 128.818     	53 128.932     	41 128.031     	30 129.217     	81 128.777     	22 127.989     	21 128.272     	35 128.453     	14 128.621     	20 127.841     	 3 127.708     	26 129.755     	82 128.885     	 2 130.696     	
Lap 50	47 127.331     	29 126.715     	98 127.114     	19 126.696     	31 126.461     	94 127.491     	80 128.133     	74 127.566     	11 127.055     	69 128.927     	53 129.346     	41 128.314     	30 128.923     	81 129.225     	22 127.552     	21 128.721     	35 128.177     	14 128.348     	20 126.950     	 3 128.330     	26 130.618     	82 132.031     	 2 131.426     	

-- OFFICIAL RESULTS --
Pos	#No	Driver						Team					Time		Diff		Pits	Best
01	#47	PAV	ketila léqa pavúteka	Team Solea Racing		1:45:54.209	-0.000		2		124.989
02	#29	ALU	Sago Aludetsei			Dotruga Formula Racing	1:46:17.134	-22.925		2		125.146
03	#98	MOT	Gorga Motxev			Dotruga Formula Racing	1:46:19.383	-25.174		2		125.392
04	#19	ZAI	khélok atep zailunaɰ	Team Solea Racing		1:46:27.362	-33.153		2		125.167
05	#31	ŠAŊ	xap'ít celentir šaŋév	Team Solea Racing		1:46:31.010	-36.801		2		124.891
06	#94	NES	At'ipi Nesbeksë			Team Diigikwk Racers	1:46:36.978	-42.769		2		125.771
07	#80	AYA	Ifloenne é Aya			Team V.V. Imperial		1:46:50.089	-55.880		2		125.837
08	#74	KON	Bařàsiz Konoca			Team Diigikwk Racers	1:46:53.823	-59.614		2		125.980
09	#11	KEG	Tuto Keget				Dotruga Formula Racing	1:46:54.527	-60.318		2		125.812
10	#69	SAN	Marisa Sanchez			Cows Go Moo Racing		1:47:02.730	-68.521		2		126.265
11	#53	TÀC	Ešuro Tàcràɰë			Team Diigikwk Racers	1:47:03.315	-69.106		3		125.919
12	#41	CAN	Olga Candy				Cows Go Moo Racing		1:47:08.117	-73.908		2		126.205
13	#30	WIS	Josh Wise				BONGATAR				1:47:23.047	-88.838		2		126.423
14	#81	KÆR	Lyǽs Kæræsekæræn		Team V.V. Imperial		1:47:23.371	-89.162		2		126.276
15	#22	PHI	Philipe					Team Vincent			1:47:26.958	-92.749		2		127.032
16	#21	ORS	Orson					Team Vincent			1:47:42.989	-108.780	2		127.138
17	#35	AKA	Asaúni Akaleta			Team Vikasani			1:47:44.744	-110.535	2		126.776
18	#14	HÚC	Daseno Húctu			Team Vikasani			1:47:50.782	-116.573	2		126.988
19	#20	MAC	Mac						Team Vincent			1:48:04.755	-130.546	3		126.950
20	# 3	BOB	Bob						BONGATAR				1:48:13.553	-139.344	2		127.504
21	#26	ILI	Rikvisi Iliria			Team Vikasani			1:48:31.235	-157.026	2		127.859
22	#82	SAN	Nukki Savra Sanda		Team V.V. Imperial		1:48:33.454	-159.245	2		127.704
23	# 2	HID	Body Hide				BONGATAR				1:49:43.269	-229.060	2		129.834
24	#42	OOS	Frank Oosterhout		Cows Go Moo Racing		RETIRED		DNF			1		126.198

-- RACE INCIDENT REPORT --
Mac made a mistake while attempting an overtake on lap 2.
Ešuro Tàcràɰë made a pit stop to repair damage caused by a large incident while attempting an overtake on lap 6.
Ifloenne é Aya made a mistake while attempting an overtake on lap 8.
Mac made a pit stop to repair damage caused by a large incident while attempting an overtake on lap 13.
Frank Oosterhout crashed out while attempting an overtake on lap 18.
xap'ít celentir šaŋév made a mistake while attempting an overtake on lap 18.
Rikvisi Iliria made a mistake on lap 25.
Asaúni Akaleta made a mistake on lap 33.
Nukki Savra Sanda made a mistake on lap 39.
Bob made a mistake on lap 47.
