-- LAP TIMES --
Lap 1	31 105.726     	81 105.788     	19 105.939     	29 105.790     	98 106.047     	22 106.154     	47 106.379     	80 106.218     	11 106.329     	69 106.150     	14 106.360     	20 106.475     	42 106.285     	41 106.128     	21 106.055     	35 106.536     	26 106.441     	30 106.472     	94 106.946     	82 106.816     	74 107.071     	53 107.178     	 3 107.179     	 2 107.951     	
Lap 2	81 105.856     	19 105.930     	31 106.301     	29 106.100     	98 106.251     	80 106.059     	42 106.034     	22 106.746     	11 106.199     	47 106.386     	69 106.260     	20 106.612     	21 106.651     	35 106.407     	26 106.503     	14 106.908     	41 106.907     	30 106.793     	74 106.540     	82 106.777     	94 106.881     	53 107.235     	 3 107.184     	 2 107.780     	
Lap 3	31 105.975     	19 106.138     	29 106.017     	98 105.917     	81 106.743     	11 105.934     	42 106.334     	80 106.600     	22 106.495     	47 106.486     	69 106.450     	35 106.159     	20 106.355     	41 106.301     	14 106.518     	21 106.951     	26 106.911     	30 106.606     	74 106.637     	94 107.006     	53 106.402     	82 107.439     	 3 108.291     	 2 107.488     	
Lap 4	19 105.791     	98 105.701     	31 106.171     	29 105.968     	11 106.020     	81 106.300     	47 106.163     	80 106.291     	20 106.260     	42 106.912     	69 106.609     	22 106.748     	35 106.772     	41 106.466     	14 106.508     	21 107.050     	26 107.165     	74 106.749     	30 107.390     	94 106.884     	53 107.363     	82 108.309     	 3 107.380     	 2 107.629     	
Lap 5	98 105.738     	19 106.658     	11 105.849     	31 106.649     	81 106.068     	80 106.089     	47 106.391     	20 106.448     	69 106.468     	29 108.408     	35 106.329     	42 106.786     	22 106.796     	41 106.646     	14 106.705     	21 106.393     	74 106.347     	26 106.539     	30 107.205     	94 107.103     	53 107.779     	82 107.228     	 3 107.234     	 2 107.450     	
Lap 6	98 105.704     	11 105.970     	31 106.264     	19 106.693     	81 106.389     	47 106.096     	80 106.945     	69 106.442     	20 106.563     	29 106.462     	42 106.411     	35 106.983     	22 106.982     	41 107.247     	14 107.011     	74 106.507     	21 107.102     	26 107.322     	94 106.434     	30 106.993     	53 107.429     	82 107.603     	 3 107.073     	 2 107.467     	
Lap 7	98 105.217     	11 106.377     	31 106.104     	81 106.238     	19 106.698     	47 106.001     	29 106.022     	80 106.499     	42 106.286     	69 106.577     	20 106.593     	22 106.349     	35 106.678     	14 106.433     	41 106.536     	21 106.732     	74 107.229     	26 106.752     	94 106.788     	30 107.045     	53 106.858     	 3 107.018     	82 107.294     	 2 108.299     	
Lap 8	98 105.504     	11 106.846     	31 106.913     	19 106.182     	81 106.716     	47 106.402     	80 106.381     	29 106.801     	42 106.454     	20 106.676     	69 107.102     	22 106.847     	14 106.653     	35 107.162     	41 107.009     	21 106.415     	26 106.804     	74 107.216     	94 106.980     	30 106.630     	53 106.432     	82 106.900     	 3 107.937     	 2 108.434     	
Lap 9	98 105.078     	47 105.305     	11 106.935     	81 106.657     	31 107.003     	19 107.074     	80 106.590     	29 106.809     	42 107.044     	20 107.225     	69 107.311     	22 107.131     	35 106.806     	14 107.185     	41 107.050     	21 107.102     	74 106.737     	94 106.751     	26 107.536     	30 107.214     	53 106.197     	82 106.307     	 3 106.718     	 2 108.162     	
Lap 10	98 105.812     	47 105.150     	81 106.439     	11 106.799     	19 106.595     	31 106.733     	80 106.466     	29 106.146     	20 106.498     	42 107.250     	69 106.705     	22 106.427     	35 107.258     	14 107.180     	21 106.639     	41 107.003     	74 107.091     	94 107.294     	30 107.202     	26 107.786     	82 106.193     	53 108.831     	 3 106.502     	 2 108.568     	
Lap 11	98 105.464     	47 105.380     	19 106.386     	11 106.928     	81 107.209     	31 107.198     	29 106.384     	80 107.096     	20 106.562     	42 107.377     	69 107.050     	14 106.869     	21 106.905     	35 107.389     	41 107.649     	94 106.810     	74 107.686     	30 107.319     	26 107.852     	82 108.042     	53 107.397     	 3 108.045     	22 119.428 PIT	 2 108.636     	
Lap 12	98 105.305     	47 106.214     	19 106.762     	81 106.889     	29 106.387     	11 107.077     	31 106.655     	80 107.013     	20 107.592     	42 106.671     	69 107.269     	14 106.703     	21 107.231     	35 107.430     	74 106.351     	41 107.465     	94 107.139     	30 107.429     	26 108.218     	82 107.367     	53 107.449     	 3 107.372     	22 106.037     	 2 108.118     	
Lap 13	98 105.649     	47 105.473     	11 106.532     	19 107.293     	80 105.606     	81 107.089     	29 106.986     	31 106.995     	42 106.749     	20 107.056     	69 106.995     	14 107.176     	21 107.209     	35 107.640     	41 107.136     	74 107.248     	94 107.338     	30 106.807     	26 108.024     	53 107.075     	82 108.193     	 3 106.906     	22 105.673     	 2 108.723     	
Lap 14	98 106.013     	47 105.916     	29 106.649     	81 106.698     	11 107.367     	19 107.369     	80 107.326     	31 107.303     	20 107.595     	42 107.797     	69 107.144     	14 106.880     	21 107.105     	41 107.161     	74 107.094     	35 107.529     	94 107.175     	30 106.817     	53 107.618     	26 107.933     	22 105.475     	 3 107.692     	82 108.275     	 2 108.745     	
Lap 15	98 105.683     	47 106.263     	29 106.654     	11 106.734     	80 106.833     	19 107.004     	81 107.419     	31 107.926     	20 107.055     	42 107.079     	69 107.068     	14 107.702     	21 107.364     	74 107.210     	35 107.532     	41 107.939     	94 107.275     	30 107.644     	22 106.282     	53 107.810     	26 107.794     	82 107.485     	 3 108.305     	 2 109.017     	
Lap 16	98 105.851     	47 106.226     	29 107.031     	19 106.837     	80 106.982     	11 107.539     	31 106.067     	81 107.690     	42 107.528     	20 107.823     	14 107.220     	21 107.721     	69 109.314     	74 107.331     	35 107.146     	41 107.333     	94 107.689     	30 107.660     	22 107.672     	53 107.481     	26 107.597     	82 107.834     	 3 108.295     	 2 108.601     	
Lap 17	98 106.565     	47 106.765     	29 106.946     	19 107.042     	11 107.143     	31 107.133     	80 107.853     	81 107.478     	42 107.795     	20 107.774     	21 107.450     	74 107.412     	14 108.948     	69 108.037     	41 107.296     	35 107.926     	94 107.839     	30 107.859     	22 106.303     	53 108.086     	26 107.883     	82 107.368     	 3 107.295     	 2 108.447     	
Lap 18	98 106.235     	47 106.345     	29 107.104     	31 107.100     	11 107.372     	19 108.000     	80 107.484     	81 107.563     	20 107.833     	42 108.290     	21 107.725     	69 107.609     	14 107.964     	41 107.513     	74 108.247     	35 108.021     	22 105.206     	94 108.034     	30 107.642     	53 108.050     	26 108.387     	 3 108.032     	82 109.359     	 2 108.995     	
Lap 19	98 106.306     	47 106.230     	29 106.825     	11 107.683     	19 107.640     	80 107.347     	31 108.004     	81 108.182     	20 108.082     	42 108.928     	21 107.980     	14 107.677     	74 107.807     	69 108.431     	22 106.942     	41 108.529     	35 108.266     	30 107.536     	94 108.574     	53 108.602     	26 108.621     	82 108.218     	 3 108.985     	 2 108.761     	
Lap 20	98 106.366     	47 106.379     	29 106.239     	31 107.903     	11 108.197     	81 124.046 PIT	69 125.441 PIT	42 124.809 PIT	21 108.502     	14 108.558     	35 125.072 PIT	30 108.616     	53 125.507 PIT	26 108.647     	80 125.468 PIT	19 125.902 PIT	20 106.619     	74 108.209     	22 106.964     	41 125.435 PIT	94 108.532     	 3 124.758 PIT	82 109.040     	
Lap 21	98 107.097     	47 123.843 PIT	22 107.146     	21 108.377     	74 108.084     	30 108.890     	94 108.642     	29 123.146 PIT	80 106.849     	19 106.751     	31 124.932 PIT	11 125.746 PIT	20 124.188 PIT	42 106.084     	69 106.471     	41 107.033     	14 126.004 PIT	35 107.966     	53 107.411     	26 125.011 PIT	 3 107.857     	82 125.646 PIT	 2 127.584 PIT	
Lap 22	98 124.504 PIT	47 105.535     	22 105.906     	29 106.288     	30 109.305     	80 105.976     	19 106.580     	31 106.682     	11 107.003     	20 105.349     	42 105.217     	69 106.249     	41 106.930     	14 106.610     	35 107.113     	74 125.443 PIT	21 126.066 PIT	94 125.368 PIT	53 105.331     	26 107.213     	82 106.767     	 3 108.394     	 2 107.631     	
Lap 23	98 105.425     	47 105.575     	22 106.194     	29 105.454     	80 105.848     	19 105.963     	31 106.566     	11 106.172     	20 106.255     	42 105.860     	69 105.920     	41 106.527     	14 106.631     	35 106.277     	21 106.559     	74 107.114     	94 107.212     	53 107.782     	26 105.521     	30 125.591 PIT	82 106.539     	 3 106.700     	 2 107.517     	
Lap 24	98 104.698     	47 105.094     	22 106.174     	29 104.695     	80 105.045     	19 106.146     	31 106.021     	11 106.406     	20 106.679     	42 106.856     	69 105.086     	41 106.931     	14 106.718     	35 107.932     	21 106.892     	74 106.920     	94 106.702     	53 106.987     	26 107.178     	30 107.540     	82 107.096     	 3 106.938     	 2 107.894     	
Lap 25	98 104.583     	47 105.237     	22 106.014     	29 105.233     	80 105.782     	19 106.158     	31 107.422     	11 106.715     	20 106.966     	69 105.526     	42 107.336     	41 107.070     	14 107.103     	74 106.018     	21 106.729     	35 106.801     	94 105.625     	53 106.205     	30 106.209     	26 107.290     	 3 107.074     	82 107.506     	 2 107.436     	
Lap 26	98 105.079     	47 105.616     	22 106.266     	29 105.142     	80 105.011     	19 105.145     	31 106.486     	11 107.126     	20 106.650     	69 106.260     	42 106.610     	41 106.749     	14 106.600     	74 106.904     	21 106.725     	94 105.758     	35 108.455     	53 105.790     	30 106.933     	26 107.288     	82 106.642     	 3 107.441     	 2 108.155     	
Lap 27	98 105.469     	47 105.447     	22 106.708     	29 105.332     	80 105.111     	19 105.301     	31 105.762     	11 106.745     	20 106.847     	69 106.937     	42 106.379     	41 106.403     	14 106.962     	74 106.972     	21 106.909     	94 106.959     	53 105.809     	35 108.187     	30 107.412     	26 107.889     	82 107.424     	 3 107.527     	 2 107.893     	
Lap 28	98 105.267     	47 105.647     	29 105.342     	22 107.415     	80 105.138     	19 105.146     	31 105.431     	11 106.461     	20 106.295     	69 106.523     	42 107.022     	41 105.967     	14 106.833     	74 107.099     	21 106.904     	94 107.245     	35 105.770     	53 108.611     	30 106.477     	26 106.236     	 3 106.818     	82 107.648     	 2 108.070     	
Lap 29	98 105.431     	47 105.184     	29 105.081     	22 106.971     	80 105.969     	19 105.193     	31 105.285     	11 106.433     	20 106.945     	69 107.255     	42 107.190     	41 105.560     	14 106.066     	21 106.524     	74 106.726     	94 106.720     	53 105.965     	35 108.170     	30 106.784     	26 107.420     	 3 107.836     	82 107.709     	 2 108.490     	
Lap 30	98 105.300     	47 105.541     	29 105.056     	22 107.183     	80 105.500     	19 106.050     	31 105.820     	11 105.228     	20 105.672     	69 106.650     	42 106.615     	41 105.682     	14 105.876     	74 106.747     	94 105.497     	21 107.342     	53 107.616     	35 107.921     	30 106.504     	26 106.346     	82 107.229     	 3 108.060     	 2 108.155     	
Lap 31	98 105.641     	47 105.908     	29 105.438     	80 105.493     	22 106.913     	19 105.322     	31 105.737     	11 105.840     	20 106.058     	69 107.050     	42 107.389     	41 106.476     	14 105.513     	21 106.253     	74 107.264     	94 106.954     	53 106.950     	30 106.699     	35 107.998     	26 105.834     	82 107.867     	 3 107.691     	 2 108.105     	
Lap 32	98 105.120     	47 105.488     	29 105.620     	80 106.502     	22 107.492     	19 105.539     	31 105.698     	11 105.504     	20 105.742     	69 107.608     	42 107.252     	41 106.984     	14 105.882     	21 106.688     	74 106.902     	94 107.101     	53 106.275     	30 107.198     	35 107.541     	26 107.694     	82 107.815     	 3 107.728     	 2 107.892     	
Lap 33	98 105.384     	47 106.171     	29 105.511     	80 106.065     	19 106.726     	31 105.986     	11 105.568     	20 105.763     	69 106.987     	42 106.799     	41 107.288     	14 107.276     	22 125.454 PIT	21 106.733     	74 107.531     	94 107.404     	53 106.250     	35 107.272     	30 107.828     	26 107.972     	82 107.392     	 3 107.986     	 2 108.565     	
Lap 34	98 105.704     	47 105.690     	29 105.540     	80 105.596     	19 106.372     	31 106.114     	11 105.976     	20 105.826     	69 107.282     	42 107.218     	14 106.755     	41 107.485     	22 106.848     	21 106.043     	94 107.163     	74 107.693     	53 106.824     	30 107.192     	35 107.652     	26 106.407     	82 106.485     	 3 107.105     	 2 108.019     	
Lap 35	98 105.627     	47 105.776     	29 106.254     	80 105.945     	19 105.748     	31 106.150     	11 105.524     	20 106.270     	42 107.086     	69 107.508     	22 105.972     	14 107.157     	41 107.900     	21 105.983     	94 107.622     	74 107.426     	53 109.357     	26 107.518     	30 108.020     	35 107.691     	82 106.711     	 3 107.576     	 2 108.306     	
Lap 36	98 105.281     	47 105.797     	29 106.319     	80 106.443     	19 106.498     	31 106.470     	11 106.000     	20 106.775     	22 105.972     	69 107.422     	42 107.961     	14 107.856     	41 107.382     	21 106.401     	94 107.314     	74 107.175     	53 106.619     	30 107.345     	26 108.166     	35 108.806     	82 106.490     	 3 107.668     	 2 108.396     	
Lap 37	98 106.274     	47 105.956     	29 106.228     	80 106.797     	19 106.408     	31 105.921     	11 105.737     	20 106.718     	22 106.167     	69 107.588     	42 107.346     	14 107.307     	21 106.852     	41 107.655     	74 106.941     	94 107.211     	53 106.414     	30 107.944     	26 109.243     	35 109.297     	82 107.102     	 3 107.127     	 2 108.554     	
Lap 38	98 105.826     	47 106.228     	29 106.010     	80 106.871     	19 106.169     	31 105.828     	11 106.091     	20 106.120     	22 105.453     	69 107.969     	42 108.223     	14 107.304     	21 107.948     	41 108.259     	74 107.924     	94 107.955     	53 107.521     	30 107.001     	26 107.939     	35 107.451     	82 108.933     	 3 108.131     	 2 108.941     	
Lap 39	98 105.773     	47 106.398     	29 106.723     	80 106.330     	19 106.832     	31 106.546     	11 106.332     	20 106.277     	22 105.883     	14 107.392     	69 108.493     	42 108.304     	21 107.267     	41 108.698     	74 107.550     	94 107.580     	53 108.976     	30 106.698     	26 108.570     	35 109.666     	82 107.748     	 3 107.760     	 2 108.998     	
Lap 40	98 106.348     	47 106.994     	29 106.564     	19 107.095     	31 106.949     	11 106.383     	20 106.391     	80 123.950 PIT	22 105.552     	21 106.851     	14 108.397     	69 108.283     	41 107.562     	94 107.549     	74 108.351     	30 106.923     	26 107.470     	42 125.457 PIT	35 108.016     	82 109.298     	53 124.862 PIT	 3 124.502 PIT	 2 109.021     	
Lap 41	98 106.233     	47 123.650 PIT	29 124.053 PIT	80 106.669     	22 106.257     	19 124.186 PIT	31 123.593 PIT	11 123.614 PIT	21 107.732     	14 107.698     	20 124.299 PIT	69 107.988     	41 107.696     	74 107.276     	94 108.501     	30 107.403     	26 107.597     	42 106.503     	82 107.432     	53 106.138     	 3 106.982     	35 126.907 PIT	 2 108.963     	
Lap 42	98 124.457 PIT	47 105.879     	29 105.108     	80 106.072     	22 106.392     	19 105.815     	31 105.331     	11 105.905     	20 106.497     	21 108.367     	30 107.697     	42 106.420     	26 109.016     	14 125.159 PIT	69 126.408 PIT	41 125.305 PIT	53 106.074     	74 125.225 PIT	94 124.803 PIT	35 106.691     	82 124.714 PIT	 3 107.043     	 2 109.715     	
Lap 43	98 104.943     	47 105.244     	29 104.631     	80 106.468     	22 106.370     	19 105.027     	31 104.680     	11 104.918     	20 106.162     	21 108.743     	42 105.496     	14 107.688     	69 106.521     	41 107.362     	53 105.381     	94 106.872     	74 107.541     	30 124.352 PIT	 3 106.422     	35 106.731     	26 125.938 PIT	82 107.655     	 2 127.541 PIT	
Lap 44	98 105.385     	47 105.275     	29 104.938     	80 106.864     	22 106.742     	31 104.705     	19 106.454     	11 105.362     	20 105.698     	42 105.709     	14 106.876     	69 106.788     	21 124.902 PIT	41 106.564     	53 107.677     	74 105.678     	94 106.214     	30 106.364     	35 106.269     	26 107.215     	 3 107.938     	82 108.000     	 2 107.555     	
Lap 45	98 105.106     	47 105.059     	29 105.510     	80 106.099     	31 106.164     	19 106.120     	22 106.774     	11 105.283     	20 105.828     	42 105.739     	69 106.083     	14 106.731     	21 106.405     	41 107.063     	53 105.387     	94 106.388     	74 106.884     	30 106.303     	35 105.609     	26 106.873     	82 106.349     	 3 108.445     	 2 107.876     	
Lap 46	98 105.081     	47 104.834     	29 104.624     	80 106.200     	31 105.858     	11 104.871     	19 106.529     	22 106.871     	20 105.854     	42 106.062     	69 107.052     	14 107.061     	21 106.595     	41 106.294     	53 107.748     	94 106.862     	74 106.770     	30 105.835     	35 105.170     	26 107.154     	82 106.833     	 3 107.333     	 2 107.431     	
Lap 47	98 105.015     	47 105.485     	29 105.149     	31 105.978     	11 105.947     	80 106.985     	19 105.947     	22 107.060     	20 105.329     	42 106.076     	69 106.350     	14 106.329     	21 106.492     	41 107.348     	53 106.422     	74 106.409     	94 106.778     	30 106.267     	35 105.263     	26 107.151     	 3 106.380     	82 108.070     	 2 107.999     	
Lap 48	98 105.458     	47 105.422     	29 104.983     	31 106.455     	19 106.121     	80 106.220     	11 106.779     	22 106.491     	20 105.692     	42 106.207     	21 105.077     	69 107.141     	14 107.579     	41 107.140     	53 108.330     	74 106.743     	94 106.820     	30 105.755     	35 105.744     	26 106.288     	82 106.990     	 3 108.224     	 2 107.533     	
Lap 49	98 105.548     	47 105.070     	29 105.150     	31 107.033     	80 106.637     	19 106.944     	11 107.018     	22 106.073     	20 105.894     	42 106.069     	21 106.170     	69 106.803     	14 107.501     	41 106.084     	53 106.949     	94 106.722     	30 105.763     	74 107.173     	35 105.804     	26 105.704     	82 107.709     	 3 106.947     	 2 107.412     	
Lap 50	98 105.405     	47 105.489     	29 105.691     	31 106.730     	19 106.249     	80 106.530     	11 106.599     	22 107.115     	20 105.460     	42 105.799     	21 105.996     	69 105.510     	14 107.228     	41 106.859     	53 107.204     	74 106.845     	94 107.349     	30 107.517     	35 105.430     	26 106.530     	82 107.538     	 3 107.523     	 2 107.636     	
Lap 51	98 105.420     	47 105.449     	29 105.912     	31 106.358     	19 106.604     	80 106.628     	11 107.112     	22 107.580     	20 106.224     	42 105.784     	21 106.201     	69 106.264     	41 107.074     	14 107.395     	94 106.570     	74 106.881     	53 107.815     	30 107.140     	35 106.166     	26 105.905     	82 106.990     	 3 106.967     	 2 107.743     	
Lap 52	98 105.160     	47 105.725     	29 105.616     	19 106.534     	31 106.982     	11 105.388     	80 107.035     	22 106.885     	20 106.265     	42 106.317     	21 105.723     	69 105.511     	41 107.193     	14 107.101     	74 106.860     	94 107.115     	30 106.494     	53 107.877     	35 105.655     	26 105.862     	 3 107.065     	82 107.870     	 2 108.152     	
Lap 53	98 105.991     	47 105.758     	29 105.309     	19 106.731     	80 106.365     	11 106.871     	31 107.301     	22 106.852     	20 105.811     	42 106.596     	21 106.778     	69 107.423     	41 106.780     	14 107.024     	74 107.148     	30 107.123     	94 107.491     	53 107.221     	35 107.750     	26 106.438     	82 107.091     	 3 108.580     	 2 107.833     	
Lap 54	98 105.301     	47 105.608     	29 106.010     	19 106.765     	80 107.196     	11 106.971     	31 106.957     	20 107.560     	42 106.121     	22 125.531 PIT	21 105.787     	69 106.582     	41 106.797     	14 107.462     	94 107.026     	74 107.649     	30 107.516     	53 106.749     	35 106.177     	26 106.021     	82 107.623     	 3 107.990     	 2 108.657     	
Lap 55	98 105.594     	47 105.641     	29 105.562     	19 106.769     	80 106.821     	11 107.107     	31 107.264     	20 106.161     	22 106.635     	42 107.833     	21 106.220     	69 106.658     	41 106.709     	14 106.543     	74 107.040     	94 107.263     	30 107.642     	53 107.529     	35 108.345     	26 106.135     	82 106.198     	 3 107.484     	 2 108.480     	
Lap 56	98 105.306     	47 106.095     	29 105.569     	19 107.190     	11 107.268     	31 107.091     	80 107.825     	20 106.508     	22 106.717     	42 107.139     	21 106.369     	69 106.185     	41 107.248     	14 108.192     	74 107.451     	94 107.772     	30 107.734     	35 106.071     	53 109.360     	26 106.354     	82 107.101     	 3 107.526     	 2 108.883     	
Lap 57	98 106.350     	47 106.501     	29 106.062     	19 106.519     	11 106.724     	31 107.376     	80 107.450     	20 106.749     	22 106.473     	42 107.387     	21 106.104     	69 106.346     	41 106.870     	14 106.553     	74 107.995     	94 107.672     	30 108.076     	53 107.278     	35 109.090     	26 106.603     	82 106.484     	 3 107.451     	 2 108.127     	
Lap 58	98 106.360     	47 105.917     	29 106.208     	19 106.571     	11 107.075     	80 106.701     	31 107.648     	20 106.770     	22 105.450     	42 107.133     	21 106.446     	69 106.647     	41 106.906     	14 106.626     	94 107.531     	74 107.703     	30 107.080     	53 107.928     	35 108.308     	26 106.667     	82 106.901     	 3 107.401     	 2 108.778     	
Lap 59	98 105.733     	47 106.847     	29 106.584     	19 106.915     	11 107.604     	80 107.673     	20 107.026     	31 108.326     	22 105.827     	42 107.116     	21 106.035     	69 106.584     	41 107.096     	14 106.195     	74 107.615     	94 107.722     	30 108.188     	53 108.164     	35 107.838     	26 108.182     	82 107.422     	 3 107.728     	 2 109.204     	
Lap 60	98 106.549     	47 106.349     	29 106.075     	19 106.997     	11 107.376     	20 107.468     	31 108.478     	22 105.717     	80 124.626 PIT	42 106.553     	21 106.702     	69 106.983     	41 108.255     	14 108.144     	74 108.144     	30 107.138     	94 109.444     	35 107.879     	26 108.244     	82 107.290     	 3 107.823     	53 125.325 PIT	 2 108.946     	
Lap 61	98 106.124     	47 107.007     	29 123.561 PIT	19 106.913     	11 106.769     	20 107.489     	22 105.338     	80 105.725     	31 124.016 PIT	42 107.376     	21 106.289     	69 107.273     	14 107.908     	41 108.212     	74 107.873     	30 108.104     	94 107.078     	35 108.414     	26 107.856     	82 107.734     	53 106.333     	 3 108.567     	 2 109.342     	
Lap 62	98 106.254     	47 106.923     	29 105.249     	19 107.214     	11 107.192     	20 107.169     	22 105.447     	80 104.852     	31 106.785     	21 107.263     	42 125.087 PIT	69 124.048 PIT	74 108.409     	30 108.913     	35 108.422     	26 108.769     	14 125.237 PIT	41 126.100 PIT	53 106.898     	94 126.130 PIT	82 124.106 PIT	 3 126.555 PIT	 2 109.508     	
Lap 63	98 106.872     	47 123.714 PIT	29 104.931     	22 105.397     	80 104.982     	19 124.796 PIT	11 124.137 PIT	31 104.878     	20 125.074 PIT	21 106.954     	42 106.261     	69 106.515     	74 109.012     	14 107.273     	41 107.099     	53 106.430     	94 106.876     	30 125.371 PIT	35 125.501 PIT	26 125.394 PIT	82 106.056     	 3 106.853     	 2 109.443     	
Lap 64	98 124.200 PIT	47 105.153     	29 105.478     	22 105.856     	80 105.026     	19 105.333     	11 106.397     	31 106.441     	20 105.319     	21 107.110     	42 105.217     	69 105.313     	41 106.089     	14 106.907     	53 105.650     	94 105.735     	30 106.542     	74 124.872 PIT	35 107.257     	26 107.102     	82 106.184     	 3 106.282     	 2 126.673 PIT	
Lap 65	98 104.823     	47 105.107     	29 104.583     	22 105.613     	80 105.797     	19 104.952     	11 105.770     	31 107.119     	20 105.663     	21 107.323     	42 105.376     	69 105.888     	14 106.873     	41 106.967     	53 105.637     	94 105.590     	30 105.869     	74 106.066     	35 106.578     	26 106.531     	82 105.840     	 3 106.141     	 2 107.798     	
Lap 66	98 104.787     	47 105.187     	29 104.769     	22 105.718     	80 105.261     	19 104.802     	11 104.864     	31 106.781     	20 106.875     	42 105.251     	69 105.327     	21 124.162 PIT	14 106.497     	41 106.718     	53 105.666     	94 105.821     	30 106.235     	74 105.517     	35 106.176     	26 106.970     	82 105.980     	 3 106.786     	 2 108.133     	
Lap 67	98 104.802     	29 104.989     	47 105.973     	22 106.088     	80 105.259     	19 104.794     	11 104.822     	20 106.213     	31 106.829     	42 105.524     	69 106.477     	21 106.677     	14 106.713     	41 106.496     	53 106.201     	94 105.283     	30 107.245     	74 107.053     	35 105.745     	26 105.902     	82 106.399     	 3 106.184     	 2 107.587     	
Lap 68	98 105.062     	47 105.922     	29 106.320     	19 105.128     	80 106.365     	22 106.786     	11 104.855     	20 106.191     	31 107.735     	42 105.831     	69 106.539     	21 106.237     	41 106.301     	14 106.635     	94 106.291     	53 107.259     	74 107.099     	30 107.528     	35 105.603     	26 106.338     	82 106.002     	 3 106.374     	 2 107.924     	
Lap 69	98 105.397     	29 105.058     	47 106.192     	19 106.091     	80 106.985     	22 107.329     	11 105.680     	20 105.465     	31 105.302     	42 105.645     	69 106.582     	21 106.471     	41 107.104     	14 107.251     	94 106.754     	53 107.899     	74 106.742     	30 106.911     	26 105.470     	35 108.616     	82 105.715     	 3 106.768     	 2 107.937     	
Lap 70	98 105.557     	29 105.547     	47 105.780     	19 106.619     	80 107.098     	11 104.855     	22 106.820     	20 105.839     	31 105.639     	42 106.160     	69 106.523     	21 106.071     	41 106.403     	14 107.429     	94 106.060     	53 106.644     	74 106.563     	30 107.288     	26 106.003     	35 106.155     	82 106.293     	 3 106.718     	 2 107.506     	
Lap 71	98 104.840     	29 105.746     	47 105.083     	19 105.926     	11 106.182     	80 106.447     	22 107.491     	20 106.063     	31 105.214     	42 105.743     	21 106.401     	69 106.844     	41 106.370     	14 106.478     	94 106.523     	53 106.388     	74 105.996     	35 105.376     	30 107.046     	26 107.635     	82 106.630     	 3 106.561     	 2 107.855     	
Lap 72	98 105.096     	29 106.342     	47 106.189     	19 105.093     	11 106.614     	80 106.923     	22 106.676     	20 106.390     	31 107.725     	42 105.567     	21 106.383     	69 107.704     	41 105.481     	14 107.247     	94 106.515     	53 106.120     	74 106.195     	30 107.422     	35 108.651     	26 107.555     	82 106.696     	 3 107.090     	 2 107.525     	
Lap 73	98 105.338     	29 106.678     	47 107.653     	19 105.771     	11 106.428     	80 106.066     	22 107.086     	20 105.937     	31 105.770     	42 106.017     	21 105.994     	69 105.944     	41 105.986     	94 106.613     	14 106.863     	53 106.188     	74 105.701     	30 107.091     	35 106.750     	26 107.485     	82 117.626 PIT	 3 106.625     	 2 108.500     	
Lap 74	98 105.199     	29 105.603     	47 105.430     	19 105.842     	11 106.779     	80 107.132     	20 106.312     	31 105.751     	22 123.969 PIT	42 106.422     	21 105.420     	69 106.076     	41 106.355     	94 107.541     	14 107.690     	53 106.736     	74 106.435     	35 107.175     	30 107.834     	26 107.720     	82 106.440     	 3 106.919     	 2 108.312     	
Lap 75	98 105.658     	29 105.413     	47 105.919     	19 105.352     	11 106.711     	80 106.708     	20 105.593     	31 106.088     	22 106.097     	42 105.676     	21 105.755     	69 105.828     	41 106.633     	94 107.090     	14 107.151     	53 108.718     	74 106.055     	30 106.908     	35 107.088     	26 105.978     	82 106.249     	 3 107.449     	 2 107.880     	

-- OFFICIAL RESULTS --
Pos	#No	Driver						Team					Time		Diff		Pits	Best
01	#98	MOT	Gorga Motxev			Dotruga Formula Racing	2:12:56.741	-0.000		3		104.583
02	#29	ALU	Sago Aludetsei			Dotruga Formula Racing	2:13:12.021	-15.280		3		104.583
03	#47	PAV	ketila léqa pavúteka	Team Solea Racing		2:13:13.805	-17.065		3		104.834
04	#19	ZAI	khélok atep zailunaɰ	Team Solea Racing		2:13:46.788	-50.048		3		104.794
05	#11	KEG	Tuto Keget				Dotruga Formula Racing	2:13:53.071	-56.331		3		104.822
06	#80	AYA	Ifloenne é Aya			Team V.V. Imperial		2:13:53.557	-56.816		3		104.852
07	#20	MAC	Mac						Team Vincent			2:13:58.631	-61.890		3		105.319
08	#31	ŠAŊ	xap'ít celentir šaŋév	Team Solea Racing		2:14:00.308	-63.568		3		104.680
09	#22	PHI	Philipe					Team Vincent			2:14:11.861	-75.120		4		105.206
10	#42	OOS	Frank Oosterhout		Cows Go Moo Racing		2:14:12.733	-75.992		3		105.217
11	#21	ORS	Orson					Team Vincent			2:14:22.482	-85.741		3		105.077
12	#69	SAN	Marisa Sanchez			Cows Go Moo Racing		2:14:24.807	-88.067		3		105.086
13	#41	CAN	Olga Candy				Cows Go Moo Racing		2:14:38.944	-102.203	3		105.481
14	#94	NES	At'ipi Nesbeksë			Team Diigikwk Racers	2:14:44.666	-107.925	3		105.283
15	#14	HÚC	Daseno Húctu			Team Vikasani			2:14:45.039	-108.298	3		105.513
16	#53	TÀC	Ešuro Tàcràɰë			Team Diigikwk Racers	2:14:46.656	-109.915	3		105.331
17	#74	KON	Bařàsiz Konoca			Team Diigikwk Racers	2:14:47.020	-110.279	3		105.517
18	#30	WIS	Josh Wise				BONGATAR				2:14:53.969	-117.229	3		105.755
19	#35	AKA	Asaúni Akaleta			Team Vikasani			2:14:54.029	-117.288	3		105.170
20	#26	ILI	Rikvisi Iliria			Team Vikasani			2:14:54.203	-117.462	3		105.470
21	#82	SAN	Nukki Savra Sanda		Team V.V. Imperial		2:15:05.304	-128.564	4		105.715
22	# 3	BOB	Bob						BONGATAR				2:15:08.344	-131.603	3		106.141
23	# 2	HID	Body Hide				BONGATAR				2:16:18.189	-201.448	3		107.412
24	#81	KÆR	Lyǽs Kæræsekæræn		Team V.V. Imperial		RETIRED		DNF			1		105.788

-- RACE INCIDENT REPORT --
Sago Aludetsei made a mistake while attempting an overtake on lap 5.
Philipe made a pit stop to repair damage caused by a large incident while attempting an overtake on lap 11.
Marisa Sanchez made a mistake while attempting an overtake on lap 16.
Philipe made a mistake while attempting an overtake on lap 16.
Lyǽs Kæræsekæræn crashed out on lap 20.
Rikvisi Iliria made a mistake while attempting an overtake on lap 37.
At'ipi Nesbeksë made a mistake while attempting an overtake on lap 60.
Asaúni Akaleta made a mistake while attempting an overtake on lap 72.
ketila léqa pavúteka made a mistake while attempting an overtake on lap 73.
Nukki Savra Sanda made a pit stop to repair damage caused by a large incident on lap 73.
