-- LAP TIMES --
Lap 1	98 89.747     	29 89.806     	19 90.173     	47 90.189     	42 90.095     	31 90.209     	94 90.197     	69 90.524     	11 90.767     	53 90.450     	80 90.604     	81 90.839     	30 90.882     	74 90.737     	41 90.996     	21 90.837     	22 90.812     	14 90.802     	35 90.954     	20 91.108     	 3 90.995     	 2 91.042     	82 91.079     	26 91.443     	
Lap 2	98 89.817     	19 89.669     	42 89.698     	31 89.668     	94 89.863     	29 90.465     	47 90.360     	80 90.034     	81 90.072     	69 90.573     	11 90.636     	74 90.376     	53 90.588     	21 90.280     	41 90.545     	30 90.806     	14 90.502     	35 90.647     	20 90.674     	22 91.054     	 2 91.197     	26 90.911     	 3 91.683     	82 91.804     	
Lap 3	19 89.672     	31 89.824     	42 90.096     	98 90.362     	47 90.040     	29 90.543     	94 90.674     	80 90.190     	11 89.932     	74 90.249     	81 90.810     	21 90.363     	53 90.717     	69 90.927     	41 90.725     	30 90.872     	20 90.505     	14 91.163     	35 91.008     	22 91.095     	 3 90.876     	 2 91.704     	26 91.696     	82 91.396     	
Lap 4	31 89.960     	42 90.126     	19 90.617     	47 89.971     	98 90.616     	29 90.018     	94 90.385     	80 90.139     	11 90.874     	74 90.643     	53 90.322     	81 90.883     	21 90.872     	41 90.563     	69 90.982     	20 90.556     	30 90.719     	22 90.377     	35 90.682     	14 91.230     	 3 91.170     	 2 91.261     	26 91.623     	82 91.743     	
Lap 5	31 89.759     	19 90.036     	42 90.627     	98 90.198     	47 90.582     	94 90.324     	29 90.842     	80 90.504     	11 90.055     	74 90.217     	53 90.808     	21 90.738     	41 90.618     	69 90.470     	20 90.460     	81 91.127     	30 90.979     	22 90.808     	35 90.786     	14 91.387     	 3 91.329     	 2 91.371     	26 91.819     	82 91.393     	
Lap 6	31 90.663     	19 90.459     	42 90.205     	47 89.990     	98 90.219     	29 90.168     	94 90.485     	80 90.544     	11 90.263     	74 90.777     	53 90.589     	41 90.375     	69 90.445     	21 90.735     	20 91.105     	81 91.095     	22 91.146     	30 91.514     	14 90.461     	35 92.406     	 3 91.097     	 2 91.613     	26 91.028     	82 91.371     	
Lap 7	31 90.220     	98 89.999     	19 90.583     	47 90.273     	42 90.774     	29 90.085     	94 90.882     	80 90.897     	11 90.845     	74 90.491     	21 90.385     	69 90.681     	53 90.932     	41 91.271     	81 90.601     	20 90.775     	30 90.425     	22 91.092     	14 90.970     	35 90.550     	 3 91.757     	26 91.583     	 2 91.838     	82 91.466     	
Lap 8	98 90.048     	31 90.820     	47 90.316     	42 90.034     	19 90.777     	29 90.630     	94 90.442     	80 90.783     	11 90.912     	74 90.618     	53 90.579     	69 90.841     	21 91.168     	81 90.821     	41 91.228     	30 90.556     	20 91.451     	22 90.581     	14 90.784     	35 91.603     	 3 90.337     	82 91.801     	 2 92.141     	26 93.033     	
Lap 9	98 90.422     	31 90.499     	47 90.137     	19 89.934     	42 90.831     	29 90.310     	94 90.230     	80 90.392     	11 90.209     	74 91.203     	21 90.459     	53 91.121     	69 90.883     	30 90.447     	41 90.976     	81 91.188     	20 91.139     	22 91.259     	14 91.062     	35 91.481     	 3 91.527     	82 91.281     	 2 91.684     	26 91.843     	
Lap 10	47 89.962     	31 90.406     	98 90.533     	42 90.000     	19 90.881     	29 90.221     	94 90.937     	80 90.675     	11 91.091     	74 90.897     	21 91.021     	53 90.895     	69 91.152     	81 90.781     	30 91.050     	41 91.463     	22 90.753     	20 91.249     	14 91.989     	35 90.756     	 3 91.658     	 2 91.315     	82 92.085     	26 91.220     	
Lap 11	47 90.413     	31 90.198     	98 90.325     	19 90.090     	42 90.354     	29 90.211     	94 90.251     	80 91.252     	11 91.151     	74 90.844     	21 90.706     	53 91.055     	69 90.871     	81 90.461     	30 91.405     	22 90.730     	41 91.269     	20 91.409     	14 91.485     	35 91.852     	 3 90.429     	82 91.431     	 2 92.250     	26 91.858     	
Lap 12	47 90.029     	31 90.960     	19 90.418     	98 90.976     	42 90.971     	29 90.763     	94 89.754     	11 90.639     	80 91.236     	74 91.254     	21 90.718     	69 90.592     	53 90.994     	81 91.358     	30 90.999     	41 91.139     	22 91.236     	20 91.013     	14 91.485     	35 91.642     	 3 92.493     	82 91.619     	 2 92.213     	26 92.182     	
Lap 13	47 89.589     	31 90.652     	19 90.777     	42 90.453     	98 91.011     	94 90.104     	29 90.976     	80 90.040     	11 91.026     	74 90.472     	21 91.229     	69 90.796     	53 91.169     	81 90.907     	30 90.930     	20 90.807     	41 91.451     	22 91.386     	14 90.067     	35 90.621     	 3 90.886     	82 91.205     	26 91.801     	 2 92.546     	
Lap 14	47 89.895     	19 90.394     	42 90.317     	31 91.124     	94 90.348     	98 91.158     	29 90.793     	80 90.752     	11 90.927     	74 90.633     	21 90.810     	69 91.276     	30 89.980     	53 91.085     	81 91.107     	22 90.973     	41 91.185     	20 91.364     	14 90.457     	35 90.326     	 3 90.651     	82 91.372     	 2 91.967     	26 92.247     	
Lap 15	47 90.064     	42 90.669     	19 91.105     	31 90.741     	94 91.242     	29 90.841     	98 91.264     	80 91.160     	74 90.576     	11 91.113     	21 91.476     	69 91.219     	53 90.846     	30 91.048     	81 91.639     	20 90.943     	22 91.715     	41 91.650     	35 90.470     	14 92.623     	 3 91.398     	82 90.868     	26 91.826     	 2 92.497     	
Lap 16	47 90.127     	42 90.695     	19 90.468     	31 90.620     	94 90.526     	29 90.885     	98 91.224     	80 90.992     	11 91.413     	74 91.609     	30 90.355     	21 91.224     	53 90.887     	69 91.144     	81 90.063     	20 90.970     	22 91.334     	41 91.492     	35 91.713     	14 92.003     	 3 90.723     	82 91.149     	26 91.893     	 2 92.477     	
Lap 17	47 89.874     	42 90.736     	19 90.856     	31 90.816     	94 90.969     	98 91.168     	29 91.558     	80 90.579     	11 90.696     	74 90.657     	30 91.378     	53 91.379     	69 91.451     	21 91.885     	81 91.481     	20 91.263     	41 91.069     	22 91.602     	35 91.466     	14 91.674     	 3 92.419     	82 91.198     	26 90.805     	 2 92.298     	
Lap 18	47 89.574     	31 90.712     	94 90.210     	42 91.366     	19 91.330     	98 91.110     	29 91.275     	80 90.097     	74 90.426     	11 90.971     	30 91.057     	53 91.785     	81 91.397     	69 91.874     	21 91.980     	20 92.069     	41 91.372     	22 91.451     	35 90.905     	14 91.261     	 3 91.198     	82 91.744     	26 91.033     	 2 92.228     	
Lap 19	47 90.215     	31 90.716     	42 91.183     	94 91.439     	19 91.365     	98 91.108     	29 91.690     	80 90.921     	74 91.132     	11 92.300     	30 90.700     	81 91.011     	21 90.721     	53 91.512     	69 91.381     	41 91.622     	20 92.058     	22 92.055     	14 90.389     	35 92.894     	 3 91.026     	82 91.017     	26 91.557     	 2 92.748     	
Lap 20	47 90.320     	31 90.871     	19 90.746     	42 91.502     	94 91.626     	98 91.413     	29 91.094     	80 91.329     	74 90.915     	30 91.105     	11 91.709     	81 91.708     	53 91.544     	69 91.453     	21 92.185     	20 91.604     	41 92.152     	22 91.651     	14 92.098     	35 91.756     	 3 92.603     	82 91.899     	26 91.119     	 2 92.283     	
Lap 21	47 91.372     	31 90.966     	19 90.887     	42 91.253     	94 91.165     	80 90.719     	98 91.547     	29 91.305     	74 91.148     	30 91.245     	11 91.832     	81 91.201     	21 91.062     	53 91.945     	69 91.891     	20 91.691     	22 91.343     	41 91.664     	14 91.784     	35 92.670     	 3 91.085     	82 91.364     	26 91.306     	 2 93.161     	
Lap 22	47 90.710     	31 90.951     	19 90.969     	42 91.139     	94 91.558     	29 91.152     	80 91.479     	98 91.656     	74 90.703     	30 92.142     	11 92.285     	81 91.430     	21 92.182     	69 91.844     	53 91.975     	41 91.543     	20 92.182     	22 92.285     	14 91.131     	35 92.349     	 3 92.906     	82 91.550     	26 91.729     	 2 93.240     	
Lap 23	74 90.777     	47 107.588 PIT	30 92.212     	81 91.770     	53 93.037     	31 108.572 PIT	14 92.666     	19 108.732 PIT	42 108.010 PIT	94 108.274 PIT	35 92.449     	 3 93.077     	80 108.449 PIT	29 108.559 PIT	98 108.540 PIT	82 92.005     	26 91.734     	11 108.791 PIT	69 108.825 PIT	21 109.814 PIT	20 108.732 PIT	41 109.138 PIT	22 108.685 PIT	 2 93.082     	
Lap 24	47 89.900     	81 92.253     	31 90.172     	19 90.133     	42 90.829     	94 91.036     	29 90.715     	98 90.473     	80 90.888     	74 108.219 PIT	 3 92.800     	26 92.094     	11 89.961     	30 109.403 PIT	69 91.328     	21 90.407     	53 109.129 PIT	22 90.733     	20 91.096     	41 91.402     	14 110.187 PIT	35 109.840 PIT	82 111.284 PIT	 2 109.933 PIT	
Lap 25	47 89.354     	31 89.752     	19 90.172     	42 90.102     	94 89.083     	29 89.797     	98 90.354     	80 90.802     	74 91.065     	 3 93.793     	11 90.615     	30 90.152     	26 92.527     	21 89.795     	69 90.817     	81 108.626 PIT	53 90.949     	22 90.925     	20 91.214     	41 91.417     	14 89.764     	35 90.714     	82 91.036     	 2 92.000     	
Lap 26	47 88.946     	31 89.092     	19 90.559     	94 89.623     	42 89.977     	29 90.193     	98 90.344     	80 90.509     	74 89.436     	11 89.658     	30 90.815     	21 90.656     	69 90.117     	81 90.571     	53 90.763     	22 90.317     	20 90.470     	41 91.310     	14 89.966     	35 89.643     	82 90.806     	 3 110.163 PIT	26 109.938 PIT	 2 91.477     	
Lap 27	47 89.095     	31 88.967     	19 89.898     	42 89.771     	94 90.298     	29 89.882     	98 90.661     	74 90.083     	80 90.445     	11 89.831     	30 90.977     	21 90.987     	69 90.573     	81 90.556     	53 90.237     	22 90.546     	20 91.116     	14 90.729     	41 91.097     	35 89.758     	82 90.587     	 3 90.986     	26 90.664     	 2 91.764     	
Lap 28	47 89.291     	31 89.142     	19 90.493     	94 90.261     	42 90.582     	29 89.521     	74 90.080     	80 89.907     	98 90.502     	11 90.054     	30 91.036     	21 90.425     	69 90.730     	81 90.151     	53 90.806     	22 90.271     	20 90.288     	14 90.600     	41 90.420     	35 90.469     	82 90.205     	 3 89.823     	26 90.249     	 2 91.149     	
Lap 29	47 89.736     	31 89.670     	19 90.405     	42 90.494     	94 90.553     	29 89.651     	98 90.269     	80 90.554     	74 91.059     	11 89.323     	69 90.292     	30 91.022     	81 90.564     	21 91.147     	22 90.366     	53 91.106     	20 89.976     	14 90.789     	41 90.779     	35 90.493     	82 90.418     	 3 90.640     	26 90.639     	 2 92.015     	
Lap 30	47 89.349     	31 89.189     	19 90.094     	94 89.715     	42 90.415     	29 90.078     	98 89.948     	74 89.893     	80 90.410     	11 90.004     	21 90.106     	69 90.701     	30 90.730     	81 90.639     	22 91.110     	53 91.018     	20 91.057     	14 90.566     	35 89.791     	41 91.365     	82 90.242     	 3 90.597     	26 90.136     	 2 92.136     	
Lap 31	47 89.431     	31 89.743     	19 89.977     	94 90.015     	42 90.357     	29 89.625     	98 90.513     	80 90.407     	74 90.891     	11 89.266     	21 90.461     	30 90.279     	69 90.925     	81 90.834     	53 90.721     	22 91.286     	20 90.933     	14 91.346     	35 91.067     	41 90.970     	82 90.768     	 3 90.589     	26 90.873     	 2 91.756     	
Lap 32	47 89.444     	31 89.239     	94 90.050     	19 90.684     	29 90.388     	42 91.448     	98 90.971     	74 90.471     	80 90.895     	11 91.049     	21 90.815     	30 91.149     	69 90.845     	81 90.975     	22 90.465     	53 90.887     	20 91.279     	14 91.307     	35 90.976     	41 91.228     	82 90.329     	 3 90.012     	26 90.308     	 2 91.339     	
Lap 33	47 89.769     	31 89.751     	94 90.584     	19 90.105     	29 90.198     	42 90.244     	98 90.641     	74 90.693     	80 90.744     	11 89.574     	69 90.799     	21 91.408     	30 91.115     	81 90.989     	53 90.817     	22 91.280     	20 90.678     	14 90.765     	35 90.770     	41 91.239     	82 90.464     	 3 90.489     	26 90.162     	 2 92.147     	
Lap 34	47 89.253     	31 89.843     	19 90.273     	94 90.663     	29 90.415     	42 90.087     	98 90.430     	80 90.397     	74 91.286     	11 91.487     	69 90.609     	30 90.981     	21 91.165     	81 91.118     	53 90.643     	22 91.438     	20 91.273     	14 90.980     	35 91.426     	41 90.913     	82 90.643     	 3 90.058     	26 90.276     	 2 92.337     	
Lap 35	47 89.432     	31 89.888     	19 90.258     	94 91.069     	29 90.648     	42 91.021     	98 90.815     	80 90.831     	74 90.833     	11 91.120     	69 91.022     	21 90.619     	30 90.787     	81 91.189     	53 90.690     	22 91.034     	20 90.805     	14 91.224     	35 91.219     	82 90.617     	 3 90.144     	26 90.743     	41 105.431 PIT	 2 92.362     	
Lap 36	47 89.432     	31 89.697     	19 89.771     	29 90.783     	94 91.185     	42 90.037     	98 90.605     	80 91.310     	74 91.123     	11 91.422     	69 91.510     	21 91.323     	30 91.339     	81 91.559     	53 89.583     	20 90.838     	22 91.090     	14 91.370     	35 92.262     	82 91.102     	 3 90.277     	26 90.422     	41 90.539     	 2 91.927     	
Lap 37	47 89.584     	31 89.580     	19 89.746     	29 90.973     	42 90.748     	94 91.166     	98 89.793     	74 90.115     	80 91.208     	11 89.672     	30 90.649     	69 91.031     	21 91.253     	81 91.335     	53 91.921     	20 91.653     	22 91.879     	14 90.043     	35 90.671     	82 90.899     	 3 90.283     	26 90.658     	41 90.048     	 2 91.885     	
Lap 38	47 89.719     	31 90.121     	19 89.860     	94 90.200     	42 90.576     	29 90.930     	98 89.649     	74 91.280     	11 90.908     	80 91.023     	30 91.420     	21 91.133     	69 91.435     	81 90.987     	53 91.830     	14 90.035     	20 91.576     	22 91.606     	35 90.239     	 3 90.821     	82 91.790     	26 90.906     	41 90.001     	 2 92.165     	
Lap 39	47 89.554     	31 90.043     	19 89.557     	94 91.082     	29 90.630     	42 91.189     	98 89.608     	80 90.179     	11 90.937     	74 91.418     	81 89.985     	21 91.260     	30 91.517     	69 91.848     	53 90.473     	14 91.154     	20 91.378     	22 91.547     	35 90.345     	 3 91.768     	82 91.945     	26 90.782     	41 90.293     	 2 92.378     	
Lap 40	47 90.172     	31 90.104     	19 90.450     	29 90.940     	94 91.178     	98 89.858     	42 91.017     	80 91.323     	74 90.728     	11 91.111     	81 90.727     	21 91.277     	30 91.560     	53 89.880     	69 91.781     	20 91.205     	14 92.041     	22 91.805     	35 92.696     	 3 91.906     	82 92.235     	26 91.083     	41 89.708     	 2 92.717     	
Lap 41	47 89.643     	31 89.897     	19 89.906     	94 91.030     	42 90.860     	29 91.356     	98 91.321     	80 91.699     	74 91.514     	11 92.121     	81 91.304     	21 91.235     	30 91.322     	53 91.767     	69 91.854     	20 91.351     	14 91.694     	22 91.293     	35 90.874     	 3 91.872     	26 91.065     	82 92.621     	41 90.150     	 2 92.054     	
Lap 42	47 89.844     	31 90.471     	19 90.315     	94 90.808     	42 90.926     	29 91.728     	98 91.624     	74 90.864     	80 91.141     	11 91.689     	81 91.075     	21 91.620     	30 91.621     	53 91.662     	69 91.471     	20 91.939     	22 91.353     	14 91.970     	35 92.739     	26 90.730     	 3 92.309     	82 91.419     	41 90.450     	 2 92.831     	
Lap 43	47 90.373     	31 90.305     	19 90.131     	94 91.035     	42 91.313     	98 91.353     	29 91.833     	80 90.932     	74 91.655     	11 90.795     	81 90.624     	30 91.251     	21 91.930     	53 91.076     	69 91.618     	20 91.603     	22 91.758     	14 91.734     	35 91.123     	26 90.698     	 3 91.581     	41 90.514     	82 92.763     	 2 92.841     	
Lap 44	47 90.384     	31 90.077     	19 90.645     	94 91.099     	42 91.351     	98 91.107     	29 91.586     	80 91.378     	74 91.041     	11 92.248     	81 90.922     	30 91.205     	21 91.784     	69 90.690     	53 92.224     	20 91.588     	22 91.459     	35 90.748     	14 92.391     	26 91.460     	41 90.310     	 3 91.981     	82 91.750     	 2 92.319     	
Lap 45	47 90.689     	31 90.056     	19 90.266     	94 91.816     	42 91.579     	98 91.285     	29 90.983     	74 91.578     	80 92.060     	11 90.424     	81 90.486     	30 91.512     	69 91.736     	21 92.139     	53 92.575     	20 92.438     	22 92.040     	35 91.763     	14 92.125     	26 92.161     	41 91.654     	 3 91.589     	82 91.499     	 2 93.028     	
Lap 46	31 91.047     	47 107.482 PIT	19 90.399     	42 91.291     	74 91.695     	94 109.217 PIT	98 108.567 PIT	29 108.437 PIT	30 91.188     	53 90.562     	80 108.717 PIT	11 109.151 PIT	22 91.607     	20 91.973     	35 92.571     	14 92.527     	81 104.458 PIT	41 91.599     	26 92.708     	 3 90.937     	82 91.446     	21 108.366 PIT	69 109.092 PIT	 2 92.406     	
Lap 47	47 89.835     	19 90.289     	31 107.700 PIT	74 91.250     	94 90.117     	98 90.589     	42 108.605 PIT	29 90.844     	80 89.890     	11 91.161     	81 90.709     	35 91.984     	41 90.950     	26 92.795     	 3 93.180     	82 91.777     	30 108.534 PIT	21 91.000     	53 107.629 PIT	69 91.240     	22 109.332 PIT	20 109.199 PIT	14 109.731 PIT	 2 93.461     	
Lap 48	47 89.134     	31 89.312     	19 107.162 PIT	74 91.456     	94 90.055     	98 90.017     	42 90.165     	29 90.030     	80 89.035     	11 89.142     	81 90.756     	41 90.162     	35 92.915     	26 92.132     	30 89.999     	 3 92.623     	21 90.506     	82 93.161     	53 91.099     	69 90.854     	22 90.942     	20 91.484     	14 90.441     	 2 109.701 PIT	
Lap 49	47 88.925     	31 89.634     	19 89.326     	74 90.955     	94 90.384     	29 89.710     	98 90.359     	42 90.624     	80 89.126     	11 89.631     	81 89.726     	41 90.866     	30 90.796     	21 90.614     	53 90.046     	26 93.152     	69 90.222     	20 90.238     	22 91.025     	14 90.106     	35 111.166 PIT	 3 110.104 PIT	82 109.922 PIT	 2 91.899     	
Lap 50	47 89.118     	31 88.869     	19 88.903     	94 90.574     	29 90.120     	98 90.582     	42 90.389     	80 89.230     	11 89.856     	81 89.887     	74 108.520 PIT	41 90.021     	30 89.233     	21 90.449     	53 90.529     	69 91.357     	26 92.825     	22 90.616     	20 91.002     	14 89.649     	35 90.388     	 3 90.417     	82 90.425     	 2 91.174     	
Lap 51	47 88.819     	31 88.964     	19 88.808     	29 90.315     	94 90.814     	42 90.288     	98 90.719     	80 89.772     	11 89.278     	74 90.160     	81 90.900     	41 90.973     	30 90.109     	21 90.938     	69 89.935     	53 91.726     	22 90.485     	14 91.507     	20 92.074     	35 89.701     	 3 90.170     	82 90.344     	26 109.610 PIT	 2 92.090     	
Lap 52	47 89.608     	31 89.762     	19 88.806     	29 90.798     	94 90.840     	42 90.224     	98 90.987     	80 89.909     	11 89.364     	74 90.446     	81 91.158     	41 90.148     	30 90.049     	21 91.146     	69 90.840     	53 91.625     	22 89.585     	14 90.755     	20 90.441     	35 90.194     	 3 90.376     	82 90.331     	26 90.620     	 2 91.234     	
Lap 53	47 88.948     	31 88.884     	19 89.129     	29 90.475     	94 90.471     	42 90.574     	98 90.510     	80 90.513     	11 89.746     	74 89.743     	81 89.645     	41 90.180     	30 89.813     	53 89.462     	21 91.009     	69 91.190     	22 89.754     	14 91.240     	20 91.293     	35 89.782     	 3 90.022     	82 90.944     	26 89.990     	 2 91.904     	
Lap 54	47 89.414     	31 89.006     	19 89.406     	42 90.362     	94 90.969     	98 90.212     	80 90.315     	29 92.025     	11 89.562     	74 89.314     	81 89.607     	41 90.428     	30 89.635     	21 90.845     	53 91.030     	69 91.331     	22 89.705     	14 91.063     	20 90.828     	35 90.405     	 3 90.492     	82 90.501     	26 90.402     	 2 92.687     	
Lap 55	47 89.390     	31 89.690     	19 89.535     	42 90.542     	98 90.147     	94 90.732     	80 90.546     	29 90.866     	11 91.176     	74 89.219     	81 90.304     	41 91.080     	30 90.058     	69 89.700     	21 91.449     	53 91.558     	22 90.274     	20 91.079     	14 91.179     	35 89.856     	 3 90.918     	82 91.108     	26 90.427     	 2 91.832     	
Lap 56	47 89.866     	31 89.972     	19 89.415     	42 90.280     	94 90.347     	98 90.973     	29 90.191     	11 89.453     	80 91.085     	74 89.555     	81 89.585     	30 89.706     	41 91.432     	69 90.525     	21 91.470     	53 91.910     	22 89.969     	14 90.954     	20 91.398     	35 91.715     	 3 90.241     	82 90.303     	26 90.214     	 2 91.396     	
Lap 57	47 89.917     	31 89.573     	19 89.893     	42 90.676     	94 90.882     	98 90.957     	29 90.520     	80 90.088     	11 90.699     	74 89.371     	81 89.583     	30 91.173     	41 92.669     	69 90.265     	21 90.912     	22 90.665     	53 91.163     	14 90.954     	20 91.413     	35 92.784     	 3 90.146     	82 90.506     	26 90.710     	 2 91.989     	
Lap 58	47 89.433     	31 89.599     	19 89.898     	42 91.014     	94 90.693     	98 90.466     	29 90.946     	80 91.077     	11 91.119     	74 89.492     	81 90.289     	30 90.031     	69 89.748     	21 90.694     	22 91.396     	53 91.372     	14 91.592     	20 91.503     	41 108.215 PIT	35 90.168     	 3 90.291     	82 90.389     	26 90.723     	 2 91.728     	
Lap 59	47 89.965     	31 89.307     	19 89.254     	42 90.259     	98 90.299     	29 90.475     	94 91.208     	80 90.824     	74 89.850     	11 91.186     	81 90.270     	30 89.627     	69 90.569     	21 90.281     	22 90.693     	53 91.925     	14 91.041     	20 90.758     	41 90.514     	35 92.369     	 3 90.606     	82 90.958     	26 90.814     	 2 91.708     	
Lap 60	47 89.293     	31 89.975     	19 89.917     	42 90.477     	98 90.394     	29 90.426     	94 91.221     	80 91.280     	74 90.916     	11 91.977     	81 90.525     	30 90.353     	69 90.427     	21 90.103     	22 90.058     	53 90.433     	14 91.226     	20 91.235     	41 91.374     	35 91.335     	 3 92.046     	82 91.396     	26 90.281     	 2 92.428     	
Lap 61	47 89.533     	31 89.362     	19 89.749     	42 90.598     	98 91.044     	29 91.183     	94 90.578     	74 90.213     	80 91.262     	11 90.382     	81 90.626     	30 89.963     	69 89.820     	21 90.297     	22 90.748     	53 90.324     	20 90.925     	14 91.851     	41 91.245     	35 90.573     	 3 90.730     	26 91.103     	82 91.951     	 2 92.460     	
Lap 62	47 89.604     	31 89.991     	19 89.800     	42 89.480     	98 91.177     	29 90.697     	94 90.913     	74 90.603     	80 91.509     	11 91.429     	81 89.973     	30 90.460     	69 90.276     	21 90.576     	22 89.924     	53 90.190     	41 90.995     	20 91.854     	14 91.795     	35 90.808     	 3 90.740     	26 91.721     	82 93.141     	 2 92.333     	
Lap 63	47 90.143     	31 89.754     	19 90.060     	42 89.507     	98 90.829     	29 90.707     	94 90.591     	74 90.892     	80 91.572     	11 91.302     	81 90.453     	30 90.093     	69 90.734     	21 90.926     	22 90.940     	53 90.080     	41 90.908     	20 91.235     	14 91.215     	 3 90.422     	35 92.144     	26 90.412     	82 90.672     	 2 92.599     	
Lap 64	47 89.915     	31 89.515     	19 89.453     	42 89.787     	29 90.982     	98 91.453     	94 90.954     	74 90.575     	80 90.967     	11 91.126     	81 91.489     	30 90.184     	69 90.809     	21 90.506     	22 91.605     	53 92.157     	41 90.458     	20 91.357     	14 92.299     	35 91.578     	 3 91.824     	26 91.275     	82 91.618     	 2 92.448     	
Lap 65	47 89.591     	31 90.490     	19 89.979     	42 90.314     	29 90.884     	98 90.821     	74 90.594     	94 91.181     	80 91.358     	11 91.525     	81 91.831     	30 90.942     	69 90.291     	21 90.372     	22 90.833     	53 90.310     	41 90.293     	20 90.289     	14 91.560     	35 91.863     	 3 91.811     	26 91.337     	82 91.494     	 2 92.356     	
Lap 66	47 90.172     	31 90.426     	19 89.799     	42 90.061     	29 91.462     	98 91.644     	74 91.575     	94 91.217     	80 91.867     	81 90.188     	11 91.381     	30 90.561     	69 90.630     	21 90.877     	22 91.107     	53 92.257     	41 89.635     	20 90.419     	35 91.471     	 3 92.271     	14 94.387     	26 91.177     	82 91.353     	 2 92.202     	
Lap 67	47 90.045     	31 90.563     	19 90.371     	42 90.577     	29 91.052     	98 91.034     	74 90.953     	94 91.571     	80 91.205     	81 91.550     	11 91.970     	30 91.077     	69 91.043     	21 90.748     	22 90.662     	53 90.932     	41 90.053     	20 91.161     	35 92.133     	14 90.658     	 3 92.626     	26 90.993     	82 91.818     	 2 92.239     	
Lap 68	47 90.694     	31 90.442     	19 90.557     	42 89.969     	98 91.232     	74 91.476     	29 91.835     	94 91.751     	80 91.697     	11 91.482     	81 92.265     	30 90.785     	69 91.282     	21 91.326     	22 90.482     	53 90.628     	41 89.813     	20 91.036     	35 92.280     	14 92.348     	26 91.126     	 3 92.132     	82 91.906     	 2 92.951     	
Lap 69	31 90.498     	47 108.103 PIT	19 90.772     	42 90.046     	74 90.926     	98 91.869     	11 91.377     	30 91.169     	94 107.966 PIT	29 108.899 PIT	21 91.526     	80 108.708 PIT	22 91.172     	81 108.721 PIT	53 91.178     	41 89.908     	69 108.038 PIT	20 91.199     	35 91.876     	14 92.385     	26 93.282     	 3 93.021     	82 91.845     	 2 92.933     	
Lap 70	31 90.121     	47 89.810     	19 90.014     	42 90.492     	74 91.060     	30 91.129     	94 90.117     	29 90.425     	98 109.243 PIT	21 91.154     	80 90.521     	11 108.158 PIT	81 90.986     	41 90.016     	69 90.560     	20 92.294     	22 109.152 PIT	53 107.923 PIT	35 91.182     	26 92.644     	 3 93.208     	82 91.492     	14 108.226 PIT	 2 92.589     	
Lap 71	47 89.339     	19 90.964     	31 108.403 PIT	42 90.565     	74 90.478     	94 89.901     	29 90.071     	98 89.254     	80 90.278     	11 90.191     	21 92.647     	81 90.485     	30 107.527 PIT	41 90.516     	69 90.065     	22 89.942     	53 90.888     	35 93.507     	26 92.379     	82 91.868     	 3 93.329     	20 107.991 PIT	14 90.256     	 2 92.792     	
Lap 72	47 88.673     	31 89.650     	19 107.599 PIT	74 90.818     	42 108.409 PIT	94 89.858     	29 90.377     	98 91.020     	80 89.539     	11 90.175     	81 90.967     	30 90.238     	41 90.433     	69 89.987     	22 89.938     	53 89.645     	21 110.068 PIT	35 91.277     	26 91.798     	 3 91.811     	82 93.077     	20 90.569     	14 89.929     	 2 110.339 PIT	
Lap 73	47 89.038     	31 89.037     	19 89.893     	42 89.918     	94 89.821     	29 89.351     	98 89.641     	74 108.157 PIT	80 89.644     	11 89.736     	30 89.687     	81 90.690     	41 90.728     	69 89.703     	22 89.950     	53 89.404     	21 89.685     	35 91.629     	26 91.539     	20 89.407     	82 93.219     	14 89.619     	 3 110.259 PIT	 2 92.133     	
Lap 74	47 89.473     	31 89.571     	19 89.062     	42 89.581     	94 90.214     	29 89.825     	98 90.416     	74 90.961     	80 90.048     	11 89.265     	30 90.529     	81 90.830     	41 90.847     	69 89.874     	22 90.004     	53 89.879     	21 89.635     	35 91.676     	26 91.398     	20 89.894     	14 89.580     	 3 90.841     	82 109.222 PIT	 2 91.066     	
Lap 75	47 89.246     	31 89.546     	19 88.851     	42 89.122     	94 90.217     	29 90.462     	98 89.863     	74 90.362     	80 90.446     	11 90.066     	30 90.144     	81 90.847     	41 90.175     	69 89.582     	22 90.254     	53 89.238     	21 89.921     	20 91.337     	14 90.350     	35 109.056 PIT	26 110.003 PIT	 3 90.587     	82 91.289     	 2 91.616     	
Lap 76	47 88.846     	31 89.343     	19 88.890     	42 89.063     	29 89.741     	94 90.378     	98 89.767     	74 90.123     	80 90.357     	11 91.200     	30 89.679     	81 90.080     	41 90.493     	69 89.718     	22 91.243     	21 89.871     	53 91.751     	20 90.111     	14 90.517     	35 90.211     	26 91.618     	 3 91.363     	82 90.159     	 2 92.095     	
Lap 77	47 88.907     	31 89.150     	19 89.215     	42 89.845     	29 90.088     	98 89.037     	94 90.774     	74 90.278     	80 90.570     	11 89.273     	30 90.106     	81 89.767     	41 90.389     	69 89.659     	22 90.583     	21 91.142     	53 91.783     	20 89.987     	14 89.877     	35 90.054     	26 91.432     	 3 91.772     	82 90.740     	 2 91.422     	
Lap 78	47 89.828     	31 89.479     	19 89.629     	42 89.345     	98 90.011     	29 90.760     	94 90.608     	74 89.337     	80 90.827     	11 91.137     	30 90.147     	81 90.217     	41 91.853     	69 91.029     	22 90.040     	21 90.948     	53 92.052     	20 90.441     	14 90.334     	35 89.643     	26 90.882     	 3 91.142     	82 91.209     	 2 91.250     	
Lap 79	47 89.792     	31 89.490     	19 89.381     	42 89.265     	29 90.308     	98 90.648     	94 90.010     	74 89.237     	80 90.335     	11 91.144     	30 89.774     	81 89.642     	69 91.090     	41 91.352     	22 89.768     	21 90.118     	53 89.710     	20 89.640     	14 90.295     	35 90.170     	26 91.453     	 3 91.850     	82 91.472     	 2 91.935     	
Lap 80	47 89.948     	31 89.753     	19 89.309     	42 89.691     	29 90.263     	98 90.895     	94 90.683     	74 90.108     	80 89.947     	11 90.263     	30 89.824     	81 90.218     	69 90.994     	41 92.306     	22 89.822     	21 89.579     	53 90.146     	20 90.219     	14 90.742     	35 89.652     	26 90.600     	 3 90.941     	82 91.801     	 2 92.291     	

-- OFFICIAL RESULTS --
Pos	#No	Driver						Team					Time		Diff		Pits	Best
01	#47	PAV	ketila léqa pavúteka	Team Solea Racing		2:0:33.827	-0.000		3		88.673
02	#31	ŠAŊ	xap'ít celentir šaŋév	Team Solea Racing		2:0:50.702	-16.875		3		88.869
03	#19	ZAI	khélok atep zailunaɰ	Team Solea Racing		2:0:58.123	-24.296		3		88.806
04	#42	OOS	Frank Oosterhout		Cows Go Moo Racing		2:1:27.563	-53.736		3		89.063
05	#29	ALU	Sago Aludetsei			Dotruga Formula Racing	2:1:42.790	-68.963		3		89.351
06	#98	MOT	Gorga Motxev			Dotruga Formula Racing	2:1:43.462	-69.635		3		89.037
07	#94	NES	At'ipi Nesbeksë			Team Diigikwk Racers	2:1:43.562	-69.735		3		89.083
08	#74	KON	Bařàsiz Konoca			Team Diigikwk Racers	2:1:43.948	-70.121		3		89.219
09	#80	AYA	Ifloenne é Aya			Team V.V. Imperial		2:1:47.472	-73.645		3		89.035
10	#11	KEG	Tuto Keget				Dotruga Formula Racing	2:1:49.091	-75.264		3		89.142
11	#30	WIS	Josh Wise				BONGATAR				2:1:49.375	-75.548		3		89.233
12	#81	KÆR	Lyǽs Kæræsekæræn		Team V.V. Imperial		2:1:50.845	-77.018		3		89.583
13	#69	SAN	Marisa Sanchez			Cows Go Moo Racing		2:1:58.806	-84.979		3		89.582
14	#41	CAN	Olga Candy				Cows Go Moo Racing		2:2:00.270	-86.443		3		89.635
15	#22	PHI	Philipe					Team Vincent			2:2:06.098	-92.272		3		89.585
16	#21	ORS	Orson					Team Vincent			2:2:08.204	-94.377		3		89.579
17	#53	TÀC	Ešuro Tàcràɰë			Team Diigikwk Racers	2:2:10.213	-96.387		3		89.238
18	#20	MAC	Mac						Team Vincent			2:2:18.958	-105.131	3		89.407
19	#14	HÚC	Daseno Húctu			Team Vikasani			2:2:25.338	-111.511	3		89.580
20	#35	AKA	Asaúni Akaleta			Team Vikasani			2:2:32.623	-118.797	3		89.643
21	#26	ILI	Rikvisi Iliria			Team Vikasani			2:2:42.441	-128.614	3		89.990
22	# 3	BOB	Bob						BONGATAR				2:2:44.051	-130.224	3		89.823
23	#82	SAN	Nukki Savra Sanda		Team V.V. Imperial		2:2:45.221	-131.394	3		90.159
24	# 2	HID	Body Hide				BONGATAR				2:3:43.503	-189.677	3		91.042

-- RACE INCIDENT REPORT --
Josh Wise made a mistake while attempting an overtake on lap 6.
Rikvisi Iliria made a mistake while attempting an overtake on lap 8.
ketila léqa pavúteka made a mistake on lap 21.
Frank Oosterhout made a mistake while attempting an overtake on lap 32.
Olga Candy made a pit stop to repair damage caused by a large incident while attempting an overtake on lap 35.
Lyǽs Kæræsekæræn made a pit stop to repair damage caused by a large incident on lap 46.
Mac made a mistake while attempting an overtake on lap 51.
Sago Aludetsei made a mistake while attempting an overtake on lap 54.
Body Hide made a mistake while attempting an overtake on lap 54.
Daseno Húctu made a mistake while attempting an overtake on lap 66.
Rikvisi Iliria made a mistake while attempting an overtake on lap 69.
