-- LAP TIMES --
Lap 0	47 0.000     	31 0.000     	19 0.100     	42 0.100     	29 0.200     	98 0.200     	11 0.300     	80 0.300     	81 0.400     	53 0.400     	41 0.500     	30 0.500     	69 0.600     	94 0.600     	 3 0.700     	74 0.700     	82 0.800     	35 0.800     	 2 0.900     	26 0.900     	14 1.000     	
Lap 1	42 134.044     	47 134.190     	31 134.233     	80 134.665     	11 134.893     	29 135.015     	19 135.131     	94 134.702     	98 135.134     	53 135.067     	81 135.132     	30 135.109     	74 135.212     	69 135.605     	41 135.792     	 3 136.309     	35 137.125     	82 137.313     	26 137.455     	14 137.722     	 2 137.828     	
Lap 2	47 134.031     	42 134.305     	31 134.359     	29 134.335     	98 134.355     	80 134.843     	19 134.732     	11 134.862     	53 135.142     	94 135.503     	30 135.300     	81 135.472     	74 135.695     	41 135.384     	69 136.834     	 3 136.573     	82 136.921     	35 137.923     	14 137.453     	 2 137.924     	26 139.624     	
Lap 3	47 134.160     	42 134.375     	31 134.582     	29 134.500     	98 134.592     	80 135.176     	19 135.196     	11 135.579     	30 135.308     	94 135.447     	81 135.402     	53 135.889     	74 135.578     	41 136.369     	69 135.452     	 3 137.549     	82 136.944     	14 137.412     	35 137.889     	 2 137.846     	26 138.250     	
Lap 4	47 134.595     	42 134.512     	31 134.169     	29 134.552     	98 134.760     	19 134.834     	80 135.310     	11 135.198     	94 135.084     	30 135.140     	81 135.111     	53 135.724     	74 136.100     	69 135.437     	41 136.004     	 3 137.224     	82 136.914     	35 137.267     	14 138.273     	 2 138.468     	26 138.518     	
Lap 5	47 134.775     	42 134.867     	31 135.026     	98 134.909     	29 135.414     	19 134.710     	80 135.701     	11 135.515     	30 135.629     	94 135.813     	81 135.898     	53 136.766     	74 136.140     	69 136.039     	41 136.317     	 3 136.907     	82 137.645     	35 137.565     	14 137.698     	 2 137.085     	26 138.474     	
Lap 6	47 134.876     	42 134.448     	31 135.468     	98 134.864     	29 135.628     	19 135.718     	11 135.262     	80 135.666     	94 135.126     	30 135.692     	81 136.085     	53 135.432     	74 135.899     	69 135.727     	41 136.161     	 3 135.965     	82 136.420     	35 137.590     	14 137.981     	 2 138.432     	26 138.245     	
Lap 7	42 133.199     	47 135.231     	31 134.614     	98 134.752     	29 135.585     	19 135.764     	11 135.509     	80 135.945     	94 135.525     	30 136.128     	81 135.802     	53 136.165     	74 135.747     	69 135.881     	41 135.901     	 3 135.548     	82 135.685     	35 136.867     	14 138.220     	 2 138.845     	26 138.343     	
Lap 8	42 133.299     	31 134.212     	47 135.013     	98 133.709     	29 135.042     	19 135.684     	11 135.518     	94 135.037     	80 135.534     	30 136.111     	81 136.113     	53 136.493     	69 135.830     	74 136.492     	41 136.506     	 3 135.941     	82 136.459     	35 136.984     	14 136.439     	 2 136.992     	26 137.963     	
Lap 9	42 134.181     	31 134.619     	47 134.957     	98 135.008     	29 133.877     	80 134.570     	19 135.907     	11 136.087     	94 136.285     	30 136.060     	81 136.236     	74 135.326     	53 135.891     	69 136.110     	41 134.986     	 3 135.456     	82 136.868     	35 136.439     	14 137.270     	 2 137.250     	26 139.063     	
Lap 10	42 133.852     	31 134.946     	47 135.105     	98 135.113     	29 134.708     	19 135.137     	80 135.447     	94 134.988     	11 135.937     	30 136.686     	81 136.634     	74 136.043     	53 135.971     	69 136.579     	41 136.209     	 3 135.880     	82 136.146     	35 137.268     	14 137.011     	 2 136.939     	26 138.631     	
Lap 11	42 133.712     	31 135.852     	98 134.773     	47 135.584     	29 134.831     	19 135.484     	80 136.352     	94 136.651     	11 137.132     	30 136.436     	81 136.632     	74 136.194     	69 136.239     	41 136.482     	53 138.000     	 3 135.874     	82 136.248     	35 137.129     	14 136.882     	 2 137.689     	26 138.655     	
Lap 12	42 134.534     	47 135.060     	98 135.567     	31 136.025     	29 134.976     	19 135.003     	80 135.052     	94 134.608     	11 135.338     	30 136.036     	74 135.691     	81 136.914     	69 137.221     	41 137.070     	53 137.728     	 3 136.561     	82 136.612     	35 137.137     	14 137.640     	 2 137.359     	26 138.788     	
Lap 13	42 134.199     	47 135.711     	31 135.311     	98 136.453     	29 135.589     	19 135.007     	80 135.946     	94 135.837     	11 134.795     	30 136.553     	81 135.357     	74 137.123     	69 136.525     	41 136.591     	 3 136.216     	53 138.065     	82 137.189     	35 137.595     	14 137.182     	 2 139.537     	26 139.290     	
Lap 14	42 135.090     	47 135.371     	31 136.286     	29 136.184     	98 136.328     	19 134.832     	80 136.372     	94 136.933     	11 137.495     	81 136.565     	30 137.302     	74 136.118     	69 136.749     	41 136.975     	53 136.770     	 3 137.731     	82 137.415     	35 137.146     	14 137.833     	 2 138.485     	26 139.286     	
Lap 15	42 134.703     	47 135.129     	31 135.667     	29 136.140     	98 136.953     	19 134.709     	80 135.314     	94 135.464     	11 135.500     	30 136.682     	81 137.331     	74 137.359     	69 137.068     	41 137.338     	53 136.803     	 3 138.479     	82 137.720     	35 137.608     	14 138.130     	 2 138.016     	26 139.418     	
Lap 16	42 135.179     	47 135.407     	31 135.327     	98 137.207     	19 137.382     	80 135.148     	81 136.862     	29 155.193 PIT	69 137.916     	 3 137.617     	94 154.255 PIT	11 154.611 PIT	74 154.702 PIT	30 155.644 PIT	35 137.869     	53 154.131 PIT	41 156.004 PIT	14 138.594     	 2 139.040     	82 156.719 PIT	26 158.065 PIT	
Lap 17	42 135.147     	47 135.650     	98 136.592     	19 137.794     	80 135.888     	81 136.528     	31 154.094 PIT	29 135.019     	94 134.115     	11 134.809     	30 135.529     	74 135.757     	53 135.781     	35 138.276     	41 136.552     	69 156.737 PIT	14 138.719     	 3 156.424 PIT	82 135.759     	 2 139.047     	26 137.941     	
Lap 18	42 135.626     	47 135.872     	98 135.786     	80 136.615     	31 134.684     	29 133.906     	94 133.834     	11 133.450     	19 155.908 PIT	74 135.368     	30 135.650     	81 156.478 PIT	53 135.336     	41 135.525     	69 134.333     	 3 135.696     	14 138.571     	82 135.508     	35 157.595 PIT	 2 157.712 PIT	26 137.941     	
Lap 19	42 135.821     	31 133.113     	29 133.565     	47 154.553 PIT	94 133.715     	11 134.149     	98 155.596 PIT	19 134.198     	80 154.952 PIT	74 135.337     	30 135.274     	81 135.957     	53 136.000     	41 135.728     	69 136.008     	 3 135.097     	82 135.330     	35 136.636     	14 157.505 PIT	 2 137.028     	26 138.342     	
Lap 20	42 155.153 PIT	31 133.046     	29 133.345     	47 133.243     	94 133.878     	11 135.330     	19 134.611     	98 135.308     	80 133.641     	30 134.524     	74 135.839     	81 135.730     	53 135.162     	69 135.340     	41 137.560     	 3 135.438     	82 135.692     	35 135.831     	14 136.693     	 2 136.642     	26 137.765     	
Lap 21	42 133.539     	31 132.919     	29 134.566     	47 133.920     	94 133.736     	98 134.417     	11 135.265     	19 134.780     	80 134.198     	30 134.438     	74 134.572     	81 135.319     	69 134.094     	53 136.606     	41 134.157     	 3 135.676     	82 136.191     	35 136.680     	14 136.294     	 2 136.837     	26 138.189     	
Lap 22	42 132.858     	31 132.899     	47 133.717     	29 135.336     	94 134.535     	98 134.370     	19 134.433     	80 134.841     	11 135.716     	30 134.309     	74 134.411     	81 135.180     	69 135.609     	53 135.820     	41 135.660     	 3 135.393     	82 136.105     	35 136.351     	14 136.773     	 2 136.879     	26 138.076     	
Lap 23	42 133.713     	31 135.315     	47 132.827     	29 133.749     	94 134.608     	98 135.205     	19 135.284     	80 135.344     	11 136.383     	30 134.219     	74 134.211     	81 135.435     	69 135.171     	53 136.203     	41 136.142     	 3 135.871     	82 135.778     	35 136.399     	14 136.285     	 2 137.207     	26 138.717     	
Lap 24	42 133.656     	31 133.594     	47 133.575     	29 134.078     	94 134.305     	98 135.496     	19 135.271     	80 134.816     	11 134.827     	30 135.016     	74 134.681     	81 136.046     	69 135.783     	53 136.403     	41 135.965     	 3 135.693     	82 136.368     	35 136.690     	14 136.137     	 2 137.002     	26 138.408     	
Lap 25	42 133.470     	31 133.453     	47 133.553     	29 134.319     	94 134.581     	19 135.064     	98 135.422     	80 135.320     	11 134.976     	30 134.269     	74 135.178     	81 136.265     	69 136.057     	41 136.381     	53 136.542     	 3 136.128     	82 136.037     	35 136.645     	14 137.135     	 2 137.406     	26 138.413     	
Lap 26	42 133.403     	31 133.659     	47 133.002     	29 134.548     	94 134.327     	19 134.835     	98 134.956     	80 134.956     	11 134.902     	30 134.582     	74 135.175     	69 135.481     	81 136.256     	41 136.440     	53 137.143     	 3 136.408     	82 136.118     	35 137.006     	14 136.879     	 2 137.220     	26 138.547     	
Lap 27	42 133.659     	31 133.399     	47 133.596     	29 134.008     	94 134.665     	80 134.882     	19 135.302     	98 135.041     	11 134.544     	30 134.873     	74 135.646     	69 136.876     	81 136.234     	41 137.049     	53 137.749     	 3 135.652     	82 136.398     	35 136.500     	14 136.587     	 2 136.798     	26 138.932     	
Lap 28	42 133.581     	31 134.188     	47 133.288     	29 134.240     	94 135.007     	19 135.950     	98 135.901     	11 134.975     	80 136.140     	30 134.940     	74 135.726     	69 136.119     	81 136.416     	41 135.236     	53 136.957     	 3 137.663     	82 136.999     	35 136.927     	14 136.724     	 2 137.875     	26 139.476     	
Lap 29	42 134.155     	47 134.220     	31 135.798     	29 134.548     	94 135.552     	80 135.103     	98 135.457     	19 136.098     	11 136.230     	30 135.504     	74 135.945     	81 135.976     	69 136.851     	41 135.663     	53 135.224     	 3 136.554     	82 137.324     	35 137.174     	14 137.063     	 2 137.109     	26 138.839     	
Lap 30	42 133.708     	47 135.387     	31 134.879     	29 135.062     	94 135.366     	80 135.932     	19 135.396     	98 136.197     	11 137.931     	30 135.167     	74 136.024     	81 135.982     	69 136.354     	41 135.376     	53 135.336     	 3 136.212     	82 137.292     	35 137.141     	14 136.875     	 2 137.981     	26 139.232     	
Lap 31	42 133.789     	47 135.529     	31 135.482     	29 135.057     	94 135.194     	19 135.894     	80 136.244     	98 136.725     	11 135.880     	30 135.886     	74 135.683     	81 136.723     	69 136.857     	41 135.761     	53 136.011     	 3 136.487     	82 137.112     	35 137.389     	14 137.029     	 2 137.951     	26 139.644     	
Lap 32	42 134.491     	31 134.876     	47 135.452     	29 135.133     	19 136.014     	80 136.358     	98 136.455     	11 135.702     	30 135.619     	94 154.777 PIT	74 135.750     	81 135.316     	69 137.688     	53 136.272     	 3 137.402     	41 156.107 PIT	35 137.698     	82 156.627 PIT	14 137.509     	 2 138.344     	26 158.354 PIT	
Lap 33	42 134.501     	47 134.810     	31 136.808     	29 135.561     	19 135.968     	98 134.744     	80 136.231     	11 136.166     	30 135.949     	94 134.323     	81 135.866     	69 136.358     	53 136.064     	74 154.706 PIT	41 134.340     	 3 156.300 PIT	82 136.440     	35 138.332     	14 137.626     	 2 138.728     	26 138.023     	
Lap 34	42 134.151     	47 134.324     	31 135.157     	29 154.844 PIT	98 136.123     	80 136.019     	11 136.668     	94 133.555     	19 155.370 PIT	30 155.485 PIT	69 136.281     	74 134.348     	81 155.158 PIT	41 134.655     	53 155.513 PIT	 3 135.851     	82 137.248     	14 138.376     	35 156.821 PIT	 2 138.930     	26 137.741     	
Lap 35	42 135.078     	47 153.856 PIT	31 154.705 PIT	29 134.197     	98 136.624     	94 134.690     	19 133.591     	80 154.718 PIT	30 134.721     	11 156.867 PIT	74 134.780     	41 135.140     	81 135.598     	53 134.168     	69 157.648 PIT	 3 135.065     	82 136.135     	35 136.883     	14 155.971 PIT	 2 157.309 PIT	26 137.794     	
Lap 36	42 134.734     	47 133.061     	31 133.801     	29 133.713     	94 133.583     	98 135.378     	19 133.713     	80 134.020     	30 133.582     	74 134.751     	11 136.214     	81 135.006     	41 135.437     	53 134.261     	69 135.186     	 3 135.657     	82 136.323     	35 136.293     	14 136.881     	 2 137.024     	26 138.051     	
Lap 37	42 153.807 PIT	47 132.590     	31 133.560     	29 133.942     	94 135.267     	19 133.421     	80 133.440     	30 133.916     	98 157.091 PIT	74 135.855     	11 135.923     	41 134.944     	81 135.397     	53 134.594     	69 134.520     	 3 135.848     	82 136.400     	35 136.614     	14 136.639     	 2 136.552     	26 138.563     	
Lap 38	42 133.992     	47 133.227     	31 133.592     	29 133.384     	94 134.667     	19 133.636     	80 133.588     	30 134.599     	98 133.660     	74 136.263     	11 136.402     	81 135.371     	41 135.853     	53 134.405     	69 134.120     	 3 135.124     	82 135.960     	35 136.453     	14 136.754     	 2 136.840     	26 138.704     	
Lap 39	42 133.508     	47 132.793     	31 133.126     	29 133.246     	94 134.205     	19 133.481     	80 133.630     	30 134.773     	98 133.089     	74 136.091     	11 135.912     	53 133.904     	81 135.919     	41 135.970     	69 134.173     	 3 135.909     	82 136.034     	35 136.718     	14 136.450     	 2 136.416     	26 138.196     	
Lap 40	42 133.729     	47 133.672     	31 133.224     	29 133.367     	94 134.532     	19 133.708     	80 134.337     	98 133.069     	30 134.901     	74 135.528     	11 136.418     	81 135.327     	53 135.720     	41 135.639     	69 134.820     	 3 136.024     	82 136.095     	35 136.739     	14 136.493     	 2 136.590     	26 138.548     	
Lap 41	42 133.068     	47 133.788     	31 133.280     	29 134.002     	94 135.028     	19 133.613     	80 134.206     	98 134.883     	30 135.594     	74 134.489     	11 134.597     	81 136.055     	53 136.391     	69 134.315     	41 136.792     	 3 135.823     	82 135.944     	35 136.795     	14 136.359     	 2 136.540     	26 138.710     	
Lap 42	42 133.116     	47 133.327     	31 133.163     	29 134.135     	94 134.713     	19 133.658     	80 134.353     	98 134.123     	30 134.452     	74 135.299     	11 134.867     	81 135.758     	53 136.297     	69 135.853     	41 136.035     	 3 136.102     	82 136.134     	35 136.387     	14 137.259     	 2 137.535     	26 139.105     	
Lap 43	42 133.928     	47 133.163     	31 133.204     	29 133.742     	94 134.877     	19 134.231     	80 133.806     	98 133.361     	30 135.144     	74 134.551     	11 134.834     	81 134.850     	69 136.012     	53 136.552     	41 136.998     	 3 136.085     	82 136.764     	35 136.885     	14 137.311     	 2 137.516     	26 138.727     	
Lap 44	42 133.789     	47 133.913     	31 133.756     	29 133.848     	94 134.743     	19 134.234     	80 134.471     	98 134.248     	30 135.205     	74 134.797     	11 134.558     	81 135.098     	53 136.052     	69 136.713     	41 136.500     	 3 136.255     	82 136.898     	35 136.955     	14 137.420     	 2 137.108     	26 139.391     	
Lap 45	42 133.304     	47 134.203     	31 133.496     	29 134.440     	94 134.812     	19 134.610     	80 134.497     	98 134.353     	30 134.891     	74 135.421     	11 134.277     	81 135.405     	69 136.349     	53 136.703     	41 135.947     	 3 136.008     	82 137.444     	35 136.657     	14 137.502     	 2 137.405     	26 139.064     	

-- OFFICIAL RESULTS --
Pos	#No	Driver						Team					Time		Diff		Pits	Best
01	#42	OOS	Frank Oosterhout		Cows Go Moo Racing		1:41:15.073	-0.000		2		132.858
02	#47	PAV	ketila léqa pavúteka	Team Solea Racing		1:41:23.309	-8.236		2		132.590
03	#31	ŠAŊ	xap'ít celentir šaŋév	Team Solea Racing		1:41:26.969	-11.895		2		132.899
04	#29	ALU	Sago Aludetsei			Dotruga Formula Racing	1:41:34.667	-19.594		2		133.246
05	#94	NES	At'ipi Nesbeksë			Team Diigikwk Racers	1:41:49.047	-33.974		2		133.555
06	#19	ZAI	khélok atep zailunaɰ	Team Solea Racing		1:41:55.392	-40.319		2		133.421
07	#80	AYA	Ifloenne é Aya			Team V.V. Imperial		1:41:59.890	-44.817		2		133.440
08	#98	MOT	Gorga Motxev			Dotruga Formula Racing	1:42:04.346	-49.273		2		133.069
09	#30	WIS	Josh Wise				BONGATAR				1:42:09.330	-54.257		2		133.582
10	#74	KON	Bařàsiz Konoca			Team Diigikwk Racers	1:42:18.297	-63.224		2		134.211
11	#11	KEG	Tuto Keget				Dotruga Formula Racing	1:42:18.304	-63.231		2		133.450
12	#81	KÆR	Lyǽs Kæræsekæræn		Team V.V. Imperial		1:42:34.597	-79.523		2		134.850
13	#69	SAN	Marisa Sanchez			Cows Go Moo Racing		1:42:39.518	-84.445		2		134.094
14	#53	TÀC	Ešuro Tàcràɰë			Team Diigikwk Racers	1:42:39.606	-84.532		2		133.904
15	#41	CAN	Olga Candy				Cows Go Moo Racing		1:42:40.137	-85.063		2		134.157
16	# 3	BOB	Bob						BONGATAR				1:42:50.373	-95.300		2		135.065
17	#82	SAN	Nukki Savra Sanda		Team V.V. Imperial		1:43:04.477	-109.403	2		135.330
18	#35	AKA	Asaúni Akaleta			Team Vikasani			1:43:27.670	-132.596	2		135.831
19	#14	HÚC	Daseno Húctu			Team Vikasani			1:43:36.561	-141.487	2		136.137
20	# 2	HID	Body Hide				BONGATAR				1:43:52.164	-157.091	2		136.416
21	#26	ILI	Rikvisi Iliria			Team Vikasani			1:44:36.400	-201.326	2		137.455

-- RACE INCIDENT REPORT --
Marisa Sanchez made a mistake while attempting an overtake on lap 2.
Rikvisi Iliria made a mistake while attempting an overtake on lap 2.
Body Hide made a mistake on lap 13.
Olga Candy made a mistake while attempting an overtake on lap 20.
xap'ít celentir šaŋév made a mistake on lap 23.
