-- LAP TIMES --
Lap 0	19 0.000     	31 0.000     	47 0.100     	42 0.100     	98 0.200     	94 0.200     	29 0.300     	53 0.300     	11 0.400     	74 0.400     	41 0.500     	69 0.500     	35 0.600     	22 0.600     	30 0.700     	80 0.700     	14 0.800     	21 0.800     	26 0.900     	20 0.900     	 3 1.000     	81 1.000     	 2 1.100     	82 1.100     	
Lap 1	98 90.117     	29 90.072     	19 90.401     	31 90.561     	47 90.668     	42 90.762     	11 90.526     	41 90.686     	94 91.089     	69 90.840     	53 91.112     	74 91.042     	22 91.434     	35 91.456     	80 91.434     	14 91.429     	20 91.509     	81 91.525     	21 91.929     	26 91.857     	30 92.107     	 3 92.767     	82 93.272     	 2 93.512     	
Lap 2	47 90.061     	98 90.726     	31 90.513     	42 90.323     	29 90.952     	19 91.005     	94 90.306     	11 90.839     	41 90.661     	69 91.023     	74 91.071     	53 91.284     	80 91.594     	22 91.779     	14 91.684     	35 91.903     	81 91.902     	20 92.113     	21 92.002     	26 91.975     	30 92.276     	 3 92.415     	82 93.064     	 2 93.357     	
Lap 3	47 89.995     	98 90.312     	42 90.366     	29 90.547     	31 90.845     	94 90.604     	19 90.799     	11 90.658     	41 90.921     	69 90.524     	74 90.652     	53 91.840     	22 91.913     	14 91.845     	80 92.128     	35 92.015     	81 91.736     	20 91.676     	30 91.488     	26 92.347     	21 92.708     	 3 91.500     	82 92.515     	 2 93.659     	
Lap 4	47 90.634     	42 90.524     	98 90.768     	29 90.322     	31 90.621     	19 90.363     	94 90.527     	11 90.997     	74 90.374     	41 91.094     	53 89.629     	69 91.290     	22 91.358     	35 91.413     	14 92.063     	80 91.993     	20 91.765     	81 91.943     	30 91.614     	26 91.856     	21 91.977     	 3 92.753     	82 91.606     	 2 93.779     	
Lap 5	47 90.506     	42 90.075     	29 90.402     	31 90.151     	98 90.746     	19 90.586     	94 90.787     	74 90.733     	11 90.943     	41 90.738     	53 90.451     	69 90.509     	22 91.185     	80 91.481     	14 91.729     	20 91.617     	35 92.199     	81 92.113     	30 92.131     	21 91.255     	26 91.749     	 3 91.383     	82 92.287     	 2 93.416     	
Lap 6	47 90.902     	29 90.362     	42 91.008     	19 90.488     	31 90.994     	94 90.494     	98 91.235     	11 90.647     	74 90.803     	53 91.276     	69 91.309     	41 91.514     	22 90.762     	80 91.730     	35 91.983     	81 91.502     	14 92.231     	20 92.269     	30 91.807     	26 92.283     	21 92.324     	 3 92.222     	82 92.228     	 2 93.466     	
Lap 7	47 90.350     	42 90.310     	29 90.531     	31 90.623     	19 90.928     	98 90.504     	94 91.108     	74 90.885     	11 91.244     	69 91.014     	53 91.267     	41 91.433     	22 90.691     	81 91.635     	14 91.941     	35 92.385     	20 92.219     	80 93.372     	30 92.325     	21 91.640     	26 92.293     	 3 91.492     	82 91.888     	 2 93.903     	
Lap 8	47 90.722     	42 90.715     	29 90.718     	31 90.824     	19 90.817     	98 91.089     	94 90.654     	74 91.014     	11 91.446     	69 91.028     	53 91.252     	41 91.289     	22 90.804     	81 91.741     	14 91.866     	20 91.546     	80 91.646     	35 92.311     	21 92.059     	30 92.569     	26 92.627     	 3 92.981     	82 92.619     	 2 93.923     	
Lap 9	47 90.441     	29 90.659     	42 90.782     	31 91.008     	98 90.542     	94 90.752     	19 91.336     	74 91.457     	69 90.905     	11 91.393     	53 91.257     	41 91.509     	22 90.632     	81 91.718     	20 91.563     	14 91.996     	35 91.750     	80 92.383     	21 92.144     	30 92.520     	26 92.217     	 3 93.132     	82 91.995     	 2 93.232     	
Lap 10	47 90.832     	42 90.807     	29 91.227     	31 91.263     	19 90.884     	98 91.386     	94 91.117     	74 91.164     	69 91.313     	11 91.719     	53 91.189     	41 91.184     	22 91.229     	81 92.404     	14 91.975     	20 92.392     	35 92.031     	80 92.484     	21 92.291     	30 92.265     	26 92.831     	 3 92.951     	82 93.349     	 2 93.839     	
Lap 11	47 90.611     	42 90.356     	29 90.416     	31 90.989     	98 90.972     	94 91.050     	19 91.167     	74 91.108     	69 90.963     	11 90.838     	53 91.170     	41 91.039     	22 91.540     	81 92.049     	14 91.946     	20 92.530     	35 92.211     	21 91.650     	80 92.512     	30 91.933     	26 91.918     	 3 92.109     	82 92.601     	 2 94.045     	
Lap 12	42 90.384     	47 90.962     	29 90.969     	31 91.212     	94 91.001     	19 90.921     	98 91.477     	74 90.880     	69 91.453     	11 91.103     	53 91.321     	41 91.546     	22 91.043     	14 91.897     	81 92.615     	35 92.146     	20 92.603     	21 92.134     	30 92.036     	80 92.616     	26 91.322     	 3 92.414     	82 92.697     	 2 94.063     	
Lap 13	29 89.558     	42 91.328     	47 91.249     	31 90.504     	19 91.303     	94 91.693     	98 91.981     	74 90.655     	69 90.960     	53 90.851     	11 91.914     	41 91.302     	22 91.753     	14 92.625     	81 92.625     	35 92.324     	20 92.202     	21 92.086     	30 92.348     	80 92.306     	26 92.255     	 3 91.767     	82 92.917     	 2 93.821     	
Lap 14	29 91.613     	42 90.833     	47 90.978     	31 91.354     	19 91.499     	94 91.129     	74 90.722     	98 91.192     	69 91.424     	53 91.556     	11 91.226     	41 91.725     	22 91.437     	14 92.567     	81 92.337     	21 92.213     	35 92.703     	20 92.781     	30 92.062     	26 92.264     	80 92.644     	 3 91.791     	82 92.307     	 2 94.328     	
Lap 15	47 90.345     	42 90.991     	29 91.166     	31 89.970     	94 91.098     	74 91.016     	19 91.713     	98 91.696     	69 91.583     	53 91.187     	41 90.367     	11 92.222     	22 91.018     	14 92.334     	81 92.224     	21 92.055     	20 91.923     	35 92.553     	30 92.756     	80 92.501     	26 92.995     	 3 92.390     	82 92.424     	 2 94.065     	
Lap 16	47 90.737     	29 91.145     	42 91.355     	31 89.851     	94 91.575     	74 91.782     	19 91.557     	98 92.083     	53 90.998     	69 91.940     	41 91.455     	22 91.096     	11 92.264     	21 92.012     	81 92.698     	14 92.966     	20 92.953     	35 92.965     	30 92.682     	80 92.827     	26 92.694     	 3 92.109     	82 92.328     	 2 94.288     	
Lap 17	47 90.835     	42 91.641     	29 91.820     	31 91.588     	94 91.671     	19 91.813     	74 92.039     	98 91.011     	53 91.286     	69 92.078     	41 91.881     	22 91.907     	11 92.229     	21 92.222     	14 92.530     	81 92.911     	20 92.163     	35 92.221     	30 92.862     	80 92.622     	26 92.622     	 3 94.402     	82 93.032     	 2 94.201     	
Lap 18	47 89.991     	42 91.477     	29 91.535     	31 92.075     	94 91.724     	19 91.314     	74 91.253     	98 91.543     	53 90.826     	41 91.366     	69 92.132     	22 92.101     	11 92.155     	21 92.940     	14 92.690     	81 92.699     	20 93.030     	35 93.292     	30 93.018     	80 92.576     	26 92.595     	 3 92.843     	82 92.417     	 2 94.657     	
Lap 19	47 90.677     	29 91.445     	42 91.787     	31 91.765     	19 91.327     	74 91.406     	94 91.988     	98 91.999     	53 93.138     	41 91.764     	69 91.281     	11 91.722     	22 92.268     	21 92.199     	81 92.340     	14 92.928     	20 92.293     	35 93.963     	30 93.166     	80 93.160     	26 93.143     	 3 92.355     	82 92.655     	 2 94.767     	
Lap 20	47 90.546     	29 91.172     	42 91.465     	31 91.860     	94 91.132     	74 91.459     	19 91.801     	98 90.879     	53 92.051     	69 91.606     	41 92.128     	11 91.499     	22 92.541     	21 91.650     	81 92.554     	20 92.672     	14 93.138     	35 92.436     	26 92.844     	80 92.924     	30 93.138     	 3 92.360     	82 93.169     	 2 94.828     	
Lap 21	47 91.093     	29 91.887     	31 90.947     	42 92.157     	94 91.636     	19 91.442     	74 91.997     	98 91.881     	53 91.610     	69 91.992     	41 92.279     	11 91.639     	22 91.752     	21 91.620     	20 92.484     	81 93.123     	14 93.759     	35 93.355     	30 92.821     	26 93.120     	80 93.323     	 3 93.261     	82 93.621     	 2 94.302     	
Lap 22	47 91.153     	42 91.323     	29 92.320     	31 92.046     	94 91.505     	19 91.673     	74 92.408     	98 92.493     	53 92.521     	69 92.418     	11 90.983     	41 92.417     	22 91.725     	21 92.286     	20 93.035     	81 93.001     	14 92.646     	35 93.315     	80 92.730     	30 93.176     	26 93.213     	 3 92.935     	82 93.310     	 2 94.844     	
Lap 23	47 90.681     	29 91.534     	42 92.031     	31 92.112     	94 92.455     	74 92.489     	98 92.341     	53 92.126     	41 92.365     	11 92.773     	22 92.195     	19 109.996 PIT	21 91.975     	69 111.068 PIT	81 93.868     	80 92.701     	35 92.972     	30 93.120     	 3 93.385     	82 93.742     	14 109.912 PIT	20 111.716 PIT	26 112.028 PIT	 2 113.415 PIT	
Lap 24	47 91.262     	42 92.032     	31 92.512     	74 92.508     	29 111.349 PIT	19 90.236     	94 109.856 PIT	98 110.669 PIT	21 92.111     	69 89.812     	53 109.841 PIT	41 110.968 PIT	11 111.353 PIT	22 110.494 PIT	81 92.108     	80 93.478     	 3 93.428     	14 92.230     	20 92.121     	26 91.178     	35 111.427 PIT	30 111.973 PIT	82 111.108 PIT	 2 94.091     	
Lap 25	47 91.480     	42 90.693     	31 91.145     	74 91.907     	29 89.638     	19 90.159     	94 89.920     	98 91.044     	69 90.754     	53 92.372     	41 90.965     	11 90.858     	22 91.097     	81 92.155     	80 92.758     	21 112.187 PIT	14 91.635     	20 91.600     	26 92.276     	35 92.311     	30 92.020     	 3 111.826 PIT	82 92.537     	 2 93.620     	
Lap 26	47 91.510     	29 89.488     	19 89.427     	42 110.073 PIT	94 90.198     	31 109.982 PIT	98 90.620     	69 91.052     	53 90.008     	74 110.524 PIT	41 90.516     	11 91.103     	22 91.419     	81 92.856     	21 90.913     	20 91.389     	14 91.869     	26 92.008     	35 91.582     	80 109.249 PIT	30 91.629     	 3 92.220     	82 91.949     	 2 93.631     	
Lap 27	47 109.854 PIT	29 89.496     	19 90.474     	42 91.285     	94 90.455     	31 90.923     	98 90.153     	69 90.463     	53 91.124     	74 91.122     	41 89.800     	11 90.035     	22 90.470     	21 91.216     	20 91.932     	14 92.708     	81 110.118 PIT	26 91.868     	35 91.615     	80 91.962     	30 91.553     	 3 91.875     	82 92.042     	 2 93.525     	
Lap 28	47 89.548     	29 89.615     	19 89.663     	42 90.456     	94 90.641     	31 90.599     	98 89.859     	69 90.318     	53 90.488     	74 91.193     	11 89.830     	41 91.444     	22 90.245     	21 90.633     	20 91.907     	14 92.414     	81 91.537     	35 91.588     	26 92.048     	30 91.570     	80 92.012     	 3 91.664     	82 91.748     	 2 93.556     	
Lap 29	47 90.023     	29 90.158     	19 89.473     	42 90.466     	94 90.468     	31 90.786     	98 89.717     	69 89.798     	53 90.631     	74 90.832     	41 90.915     	11 91.310     	22 91.150     	21 90.907     	20 90.981     	14 91.907     	81 92.162     	26 91.892     	35 92.279     	30 92.234     	 3 92.201     	82 91.927     	80 101.935 PIT	 2 93.896     	
Lap 30	47 89.699     	29 89.884     	19 89.643     	42 90.443     	94 91.182     	31 90.999     	98 89.470     	69 90.320     	53 90.816     	74 90.528     	41 91.236     	11 91.513     	22 91.146     	21 90.803     	20 90.552     	14 91.893     	81 91.651     	35 91.501     	26 92.264     	30 91.885     	 3 92.103     	82 92.003     	80 90.704     	 2 93.742     	
Lap 31	47 89.382     	29 89.447     	19 90.032     	42 89.589     	94 90.473     	98 90.768     	31 90.918     	69 89.879     	53 90.803     	74 90.828     	41 91.351     	11 91.811     	22 90.738     	21 90.947     	20 91.012     	14 92.422     	81 92.118     	35 91.728     	30 91.208     	26 91.961     	 3 91.681     	82 91.826     	80 90.659     	 2 93.858     	
Lap 32	47 89.564     	29 89.884     	19 89.938     	42 89.489     	94 91.218     	98 90.761     	31 91.136     	69 90.539     	53 91.120     	74 90.994     	41 91.136     	22 90.977     	11 91.621     	21 91.461     	20 90.979     	14 92.052     	81 92.363     	35 92.140     	30 92.256     	26 92.751     	 3 92.238     	80 90.595     	82 92.765     	 2 93.599     	
Lap 33	47 89.420     	29 90.084     	19 89.871     	42 89.338     	94 91.366     	98 91.371     	31 91.087     	69 90.320     	53 91.141     	74 91.033     	41 90.455     	22 91.684     	11 91.857     	21 91.246     	20 91.019     	14 91.794     	81 91.761     	35 92.552     	30 92.429     	26 92.332     	 3 91.714     	80 90.645     	82 92.707     	 2 93.391     	
Lap 34	47 89.963     	29 90.087     	19 90.049     	42 89.841     	94 90.723     	98 90.650     	31 90.938     	69 90.886     	53 90.778     	74 91.045     	41 90.329     	22 91.592     	11 91.979     	21 91.598     	20 90.938     	14 92.610     	81 91.949     	35 91.889     	30 92.054     	26 92.800     	80 90.074     	 3 92.878     	82 91.941     	 2 93.790     	
Lap 35	47 89.546     	29 89.747     	19 89.867     	42 89.312     	94 90.965     	31 90.515     	98 91.100     	69 91.516     	53 91.493     	74 91.505     	41 91.107     	22 92.040     	11 91.576     	21 91.100     	20 91.012     	81 92.006     	14 92.685     	30 91.163     	35 91.878     	26 91.499     	80 90.880     	 3 91.887     	82 92.157     	 2 93.642     	
Lap 36	47 89.924     	29 89.998     	19 90.693     	42 89.918     	94 91.106     	31 90.727     	98 91.630     	69 90.731     	53 90.999     	74 91.028     	41 91.253     	22 91.522     	11 91.870     	21 90.844     	20 91.335     	81 91.858     	14 92.316     	30 92.192     	35 92.917     	80 91.727     	26 92.597     	 3 92.427     	82 92.935     	 2 94.308     	
Lap 37	47 89.412     	29 90.350     	19 90.159     	42 90.088     	31 90.904     	94 91.635     	98 91.359     	69 91.458     	53 91.713     	74 91.480     	41 91.258     	22 91.888     	11 91.814     	21 91.641     	20 91.458     	81 91.302     	14 91.134     	30 92.188     	35 93.158     	80 92.289     	26 92.336     	 3 92.581     	82 92.894     	 2 94.207     	
Lap 38	47 89.482     	29 90.003     	19 90.836     	42 90.234     	31 91.146     	94 91.518     	98 90.915     	69 91.795     	53 91.179     	74 90.845     	41 91.802     	22 92.236     	11 91.831     	21 90.954     	20 91.315     	81 91.799     	14 91.729     	30 91.526     	80 91.560     	35 92.209     	26 92.882     	 3 91.909     	82 92.697     	 2 93.823     	
Lap 39	47 89.887     	29 89.965     	19 91.085     	42 90.827     	31 89.748     	94 91.589     	98 91.778     	69 90.330     	74 90.561     	53 91.801     	41 90.520     	11 91.444     	22 92.206     	21 90.956     	20 91.950     	81 92.295     	14 92.588     	30 91.725     	80 91.927     	35 92.983     	26 91.848     	 3 92.369     	82 92.840     	 2 93.641     	
Lap 40	47 90.348     	29 90.083     	19 91.326     	42 91.136     	31 90.337     	98 91.022     	94 91.501     	69 91.842     	74 90.695     	53 91.248     	41 91.317     	11 92.045     	22 91.980     	21 91.833     	20 91.653     	81 91.797     	14 91.590     	30 92.096     	80 91.250     	35 92.332     	26 92.451     	 3 92.349     	82 92.982     	 2 94.165     	
Lap 41	47 90.499     	29 89.990     	19 91.281     	42 91.339     	31 90.148     	98 91.251     	94 91.782     	69 91.188     	74 90.263     	53 91.075     	41 92.018     	11 91.832     	22 91.915     	21 91.930     	20 92.109     	81 92.496     	14 92.323     	30 91.926     	80 91.113     	35 92.689     	26 93.351     	 3 92.263     	82 93.129     	 2 93.928     	
Lap 42	47 89.729     	29 90.760     	19 91.159     	42 91.735     	31 89.745     	98 91.803     	94 91.624     	69 91.952     	74 91.110     	53 90.720     	41 91.000     	11 91.803     	22 91.697     	21 91.602     	20 91.830     	81 92.846     	14 92.342     	80 92.227     	35 91.597     	26 92.475     	 3 92.183     	30 101.711 PIT	82 93.052     	 2 94.362     	
Lap 43	47 90.277     	29 90.700     	42 90.994     	19 92.045     	31 89.925     	98 91.378     	94 91.832     	69 91.431     	74 90.327     	53 90.786     	41 90.912     	11 91.936     	22 91.912     	21 91.925     	20 91.608     	81 92.452     	14 92.859     	80 91.367     	35 91.866     	26 91.941     	 3 92.059     	30 90.890     	82 92.985     	 2 94.341     	
Lap 44	47 90.463     	29 90.849     	42 91.594     	19 91.539     	31 90.055     	98 92.050     	94 91.416     	69 91.512     	74 90.370     	53 90.597     	41 90.840     	11 91.939     	22 92.072     	21 91.363     	20 91.935     	81 92.972     	14 92.554     	80 93.241     	35 91.423     	30 90.023     	26 92.561     	 3 93.541     	82 92.920     	 2 94.450     	
Lap 45	47 90.361     	29 90.637     	42 91.770     	19 92.226     	31 90.917     	98 91.990     	94 91.863     	74 91.341     	69 92.494     	53 91.164     	41 90.766     	11 91.970     	22 92.507     	21 92.341     	20 91.684     	81 92.172     	80 92.149     	14 93.620     	35 92.235     	30 91.548     	26 93.466     	 3 92.318     	82 93.198     	 2 94.585     	
Lap 46	47 90.772     	29 91.324     	42 91.152     	19 92.506     	31 90.802     	94 91.516     	98 92.220     	74 91.961     	53 91.587     	69 93.635     	41 91.565     	11 91.637     	22 91.382     	21 91.569     	20 92.310     	81 92.068     	80 92.079     	35 91.807     	30 90.828     	 3 93.060     	82 92.867     	14 110.812 PIT	26 110.616 PIT	 2 94.300     	
Lap 47	47 90.321     	42 90.571     	19 92.028     	31 92.374     	29 110.284 PIT	74 91.372     	94 92.545     	98 92.420     	53 91.802     	41 91.259     	11 91.909     	69 110.387 PIT	21 91.610     	20 92.407     	22 111.118 PIT	81 91.900     	80 91.979     	35 91.793     	30 90.935     	 3 92.434     	14 91.382     	26 91.697     	82 109.646 PIT	 2 113.884 PIT	
Lap 48	47 90.695     	42 90.434     	19 91.111     	31 90.283     	29 90.210     	74 92.520     	69 89.943     	94 111.371 PIT	53 109.301 PIT	98 111.563 PIT	41 111.367 PIT	11 109.421 PIT	22 90.604     	20 92.556     	21 110.953 PIT	81 91.593     	80 91.592     	30 91.420     	35 93.172     	 3 92.772     	14 90.550     	26 91.127     	82 92.546     	 2 93.310     	
Lap 49	47 90.761     	42 90.663     	31 92.359     	29 90.196     	19 111.405 PIT	69 90.598     	53 91.105     	74 110.851 PIT	98 91.272     	94 92.594     	41 90.194     	11 90.059     	22 91.349     	20 93.749     	21 90.808     	81 91.998     	80 91.930     	30 90.949     	35 92.976     	14 90.546     	26 91.000     	 3 112.233 PIT	82 92.482     	 2 93.557     	
Lap 50	47 91.068     	31 91.027     	29 90.004     	42 109.523 PIT	19 89.993     	69 90.181     	53 91.010     	74 91.041     	98 90.806     	94 91.206     	41 90.925     	11 89.650     	22 90.089     	21 91.027     	81 92.380     	80 92.460     	30 91.704     	20 111.598 PIT	14 91.539     	35 110.256 PIT	26 91.543     	 3 92.054     	82 92.298     	 2 93.646     	
Lap 51	47 91.075     	31 90.849     	29 89.973     	42 90.160     	19 89.458     	69 90.443     	53 90.506     	74 90.463     	98 91.213     	94 90.616     	41 90.834     	11 89.781     	22 90.290     	21 90.986     	30 91.682     	80 93.019     	20 90.947     	14 91.258     	81 109.301 PIT	35 92.473     	26 92.572     	 3 92.087     	82 92.147     	 2 93.715     	
Lap 52	47 109.402 PIT	29 90.241     	42 89.184     	19 89.599     	31 111.301 PIT	69 90.315     	53 90.402     	74 90.575     	94 90.671     	98 91.173     	41 91.010     	11 89.680     	22 90.297     	21 90.512     	30 91.495     	80 91.817     	20 90.535     	14 91.048     	81 90.878     	35 91.856     	26 92.302     	 3 92.088     	82 91.845     	 2 93.670     	
Lap 53	47 90.114     	29 89.565     	42 89.490     	19 89.627     	31 90.307     	69 90.435     	53 90.516     	74 90.710     	94 90.388     	41 89.720     	98 92.072     	11 89.669     	22 90.719     	21 90.936     	30 90.996     	20 91.023     	14 91.215     	81 90.734     	80 108.779 PIT	35 92.086     	26 92.687     	 3 92.093     	82 92.448     	 2 93.685     	
Lap 54	47 90.046     	29 90.062     	42 89.258     	19 90.272     	31 89.719     	69 89.741     	53 90.673     	74 90.842     	94 90.394     	41 91.017     	98 89.953     	11 90.570     	22 91.202     	21 90.832     	30 91.860     	20 91.316     	14 92.398     	81 91.732     	80 91.593     	35 91.119     	26 90.869     	 3 91.979     	82 91.870     	 2 93.258     	
Lap 55	47 89.151     	29 90.435     	42 90.024     	19 89.966     	31 89.465     	69 90.164     	53 90.619     	74 91.164     	94 90.830     	41 90.770     	98 91.206     	11 90.018     	22 91.223     	21 91.309     	30 91.795     	20 91.294     	81 91.576     	14 92.425     	80 90.848     	35 91.169     	26 91.529     	 3 92.155     	82 92.236     	 2 94.025     	
Lap 56	47 90.002     	29 90.255     	42 89.872     	19 89.674     	31 89.354     	69 90.428     	53 89.966     	74 90.656     	94 91.376     	41 90.770     	98 90.999     	11 89.975     	22 90.398     	21 90.750     	30 91.995     	20 90.952     	81 91.605     	14 92.286     	80 90.632     	35 90.617     	26 91.762     	 3 91.560     	82 92.785     	 2 94.015     	
Lap 57	47 89.638     	29 90.254     	42 89.755     	19 90.266     	31 89.486     	69 90.360     	53 89.947     	74 89.940     	94 91.459     	41 91.319     	98 91.648     	11 90.272     	22 90.452     	21 91.175     	30 91.523     	20 90.955     	81 90.616     	80 91.172     	14 92.639     	35 91.274     	26 91.636     	 3 91.902     	82 92.667     	 2 93.802     	
Lap 58	47 89.531     	29 89.707     	42 90.144     	19 89.709     	31 89.612     	69 90.471     	53 89.840     	74 90.310     	94 91.376     	98 90.018     	41 91.697     	11 90.023     	22 91.333     	21 91.124     	30 92.063     	20 90.994     	81 91.218     	80 91.470     	14 91.940     	35 91.524     	26 91.938     	 3 92.122     	82 92.639     	 2 93.767     	
Lap 59	47 89.528     	29 90.359     	42 90.039     	19 90.256     	31 89.522     	69 90.760     	53 90.657     	74 90.665     	98 91.113     	94 91.244     	41 91.093     	11 90.844     	22 91.247     	21 91.450     	30 92.934     	20 92.646     	81 91.572     	80 91.046     	14 91.846     	35 91.184     	26 91.243     	 3 91.740     	82 92.929     	 2 94.202     	
Lap 60	47 89.954     	29 90.264     	42 89.838     	19 90.191     	31 89.841     	69 90.133     	53 90.147     	74 89.864     	94 90.797     	98 91.453     	41 91.093     	11 90.493     	22 91.001     	21 91.453     	30 92.412     	20 92.369     	81 91.637     	80 90.835     	14 91.703     	35 91.580     	26 91.833     	 3 92.486     	82 92.784     	 2 93.619     	
Lap 61	47 90.135     	29 90.643     	42 90.330     	19 90.548     	31 89.620     	69 90.608     	53 90.066     	74 90.766     	94 91.495     	98 91.202     	11 90.760     	41 91.879     	22 90.752     	21 91.733     	30 93.206     	20 92.977     	81 91.709     	80 90.825     	14 91.546     	35 91.252     	26 91.944     	 3 92.391     	82 92.081     	 2 94.337     	
Lap 62	47 89.770     	29 90.601     	42 89.873     	19 89.924     	31 90.277     	69 90.637     	53 90.612     	74 89.969     	94 90.986     	98 91.606     	11 91.499     	41 91.680     	22 91.523     	21 91.862     	20 92.374     	30 93.285     	81 92.164     	80 91.536     	14 91.369     	35 91.768     	26 91.587     	 3 92.462     	82 92.628     	 2 94.419     	
Lap 63	47 89.523     	29 90.769     	42 89.605     	19 90.469     	31 89.445     	69 90.385     	53 90.603     	74 90.449     	94 91.209     	98 91.064     	11 91.883     	41 91.898     	22 90.953     	21 91.813     	20 92.278     	30 93.162     	80 91.153     	81 91.817     	14 91.398     	35 90.960     	26 91.822     	 3 92.518     	82 92.799     	 2 94.527     	
Lap 64	47 89.569     	29 90.102     	42 90.525     	19 90.424     	31 89.705     	69 90.594     	53 90.969     	74 90.582     	94 91.255     	98 91.798     	41 91.383     	11 91.745     	22 91.568     	21 91.877     	20 91.717     	30 92.024     	80 92.226     	81 92.181     	14 91.574     	35 91.778     	26 92.036     	 3 92.315     	82 92.929     	 2 94.661     	
Lap 65	47 90.501     	29 90.113     	42 90.126     	19 90.919     	31 91.691     	69 90.859     	53 90.487     	74 90.430     	94 90.080     	98 90.936     	41 91.998     	11 91.953     	22 91.367     	21 91.864     	20 91.448     	30 92.684     	80 92.273     	81 92.778     	14 92.419     	35 91.727     	26 91.616     	 3 92.793     	82 92.429     	 2 94.367     	

-- OFFICIAL RESULTS --
Pos	#No	Driver						Team					Time		Diff		Pits	Best
01	#47	PAV	ketila léqa pavúteka	Team Solea Racing		1:38:28.260	-0.000		2		89.151
02	#29	ALU	Sago Aludetsei			Dotruga Formula Racing	1:38:40.244	-11.985		2		89.447
03	#42	OOS	Frank Oosterhout		Cows Go Moo Racing		1:38:46.121	-17.861		2		89.184
04	#19	ZAI	khélok atep zailunaɰ	Team Solea Racing		1:38:54.661	-26.401		2		89.427
05	#31	ŠAŊ	xap'ít celentir šaŋév	Team Solea Racing		1:38:55.905	-27.645		2		89.354
06	#69	SAN	Marisa Sanchez			Cows Go Moo Racing		1:39:12.617	-44.357		2		89.741
07	#53	TÀC	Ešuro Tàcràɰë			Team Diigikwk Racers	1:39:14.208	-45.948		2		89.629
08	#74	KON	Bařàsiz Konoca			Team Diigikwk Racers	1:39:15.978	-47.718		2		89.864
09	#94	NES	At'ipi Nesbeksë			Team Diigikwk Racers	1:39:24.038	-55.778		2		89.920
10	#98	MOT	Gorga Motxev			Dotruga Formula Racing	1:39:26.266	-58.006		2		89.470
11	#41	CAN	Olga Candy				Cows Go Moo Racing		1:39:28.544	-60.284		2		89.720
12	#11	KEG	Tuto Keget				Dotruga Formula Racing	1:39:28.551	-60.291		2		89.650
13	#22	PHI	Philipe					Team Vincent			1:39:36.614	-68.354		2		90.089
14	#21	ORS	Orson					Team Vincent			1:39:54.325	-86.065		2		90.512
15	#20	MAC	Mac						Team Vincent			1:40:10.716	-102.456	2		90.535
16	#30	WIS	Josh Wise				BONGATAR				1:40:13.669	-105.409	2		90.023
17	#80	AYA	Ifloenne é Aya			Team V.V. Imperial		1:40:19.448	-111.188	3		90.074
18	#81	KÆR	Lyǽs Kæræsekæræn		Team V.V. Imperial		1:40:20.493	-112.233	2		90.616
19	#14	HÚC	Daseno Húctu			Team Vikasani			1:40:22.661	-114.401	2		90.546
20	#35	AKA	Asaúni Akaleta			Team Vikasani			1:40:24.775	-116.516	2		90.617
21	#26	ILI	Rikvisi Iliria			Team Vikasani			1:40:30.090	-121.831	2		90.869
22	# 3	BOB	Bob						BONGATAR				1:40:43.675	-135.415	2		91.383
23	#82	SAN	Nukki Savra Sanda		Team V.V. Imperial		1:40:54.536	-146.276	2		91.606
24	# 2	HID	Body Hide				BONGATAR				1:42:27.723	-239.463	2		93.232

-- RACE INCIDENT REPORT --
Orson made a mistake while attempting an overtake on lap 3.
Ifloenne é Aya made a mistake while attempting an overtake on lap 7.
Asaúni Akaleta made a mistake while attempting an overtake on lap 11.
Ešuro Tàcràɰë made a mistake while attempting an overtake on lap 25.
Ifloenne é Aya made a pit stop to repair damage caused by a large incident while attempting an overtake on lap 29.
Josh Wise made a pit stop to repair damage caused by a large incident while attempting an overtake on lap 42.
Ifloenne é Aya made a mistake while attempting an overtake on lap 44.
Marisa Sanchez made a mistake while attempting an overtake on lap 46.
Olga Candy made a mistake on lap 48.
At'ipi Nesbeksë made a mistake while attempting an overtake on lap 49.
Gorga Motxev made a mistake while attempting an overtake on lap 53.
