-- LAP TIMES --
Lap 0	19 0.000     	80 0.000     	29 0.100     	30 0.100     	31 0.200     	94 0.200     	98 0.300     	81 0.300     	42 0.400     	74 0.400     	47 0.500     	69 0.500     	11 0.600     	41 0.600     	 3 0.700     	53 0.700     	35 0.800     	14 0.800     	 2 0.900     	82 0.900     	26 1.000     	
Lap 1	30 87.205     	29 87.459     	31 87.451     	80 87.943     	94 87.748     	19 88.013     	47 87.565     	98 87.954     	42 87.960     	41 87.808     	81 88.271     	74 88.280     	 3 88.182     	11 88.326     	69 88.433     	53 88.348     	82 88.443     	14 88.653     	35 89.149     	26 89.019     	 2 89.148     	
Lap 2	80 87.117     	29 87.529     	30 87.967     	98 87.549     	94 87.896     	47 87.873     	31 88.344     	19 88.215     	42 88.062     	11 87.696     	41 88.271     	81 88.151     	74 88.214     	53 88.224     	 3 88.391     	69 88.407     	82 88.295     	14 89.055     	 2 88.468     	26 89.066     	35 89.575     	
Lap 3	80 87.148     	30 87.380     	29 88.002     	94 87.514     	47 87.592     	98 88.092     	31 88.034     	42 87.892     	19 88.104     	41 87.841     	11 87.999     	81 87.964     	74 87.915     	53 87.804     	69 88.238     	 3 88.556     	82 88.235     	 2 88.879     	14 89.523     	26 89.039     	35 89.479     	
Lap 4	80 87.638     	30 87.433     	29 87.650     	94 88.176     	47 88.053     	42 87.519     	31 88.078     	19 87.789     	98 88.267     	11 88.173     	53 87.788     	81 88.207     	41 88.401     	74 88.275     	 3 88.151     	69 88.629     	82 88.974     	 2 89.390     	14 89.171     	26 89.292     	35 88.918     	
Lap 5	80 87.661     	30 87.613     	29 87.240     	94 87.678     	42 87.425     	47 87.995     	31 87.589     	19 87.668     	98 87.712     	11 87.988     	41 87.888     	74 88.062     	81 88.308     	53 88.606     	 3 88.157     	69 88.610     	82 90.099     	 2 88.673     	26 89.043     	14 89.619     	35 89.499     	
Lap 6	29 87.461     	30 87.784     	80 88.072     	94 87.568     	42 88.109     	19 87.696     	98 87.784     	31 88.043     	47 88.250     	41 87.885     	81 87.517     	11 88.128     	74 88.346     	53 88.667     	69 87.773     	 3 89.064     	82 88.438     	 2 88.465     	14 89.051     	26 89.561     	35 88.853     	
Lap 7	80 87.775     	29 87.999     	30 87.970     	94 87.680     	42 87.645     	98 87.539     	31 87.788     	19 88.087     	47 88.259     	81 87.686     	11 87.777     	41 88.167     	74 88.470     	53 88.231     	69 88.006     	 3 88.788     	82 88.645     	 2 88.653     	35 88.890     	14 89.386     	26 89.633     	
Lap 8	30 87.365     	29 87.487     	80 88.223     	42 87.420     	94 88.120     	31 87.642     	19 87.619     	98 88.233     	47 87.570     	81 88.083     	11 87.848     	41 88.227     	53 87.940     	74 88.426     	69 88.599     	 3 87.592     	82 88.639     	 2 88.512     	14 89.094     	35 89.697     	26 89.660     	
Lap 9	29 87.815     	30 88.346     	80 88.310     	42 87.612     	94 87.634     	47 87.506     	98 87.823     	31 88.407     	19 88.390     	81 88.055     	11 88.538     	41 88.592     	74 88.049     	53 88.130     	69 88.344     	 3 89.413     	82 88.709     	 2 88.692     	35 89.283     	14 89.806     	26 89.679     	
Lap 10	29 88.232     	30 88.303     	80 88.087     	42 88.025     	98 88.003     	47 88.275     	31 87.875     	94 89.317     	19 88.616     	81 88.341     	11 88.086     	41 88.462     	74 87.946     	69 87.950     	53 89.441     	 3 88.094     	 2 87.873     	82 88.616     	14 89.013     	35 89.942     	26 90.000     	
Lap 11	29 87.625     	30 87.680     	42 87.884     	80 88.291     	98 87.854     	94 87.739     	31 88.164     	47 88.346     	19 87.989     	81 88.522     	11 88.813     	74 88.172     	41 88.648     	69 88.887     	 3 88.031     	53 89.729     	 2 89.306     	82 90.197     	14 89.521     	35 89.062     	26 89.359     	
Lap 12	29 88.425     	30 87.956     	42 87.889     	80 87.996     	94 87.870     	98 88.225     	19 87.669     	47 88.252     	31 88.456     	81 88.553     	11 88.248     	74 88.053     	41 88.371     	69 88.201     	53 88.138     	 3 89.032     	 2 88.504     	82 87.995     	14 89.582     	35 90.078     	26 89.468     	
Lap 13	29 88.199     	30 88.541     	42 87.886     	80 88.826     	94 88.099     	31 87.636     	98 88.377     	19 88.297     	47 88.250     	81 88.230     	11 88.175     	74 88.630     	69 87.482     	41 89.088     	53 88.611     	 3 89.596     	 2 89.538     	82 89.904     	14 89.780     	35 89.116     	26 90.159     	
Lap 14	29 88.392     	42 88.047     	30 88.292     	80 87.980     	94 87.912     	31 88.295     	47 87.814     	98 88.512     	19 88.180     	81 88.438     	11 88.402     	74 88.158     	41 88.411     	69 88.683     	53 87.844     	 3 88.631     	 2 88.860     	82 88.521     	14 89.444     	35 90.066     	26 89.340     	
Lap 15	30 87.244     	42 87.951     	29 88.302     	80 88.455     	94 88.649     	47 88.015     	31 88.378     	98 88.361     	19 89.111     	11 88.418     	81 88.676     	74 88.360     	41 88.439     	69 88.944     	53 88.079     	 3 87.912     	 2 89.132     	82 90.211     	14 89.706     	35 89.646     	26 89.508     	
Lap 16	30 88.404     	29 87.885     	42 88.541     	94 88.285     	47 87.985     	31 88.020     	98 88.054     	80 89.221     	19 88.607     	74 87.637     	81 88.457     	11 88.675     	41 88.717     	69 88.860     	53 89.470     	 3 88.451     	 2 89.050     	82 88.116     	14 89.561     	35 89.381     	26 89.656     	
Lap 17	30 88.369     	29 88.420     	42 88.152     	47 88.602     	94 88.653     	98 88.210     	80 88.460     	31 88.906     	19 87.968     	74 88.389     	81 88.734     	11 88.709     	41 88.727     	69 88.922     	53 88.477     	 3 89.950     	 2 89.908     	82 90.375     	14 89.860     	35 89.723     	26 89.652     	
Lap 18	29 87.976     	30 88.915     	42 88.589     	94 88.346     	47 88.414     	80 87.932     	98 88.453     	31 88.909     	19 88.468     	74 89.187     	11 88.835     	81 88.989     	41 89.175     	69 89.265     	53 89.969     	 3 88.047     	 2 88.301     	82 89.056     	14 89.833     	35 89.661     	26 90.057     	
Lap 19	29 88.303     	30 88.631     	42 88.963     	80 88.042     	47 88.334     	98 88.343     	94 88.867     	31 88.485     	19 88.645     	74 88.409     	81 88.844     	11 89.149     	41 88.180     	69 87.926     	53 88.686     	 3 89.648     	 2 89.293     	82 88.691     	14 89.957     	35 90.169     	26 89.921     	
Lap 20	29 88.457     	30 88.718     	42 88.547     	80 88.404     	47 88.407     	98 88.957     	94 88.701     	31 88.830     	19 88.469     	74 89.293     	81 88.628     	11 88.874     	41 88.857     	69 89.574     	53 87.930     	 3 89.066     	 2 88.705     	82 88.896     	14 89.956     	35 90.182     	26 90.184     	
Lap 21	29 88.176     	30 88.746     	42 88.527     	80 88.285     	47 88.394     	94 88.420     	98 88.962     	19 88.592     	31 89.370     	74 88.609     	11 88.534     	81 89.124     	41 88.741     	69 89.714     	53 90.214     	 3 88.593     	 2 89.210     	82 88.791     	14 90.074     	35 90.934     	26 90.785     	
Lap 22	29 87.483     	30 88.647     	42 88.998     	80 88.900     	47 88.935     	98 88.719     	94 89.325     	19 89.154     	31 89.622     	74 89.601     	11 89.086     	81 89.340     	41 88.191     	69 88.382     	53 88.118     	 3 89.159     	 2 89.473     	82 88.444     	14 89.132     	35 90.579     	26 90.733     	
Lap 23	29 87.956     	30 88.507     	42 88.478     	80 88.643     	47 88.630     	98 89.032     	94 88.949     	31 88.259     	19 89.451     	11 89.158     	74 89.364     	41 88.663     	81 89.539     	69 89.707     	53 90.359     	 3 89.302     	 2 90.587     	82 91.296     	14 89.940     	35 89.366     	26 90.454     	
Lap 24	42 88.958     	80 88.623     	47 88.408     	94 89.036     	98 89.454     	41 89.236     	81 89.487     	69 88.999     	29 106.877 PIT	30 107.748 PIT	 2 90.470     	31 108.019 PIT	19 108.016 PIT	11 107.870 PIT	74 108.833 PIT	53 106.792 PIT	 3 107.025 PIT	35 89.507     	82 109.862 PIT	14 106.742 PIT	26 108.374 PIT	
Lap 25	42 88.875     	47 88.572     	94 89.097     	98 89.411     	41 89.370     	69 89.078     	29 87.311     	30 86.737     	80 107.887 PIT	19 88.281     	31 88.331     	74 87.535     	11 88.775     	81 107.941 PIT	53 87.573     	 3 88.360     	35 89.827     	 2 108.278 PIT	82 88.364     	14 88.886     	26 89.619     	
Lap 26	47 88.505     	94 89.611     	98 90.194     	29 86.846     	69 89.601     	30 87.141     	80 87.501     	42 108.056 PIT	19 87.784     	31 88.765     	74 87.969     	11 88.105     	81 86.791     	41 106.778 PIT	53 87.130     	 3 88.025     	35 89.918     	 2 89.400     	82 90.002     	14 88.143     	26 89.631     	
Lap 27	98 88.205     	29 87.068     	30 86.622     	80 88.013     	42 87.342     	47 106.967 PIT	19 87.447     	31 87.152     	94 107.137 PIT	74 87.609     	81 88.135     	11 88.452     	41 88.500     	53 87.296     	 3 87.516     	69 108.033 PIT	 2 88.436     	82 87.434     	14 88.596     	35 108.401 PIT	26 89.646     	
Lap 28	29 87.032     	30 86.573     	80 87.344     	42 87.278     	47 87.472     	19 88.206     	31 88.320     	94 87.367     	74 86.984     	98 107.147 PIT	81 87.706     	11 87.609     	41 88.448     	53 88.578     	 3 88.126     	69 87.302     	 2 88.425     	82 90.012     	14 88.687     	35 88.093     	26 89.261     	
Lap 29	29 86.652     	30 86.978     	42 87.326     	80 87.903     	47 87.460     	19 87.467     	31 87.720     	94 87.576     	74 88.496     	11 87.688     	98 89.068     	81 87.880     	41 87.769     	53 88.991     	 3 87.792     	69 87.300     	 2 87.973     	82 87.838     	14 87.857     	35 87.779     	26 89.531     	
Lap 30	29 86.499     	30 86.617     	42 87.870     	47 87.180     	80 87.718     	19 87.274     	94 87.813     	31 88.104     	74 87.591     	98 88.134     	81 88.059     	11 88.365     	41 87.177     	53 87.326     	69 87.025     	 3 88.674     	 2 88.169     	82 87.941     	14 88.428     	35 89.717     	26 89.746     	
Lap 31	29 87.378     	30 87.305     	80 86.803     	42 87.424     	47 87.308     	19 86.810     	94 87.792     	31 88.574     	74 87.008     	98 88.212     	11 88.235     	81 88.408     	41 88.713     	53 87.697     	69 88.079     	 3 88.921     	 2 88.035     	82 87.727     	14 88.309     	35 88.536     	26 89.881     	
Lap 32	29 87.244     	30 86.700     	80 88.050     	47 87.793     	42 88.275     	19 87.395     	94 88.343     	31 87.632     	74 87.601     	11 87.782     	81 88.277     	41 87.968     	98 89.690     	53 88.964     	69 87.133     	 3 87.928     	 2 88.578     	82 89.832     	14 88.467     	35 88.644     	26 89.787     	
Lap 33	29 86.987     	30 87.199     	80 87.495     	47 87.484     	42 87.052     	19 87.129     	94 88.128     	31 88.082     	74 87.825     	11 88.165     	81 88.010     	41 88.268     	98 88.570     	53 88.730     	69 88.452     	 3 88.362     	 2 88.309     	82 87.979     	14 88.688     	35 88.355     	26 89.723     	
Lap 34	29 87.379     	30 86.735     	42 86.153     	47 87.445     	80 87.816     	19 87.467     	74 87.678     	94 88.326     	31 88.512     	81 87.877     	11 88.345     	41 88.236     	98 88.549     	53 88.393     	69 88.648     	 3 87.778     	 2 87.847     	82 87.765     	14 88.503     	35 88.244     	26 89.625     	
Lap 35	29 86.720     	30 87.444     	42 86.765     	80 86.236     	47 87.865     	19 87.184     	94 87.991     	74 88.759     	31 88.667     	81 87.823     	11 88.380     	41 87.482     	98 86.942     	53 87.983     	69 88.465     	 3 87.757     	 2 88.485     	82 87.906     	14 88.825     	35 88.081     	26 89.428     	
Lap 36	29 87.369     	30 87.232     	42 87.891     	80 87.573     	47 88.330     	19 87.434     	94 88.166     	74 88.052     	31 89.044     	81 87.803     	11 88.400     	41 88.556     	98 88.726     	53 88.069     	69 88.027     	 3 89.127     	 2 88.109     	82 87.889     	14 88.574     	35 88.642     	26 89.537     	
Lap 37	29 86.776     	30 86.836     	42 87.586     	80 87.262     	19 87.382     	47 88.026     	94 88.610     	74 88.380     	31 87.173     	81 87.297     	11 88.564     	41 88.649     	98 88.108     	53 87.872     	69 87.827     	 3 87.962     	 2 88.775     	82 87.839     	14 89.043     	35 88.770     	26 89.790     	
Lap 38	29 87.621     	30 87.795     	80 87.271     	42 88.391     	19 87.989     	47 87.743     	94 88.146     	74 88.223     	31 88.695     	81 87.317     	11 88.056     	41 88.300     	98 88.758     	53 87.978     	69 87.408     	 3 88.044     	 2 89.672     	82 90.160     	14 88.789     	35 88.621     	26 89.686     	
Lap 39	29 87.599     	30 87.358     	80 87.923     	42 87.493     	47 87.519     	19 88.852     	94 88.405     	74 89.085     	31 88.627     	81 88.453     	11 88.938     	41 88.637     	98 88.587     	53 88.587     	69 88.493     	 3 88.555     	 2 89.318     	82 90.610     	14 88.683     	35 89.163     	26 89.621     	
Lap 40	29 87.272     	30 87.107     	42 87.312     	80 88.210     	47 86.836     	19 87.936     	94 88.149     	81 88.476     	74 88.917     	31 88.922     	41 88.278     	11 88.953     	98 88.596     	53 88.583     	69 88.776     	 3 88.558     	 2 88.619     	82 88.077     	14 89.350     	35 88.641     	26 90.288     	
Lap 41	29 87.024     	30 87.890     	42 88.099     	80 88.177     	47 87.292     	19 87.214     	94 87.032     	81 88.478     	74 88.721     	31 89.160     	11 88.399     	41 89.212     	98 88.360     	53 89.007     	69 88.424     	 3 88.697     	 2 88.999     	82 88.690     	14 89.282     	35 89.201     	26 90.407     	
Lap 42	29 87.223     	30 87.568     	42 88.284     	80 88.447     	47 87.741     	19 87.707     	94 87.302     	81 88.194     	74 89.176     	31 89.551     	11 88.643     	98 88.856     	41 89.003     	69 88.328     	53 89.333     	 3 87.930     	 2 89.110     	82 90.265     	14 88.968     	35 88.562     	26 89.941     	
Lap 43	29 87.311     	30 87.325     	42 87.959     	47 87.794     	80 87.976     	19 87.357     	94 87.131     	81 88.028     	74 87.699     	31 87.538     	11 88.558     	98 88.302     	41 89.286     	69 89.140     	53 89.493     	 3 88.689     	 2 89.197     	82 88.838     	14 89.314     	35 88.623     	26 90.249     	
Lap 44	29 87.429     	30 87.549     	80 86.740     	42 87.996     	47 88.677     	19 88.341     	94 87.549     	81 88.797     	74 88.677     	31 89.291     	98 88.561     	11 89.281     	69 88.489     	41 89.376     	53 89.230     	 3 89.608     	 2 89.295     	82 88.753     	14 89.343     	35 89.063     	26 90.385     	
Lap 45	29 87.737     	30 88.138     	42 87.706     	80 88.378     	47 87.138     	19 88.247     	94 87.971     	81 88.806     	74 88.489     	31 88.420     	98 88.769     	11 89.065     	69 88.801     	41 88.876     	53 89.318     	 3 89.621     	 2 89.158     	82 89.233     	14 89.352     	35 89.365     	26 90.651     	
Lap 46	29 87.388     	30 87.669     	42 88.619     	80 88.599     	47 88.479     	19 88.583     	94 87.725     	74 88.048     	81 89.081     	31 88.413     	98 88.083     	11 89.209     	69 88.619     	41 88.851     	53 87.889     	 3 88.538     	 2 89.386     	82 88.877     	14 89.507     	35 89.410     	26 90.154     	
Lap 47	29 88.163     	30 88.217     	80 88.504     	42 88.809     	47 88.331     	19 87.823     	94 88.241     	74 89.226     	81 88.798     	31 88.644     	98 87.944     	11 88.932     	69 88.782     	41 89.387     	53 90.087     	 3 89.021     	 2 90.027     	82 91.179     	14 89.796     	35 88.886     	26 90.041     	
Lap 48	29 106.817 PIT	47 88.143     	80 88.727     	42 89.051     	30 107.088 PIT	94 87.709     	81 89.775     	98 88.200     	19 106.635 PIT	69 88.756     	11 89.467     	41 88.440     	53 89.247     	74 107.664 PIT	31 106.920 PIT	 2 88.807     	 3 109.534 PIT	14 89.154     	35 89.698     	82 107.866 PIT	26 107.887 PIT	
Lap 49	29 87.653     	47 88.386     	80 88.681     	42 88.755     	30 87.501     	94 87.923     	19 88.368     	98 88.719     	69 89.074     	41 89.064     	11 89.945     	74 88.065     	81 106.865 PIT	31 88.579     	53 107.466 PIT	 3 88.222     	14 90.129     	35 89.353     	 2 108.449 PIT	82 87.813     	26 89.612     	
Lap 50	29 87.323     	80 88.579     	47 89.315     	30 86.396     	94 87.899     	19 87.437     	42 107.108 PIT	98 89.389     	69 88.850     	41 89.429     	74 88.402     	31 87.551     	81 87.939     	11 107.737 PIT	53 87.310     	 3 87.566     	35 89.845     	 2 89.184     	82 89.482     	14 108.222 PIT	26 89.716     	
Lap 51	29 86.603     	30 87.155     	94 87.811     	19 87.416     	42 88.176     	47 107.430 PIT	80 108.404 PIT	98 88.049     	41 88.439     	31 87.937     	74 88.484     	81 88.160     	69 107.549 PIT	11 88.409     	53 89.226     	 3 87.418     	 2 88.481     	82 89.615     	14 88.538     	35 107.044 PIT	26 89.003     	
Lap 52	29 86.591     	30 87.038     	19 86.734     	42 87.906     	47 88.407     	80 87.966     	94 107.281 PIT	41 89.073     	31 88.016     	74 88.482     	81 88.421     	98 107.336 PIT	69 87.397     	11 87.154     	53 88.588     	 3 89.082     	 2 88.441     	82 87.666     	14 88.579     	35 89.041     	26 89.563     	
Lap 53	29 87.146     	30 86.597     	19 87.200     	80 86.410     	42 87.659     	47 88.078     	94 86.781     	41 89.357     	31 88.445     	81 87.853     	74 88.122     	98 86.779     	69 88.580     	11 87.878     	53 88.225     	 3 89.168     	 2 88.074     	82 88.265     	14 88.403     	35 87.834     	26 89.191     	
Lap 54	29 87.049     	30 87.351     	19 86.811     	42 87.230     	47 86.588     	80 88.050     	94 86.743     	31 88.181     	81 87.915     	74 87.779     	98 86.767     	69 87.909     	11 88.424     	53 87.616     	 3 87.604     	41 107.658 PIT	 2 88.348     	82 87.955     	14 88.346     	35 88.545     	26 89.878     	
Lap 55	29 86.621     	30 87.254     	19 87.156     	80 86.602     	42 87.849     	47 87.937     	94 86.924     	74 86.989     	81 88.056     	31 88.519     	98 86.878     	69 88.421     	11 88.377     	53 87.194     	41 87.487     	 3 88.532     	 2 89.307     	82 90.090     	14 88.138     	35 88.093     	26 89.375     	
Lap 56	29 87.084     	30 87.093     	19 87.095     	80 87.421     	42 87.549     	47 87.168     	94 87.430     	74 87.086     	81 88.220     	98 87.884     	31 88.494     	69 88.133     	11 87.896     	53 88.891     	41 88.166     	 3 88.603     	 2 87.808     	82 87.721     	14 88.375     	35 88.019     	26 89.214     	
Lap 57	29 87.100     	30 87.427     	19 87.541     	80 87.281     	42 87.578     	47 87.643     	94 87.297     	74 86.944     	81 87.881     	98 88.110     	31 88.729     	69 88.208     	11 88.226     	53 87.458     	41 87.388     	 3 88.035     	 2 87.937     	82 88.433     	14 88.185     	35 87.917     	26 89.548     	
Lap 58	29 87.280     	30 87.462     	19 87.230     	80 87.495     	47 87.369     	42 88.301     	94 87.103     	74 87.146     	81 88.189     	98 88.334     	31 88.629     	69 88.844     	11 88.897     	53 87.814     	41 87.566     	 3 88.005     	 2 87.961     	82 87.757     	14 88.044     	35 88.645     	26 89.128     	
Lap 59	29 87.239     	30 87.066     	19 87.821     	80 87.386     	42 86.917     	47 87.685     	94 86.739     	74 87.404     	81 88.481     	31 87.071     	98 88.360     	69 87.986     	11 88.043     	41 87.909     	53 89.276     	 3 88.470     	 2 88.085     	82 88.633     	14 88.327     	35 88.206     	26 90.063     	
Lap 60	29 86.761     	30 87.045     	19 86.972     	80 87.284     	42 87.936     	47 87.892     	94 87.034     	74 87.605     	81 88.233     	98 87.895     	31 88.762     	69 88.926     	11 89.004     	41 87.925     	53 89.180     	 3 88.505     	 2 87.947     	82 87.814     	14 88.598     	35 88.889     	26 89.247     	
Lap 61	29 87.379     	30 87.019     	19 87.075     	80 87.514     	94 86.921     	42 88.050     	47 88.317     	74 87.549     	81 88.084     	98 87.861     	31 88.500     	69 88.836     	41 88.325     	53 87.154     	11 88.808     	 3 88.370     	 2 88.645     	82 88.113     	14 88.894     	35 88.674     	26 89.375     	
Lap 62	29 86.829     	30 86.944     	19 87.941     	80 87.508     	42 87.861     	94 88.497     	47 87.701     	74 87.765     	98 88.429     	81 88.682     	31 87.224     	53 88.133     	69 88.861     	11 88.446     	41 88.884     	 3 88.467     	 2 88.490     	82 88.476     	14 88.379     	35 89.104     	26 90.138     	
Lap 63	29 87.803     	30 86.945     	19 87.665     	80 87.630     	47 87.315     	42 87.889     	94 88.314     	74 87.792     	98 88.523     	31 88.775     	81 89.486     	69 88.287     	11 88.309     	53 89.007     	41 88.875     	 3 88.080     	 2 88.224     	82 88.600     	14 88.790     	35 88.656     	26 89.551     	
Lap 64	29 87.072     	30 87.360     	19 87.835     	80 87.647     	47 87.653     	42 87.886     	94 88.045     	74 88.023     	98 88.006     	31 88.787     	81 88.153     	53 88.187     	11 88.423     	69 88.937     	41 88.242     	 3 88.257     	 2 88.968     	82 88.665     	14 89.210     	35 88.412     	26 89.519     	
Lap 65	29 87.528     	30 87.544     	19 87.918     	80 87.183     	42 87.800     	47 88.397     	94 87.579     	74 88.333     	98 87.167     	31 88.296     	81 88.314     	53 88.792     	11 88.790     	69 88.596     	41 88.989     	 3 88.361     	 2 88.831     	82 88.732     	14 89.041     	35 88.375     	26 89.666     	
Lap 66	29 87.317     	30 87.288     	19 87.320     	80 87.316     	47 87.863     	42 88.552     	74 87.799     	94 106.231 PIT	98 87.653     	31 88.767     	81 88.800     	11 88.248     	53 89.079     	41 88.351     	69 89.149     	 3 88.369     	 2 89.005     	82 88.242     	14 88.431     	35 89.100     	26 90.366     	
Lap 67	29 87.900     	30 87.372     	19 87.917     	80 87.638     	42 87.088     	47 88.509     	74 87.975     	94 87.406     	98 87.947     	81 88.173     	31 88.773     	11 88.227     	41 88.386     	53 89.252     	69 89.275     	 3 88.637     	 2 89.367     	82 90.416     	14 88.955     	35 88.639     	26 90.616     	
Lap 68	29 87.260     	30 88.076     	19 88.136     	80 87.681     	47 87.866     	42 88.699     	74 87.978     	94 86.784     	98 87.847     	81 88.434     	31 89.074     	11 88.417     	41 88.926     	53 88.886     	69 89.355     	 3 89.535     	 2 88.771     	82 88.397     	14 88.785     	35 88.722     	26 89.892     	

-- OFFICIAL RESULTS --
Pos	#No	Driver						Team					Time		Diff		Pits	Best
01	#29	ALU	Sago Aludetsei			Dotruga Formula Racing	1:39:45.833	-0.000		2		86.499
02	#30	WIS	Josh Wise				BONGATAR				1:39:51.620	-5.787		2		86.396
03	#19	ZAI	khélok atep zailunaɰ	Team Solea Racing		1:40:12.344	-26.511		2		86.734
04	#80	AYA	Ifloenne é Aya			Team V.V. Imperial		1:40:14.259	-28.426		2		86.236
05	#47	PAV	ketila léqa pavúteka	Team Solea Racing		1:40:19.839	-34.006		2		86.588
06	#42	OOS	Frank Oosterhout		Cows Go Moo Racing		1:40:19.875	-34.042		2		86.153
07	#74	KON	Bařàsiz Konoca			Team Diigikwk Racers	1:40:34.211	-48.378		2		86.944
08	#94	NES	At'ipi Nesbeksë			Team Diigikwk Racers	1:40:36.442	-50.609		3		86.739
09	#98	MOT	Gorga Motxev			Dotruga Formula Racing	1:40:40.674	-54.841		2		86.767
10	#81	KÆR	Lyǽs Kæræsekæræn		Team V.V. Imperial		1:40:44.996	-59.163		2		86.791
11	#31	ŠAŊ	xap'ít celentir šaŋév	Team Solea Racing		1:40:46.164	-60.331		2		87.071
12	#11	KEG	Tuto Keget				Dotruga Formula Racing	1:40:54.129	-68.296		2		87.154
13	#41	CAN	Olga Candy				Cows Go Moo Racing		1:40:55.587	-69.755		2		87.177
14	#53	TÀC	Ešuro Tàcràɰë			Team Diigikwk Racers	1:40:56.384	-70.551		2		87.130
15	#69	SAN	Marisa Sanchez			Cows Go Moo Racing		1:40:57.197	-71.364		2		87.025
16	# 3	BOB	Bob						BONGATAR				1:40:57.938	-72.106		2		87.418
17	# 2	HID	Body Hide				BONGATAR				1:41:18.719	-92.886		2		87.808
18	#82	SAN	Nukki Savra Sanda		Team V.V. Imperial		1:41:20.308	-94.475		2		87.434
19	#14	HÚC	Daseno Húctu			Team Vikasani			1:41:31.171	-105.338	2		87.857
20	#35	AKA	Asaúni Akaleta			Team Vikasani			1:41:34.911	-109.078	2		87.779
21	#26	ILI	Rikvisi Iliria			Team Vikasani			1:42:19.818	-153.985	2		89.003

-- RACE INCIDENT REPORT --
At'ipi Nesbeksë made a mistake while attempting an overtake on lap 10.
Ifloenne é Aya made a mistake while attempting an overtake on lap 13.
Ifloenne é Aya made a mistake while attempting an overtake on lap 16.
Asaúni Akaleta made a mistake on lap 30.
Gorga Motxev made a mistake while attempting an overtake on lap 32.
Lyǽs Kæræsekæræn made a mistake while attempting an overtake on lap 63.
At'ipi Nesbeksë made a pit stop to repair damage caused by a large incident while attempting an overtake on lap 66.
