-- LAP TIMES --
Lap 0	47 0.000     	42 0.000     	31 0.100     	30 0.100     	80 0.200     	94 0.200     	19 0.300     	29 0.300     	98 0.400     	74 0.400     	11 0.500     	81 0.500     	69 0.600     	 3 0.600     	41 0.700     	53 0.700     	 2 0.800     	82 0.800     	35 0.900     	14 0.900     	26 1.000     	
Lap 1	47 76.823     	31 77.038     	19 77.080     	29 77.362     	80 77.524     	42 77.771     	30 77.916     	94 77.912     	11 77.635     	81 77.651     	74 77.773     	41 77.487     	98 78.071     	69 77.896     	 3 78.007     	53 78.242     	 2 78.816     	82 79.131     	14 79.089     	35 79.308     	26 79.214     	
Lap 2	47 76.902     	19 77.371     	31 77.654     	29 77.308     	30 77.088     	80 77.575     	94 77.343     	81 77.514     	42 77.935     	41 77.552     	98 77.519     	74 78.085     	69 77.882     	11 78.271     	53 77.654     	 3 78.207     	 2 78.945     	82 79.105     	26 79.121     	14 79.646     	35 81.755     	
Lap 3	47 76.651     	19 77.491     	29 77.422     	80 77.355     	31 77.888     	30 77.714     	81 77.355     	94 77.713     	98 77.535     	42 77.895     	41 77.961     	69 77.632     	11 77.645     	74 77.973     	53 77.867     	 3 78.221     	 2 78.461     	82 78.830     	26 80.034     	14 80.005     	35 79.284     	
Lap 4	47 76.724     	19 77.335     	29 77.488     	31 77.701     	30 77.809     	80 77.978     	94 77.612     	81 78.188     	42 77.733     	41 77.692     	98 77.997     	11 77.644     	53 77.659     	69 78.411     	74 78.221     	 3 78.375     	 2 79.170     	82 80.059     	26 79.694     	14 79.849     	35 79.920     	
Lap 5	47 76.939     	19 77.381     	29 77.353     	31 77.509     	94 77.729     	80 77.915     	42 77.311     	30 78.052     	98 77.549     	81 78.243     	41 78.181     	53 77.696     	11 78.161     	74 77.461     	69 77.702     	 3 79.105     	 2 78.104     	82 77.707     	26 79.206     	14 79.794     	35 79.818     	
Lap 6	47 76.434     	19 77.570     	29 77.794     	31 77.231     	80 77.366     	42 77.484     	30 77.475     	94 77.857     	98 77.575     	81 77.960     	11 77.809     	53 77.985     	74 78.098     	41 78.542     	69 78.146     	 3 77.398     	 2 78.631     	82 77.907     	26 78.456     	14 78.983     	35 79.982     	
Lap 7	47 76.909     	19 77.786     	31 77.203     	29 77.507     	80 77.624     	30 77.490     	42 77.644     	98 77.675     	94 78.184     	11 78.065     	81 78.340     	74 77.741     	53 78.351     	41 78.464     	69 78.531     	 3 77.571     	 2 78.972     	82 80.212     	26 79.284     	14 79.168     	35 79.146     	
Lap 8	47 76.999     	29 77.272     	31 77.655     	19 77.978     	80 77.653     	30 77.624     	42 77.886     	94 77.634     	98 78.236     	74 77.587     	53 77.685     	81 78.264     	11 78.582     	41 77.917     	69 78.016     	 3 78.547     	 2 77.815     	82 78.605     	26 79.288     	14 78.665     	35 79.789     	
Lap 9	47 77.037     	29 77.293     	31 77.666     	19 78.008     	30 77.978     	80 78.088     	42 78.090     	94 77.656     	98 78.112     	74 77.755     	53 77.747     	81 77.736     	11 77.780     	69 77.798     	41 78.447     	 3 77.408     	 2 78.442     	82 78.018     	26 79.887     	14 79.581     	35 80.469     	
Lap 10	47 76.517     	29 77.881     	31 78.075     	19 77.963     	30 77.407     	80 77.574     	42 78.170     	94 78.231     	98 77.535     	74 77.995     	81 77.645     	53 78.091     	69 77.989     	11 78.514     	41 78.245     	 3 78.792     	 2 77.863     	82 78.269     	26 80.127     	14 80.451     	35 80.006     	
Lap 11	47 77.046     	29 77.910     	31 78.049     	19 78.079     	80 77.649     	30 77.951     	42 77.955     	98 78.000     	94 78.207     	74 78.238     	81 77.799     	53 77.681     	69 77.820     	41 78.724     	11 78.520     	 3 77.420     	 2 78.093     	82 78.347     	26 79.608     	14 80.335     	
Lap 12	47 76.395     	29 77.693     	31 77.785     	80 77.656     	30 77.587     	19 78.396     	42 77.371     	98 78.154     	94 78.207     	74 78.497     	69 77.998     	53 79.602     	11 77.959     	41 77.588     	 3 78.438     	 2 78.469     	82 78.004     	26 79.084     	14 79.067     	35 79.851     	
Lap 13	47 77.224     	29 77.977     	31 77.431     	30 78.098     	80 78.135     	42 77.301     	19 78.119     	94 77.682     	98 78.268     	74 78.728     	53 78.012     	11 77.955     	69 78.785     	41 78.360     	 3 78.981     	 2 78.612     	82 78.522     	26 78.893     	14 78.780     	35 80.037     	
Lap 14	47 76.982     	29 77.644     	31 78.572     	30 77.971     	42 77.996     	19 77.708     	80 78.432     	94 77.864     	98 78.709     	69 77.991     	74 78.678     	11 78.334     	53 78.447     	41 77.966     	 3 77.421     	 2 78.693     	82 78.403     	26 79.514     	14 78.963     	35 79.653     	
Lap 15	47 77.296     	29 77.112     	30 77.564     	31 78.336     	42 77.718     	80 77.618     	19 78.193     	94 77.573     	98 76.958     	69 78.040     	74 78.096     	11 77.991     	53 78.047     	41 78.546     	 3 78.958     	 2 78.458     	82 78.703     	26 80.249     	14 80.571     	35 79.883     	
Lap 16	47 76.582     	29 76.567     	30 77.587     	31 77.780     	80 77.687     	42 78.022     	19 77.922     	94 77.930     	98 78.394     	74 78.230     	53 78.141     	69 78.550     	11 78.695     	41 78.244     	 3 78.289     	 2 78.876     	82 78.442     	26 79.430     	14 78.835     	35 79.819     	
Lap 17	47 76.906     	29 77.206     	30 77.511     	31 77.467     	80 78.046     	42 78.127     	19 78.346     	94 78.281     	98 77.847     	74 78.366     	53 78.727     	69 78.559     	41 78.133     	11 78.775     	 3 77.444     	 2 78.553     	82 78.396     	26 80.597     	14 80.704     	35 79.704     	
Lap 18	47 77.143     	29 76.901     	31 77.569     	30 78.359     	80 78.100     	42 78.099     	19 78.611     	94 78.625     	98 78.517     	74 78.116     	53 78.163     	41 78.218     	11 78.428     	69 79.003     	 3 79.021     	 2 78.886     	82 78.470     	26 80.400     	14 80.627     	35 80.277     	
Lap 19	47 76.901     	29 76.955     	30 77.858     	31 78.456     	80 77.919     	42 77.975     	19 78.472     	94 78.192     	98 78.231     	74 78.663     	53 78.906     	11 78.607     	41 79.124     	69 79.020     	 3 78.716     	 2 78.623     	82 78.769     	26 80.235     	14 80.337     	35 80.122     	
Lap 20	47 77.652     	29 76.992     	31 77.794     	30 78.164     	42 77.511     	80 78.723     	19 78.295     	94 77.971     	98 78.725     	74 78.766     	11 78.174     	53 78.673     	41 78.425     	69 78.449     	 3 79.385     	 2 78.456     	82 78.753     	26 79.533     	14 79.734     	35 80.015     	
Lap 21	47 77.222     	29 77.050     	31 78.338     	30 78.161     	42 77.694     	80 78.172     	19 78.205     	94 78.158     	98 77.241     	74 78.223     	53 78.606     	41 78.408     	11 79.161     	69 78.488     	 3 78.047     	 2 79.288     	82 79.211     	26 79.582     	14 79.259     	35 79.833     	
Lap 22	47 77.617     	29 77.538     	31 78.306     	30 78.622     	42 78.659     	80 77.377     	19 78.453     	94 78.300     	98 78.981     	74 79.107     	53 78.942     	41 78.791     	11 78.516     	69 78.441     	 3 78.521     	 2 78.646     	82 79.170     	26 80.679     	14 80.557     	35 79.756     	
Lap 23	47 77.147     	31 78.658     	42 78.331     	29 77.112     	30 77.998     	19 78.821     	80 77.866     	94 78.255     	98 77.781     	53 79.172     	74 79.231     	41 78.553     	11 79.159     	69 79.313     	 3 78.578     	 2 78.641     	82 79.209     	26 80.863     	14 80.189     	
Lap 24	47 77.697     	42 77.764     	31 78.217     	80 78.405     	30 78.659     	94 78.221     	19 78.354     	98 79.253     	74 79.002     	41 78.985     	53 79.145     	69 78.951     	11 79.306     	 3 79.541     	 2 79.500     	82 79.104     	26 80.648     	14 80.924     	35 80.110     	
Lap 25	47 78.073     	30 77.529     	42 77.974     	31 78.107     	80 78.462     	94 78.331     	19 78.636     	98 78.125     	41 78.718     	74 79.326     	69 78.850     	53 79.113     	11 79.198     	 3 79.570     	 2 78.806     	82 78.921     	26 80.679     	14 82.418     	35 80.686     	
Lap 26	47 78.099     	42 78.360     	31 78.627     	30 79.055     	80 78.545     	94 78.317     	19 78.927     	98 79.264     	74 78.737     	41 79.427     	69 78.996     	53 79.162     	11 79.439     	 3 78.303     	 2 79.595     	82 79.281     	26 80.045     	14 80.117     	35 81.021     	
Lap 27	47 96.441 PIT	80 78.634     	69 78.910     	53 78.573     	31 97.165 PIT	42 97.748 PIT	30 98.162 PIT	94 96.468 PIT	 2 79.755     	19 97.891 PIT	98 97.888 PIT	41 97.262 PIT	74 97.705 PIT	11 97.246 PIT	 3 98.063 PIT	82 98.534 PIT	35 81.101     	26 98.392 PIT	14 97.919 PIT	
Lap 28	47 76.914     	80 78.407     	69 78.973     	42 77.251     	31 77.443     	30 77.089     	94 77.477     	 2 79.078     	19 78.217     	98 78.645     	41 77.879     	74 78.220     	11 78.053     	 3 78.278     	53 98.548 PIT	82 78.772     	35 79.957     	26 79.047     	
Lap 29	47 76.343     	80 78.599     	69 78.769     	42 77.184     	30 77.071     	31 77.899     	94 77.379     	98 76.764     	19 78.094     	 2 80.681     	74 77.020     	41 77.682     	11 76.808     	53 78.291     	 3 78.454     	82 78.105     	26 78.321     	14 79.296     	
Lap 30	47 76.466     	80 78.280     	42 77.463     	30 77.409     	94 76.534     	31 78.399     	98 77.667     	19 77.941     	74 77.719     	41 77.978     	11 78.284     	53 77.489     	 3 77.951     	69 97.125 PIT	82 78.158     	 2 98.667 PIT	26 79.291     	14 79.064     	
Lap 31	47 76.498     	42 77.913     	30 77.980     	94 77.863     	31 77.981     	80 97.177 PIT	98 77.595     	19 78.293     	11 76.817     	74 78.346     	41 78.484     	53 77.483     	69 77.063     	 3 78.017     	82 78.492     	 2 78.145     	26 79.090     	14 79.550     	
Lap 32	47 76.663     	42 77.405     	30 77.938     	94 77.543     	31 78.200     	80 76.668     	98 76.937     	19 77.216     	74 77.874     	11 78.062     	41 78.596     	53 77.651     	69 78.386     	 3 78.501     	82 78.198     	 2 78.529     	26 79.144     	14 79.323     	
Lap 33	47 76.483     	42 76.302     	30 77.722     	94 78.009     	31 77.615     	80 77.191     	98 76.789     	19 76.811     	74 77.828     	11 78.043     	41 78.387     	53 78.301     	69 77.623     	 3 77.900     	82 78.482     	 2 77.820     	26 78.999     	14 79.869     	
Lap 34	47 76.973     	42 76.768     	30 77.990     	31 77.208     	94 78.221     	80 77.621     	98 76.942     	19 76.892     	74 78.468     	11 78.742     	53 77.445     	41 78.412     	69 77.966     	 3 77.299     	82 78.283     	 2 78.490     	26 79.153     	14 79.202     	
Lap 35	47 76.788     	42 76.449     	30 77.933     	31 77.647     	80 76.860     	94 77.608     	98 77.169     	19 77.220     	74 77.970     	11 78.638     	53 78.196     	41 78.215     	69 78.295     	 3 78.322     	82 78.149     	 2 77.946     	26 78.632     	14 79.394     	
Lap 36	47 76.809     	42 76.907     	31 77.610     	30 77.955     	80 77.526     	94 77.374     	98 77.043     	19 76.607     	74 76.949     	11 78.011     	53 78.042     	41 78.159     	69 77.764     	 3 78.724     	82 78.194     	 2 78.370     	26 79.203     	14 79.378     	
Lap 37	47 77.037     	42 77.319     	31 77.898     	30 77.716     	80 77.695     	94 78.040     	98 78.209     	19 78.159     	74 77.505     	11 77.890     	53 78.430     	69 77.950     	41 78.728     	 3 77.237     	82 78.420     	 2 77.982     	26 79.033     	14 79.757     	
Lap 38	47 77.260     	42 77.017     	30 77.492     	31 77.548     	94 77.515     	80 78.067     	98 78.345     	19 78.205     	74 77.653     	11 77.470     	69 77.780     	53 78.327     	41 78.723     	 3 78.775     	82 78.476     	 2 78.182     	26 78.961     	14 80.054     	
Lap 39	47 77.320     	42 77.172     	31 77.762     	80 77.329     	30 78.244     	94 77.891     	98 78.262     	19 78.290     	74 77.209     	11 77.637     	53 77.912     	69 78.699     	41 78.302     	 3 79.010     	82 78.284     	 2 78.212     	26 79.045     	14 79.594     	
Lap 40	47 77.173     	42 77.362     	31 77.303     	80 77.862     	30 77.650     	94 78.500     	98 77.905     	19 77.845     	74 77.276     	11 77.875     	53 78.133     	69 78.266     	41 77.770     	 3 78.045     	82 77.889     	 2 78.680     	26 79.559     	14 79.622     	
Lap 41	47 77.346     	42 77.329     	30 77.439     	31 78.245     	80 78.164     	94 78.498     	98 77.559     	19 77.707     	74 77.542     	11 77.674     	53 78.668     	69 78.580     	41 78.320     	 3 77.679     	82 78.397     	 2 78.749     	26 79.408     	14 79.604     	
Lap 42	47 76.504     	42 77.121     	80 77.227     	30 77.928     	31 77.958     	94 76.999     	98 77.833     	19 78.142     	74 77.066     	11 78.076     	53 77.862     	69 78.091     	41 78.707     	 3 79.336     	82 78.870     	 2 78.725     	26 79.499     	14 80.257     	
Lap 43	47 77.538     	42 76.951     	30 77.673     	80 77.981     	94 77.196     	31 78.496     	98 76.999     	19 77.423     	74 77.496     	11 77.471     	53 77.973     	69 78.771     	41 78.288     	 3 77.620     	82 78.450     	 2 78.267     	26 79.376     	14 80.225     	
Lap 44	47 76.845     	42 77.410     	80 77.983     	30 78.426     	94 78.430     	31 78.306     	98 77.440     	19 77.178     	74 77.557     	11 77.219     	53 77.847     	69 78.045     	41 78.575     	 3 79.064     	82 78.816     	 2 78.052     	26 79.776     	14 79.549     	
Lap 45	47 76.722     	42 76.858     	80 77.840     	30 77.995     	31 77.685     	94 78.164     	19 77.335     	98 78.898     	74 77.794     	11 78.178     	53 77.483     	69 78.791     	41 78.998     	 3 78.382     	82 78.184     	 2 78.117     	26 79.885     	14 79.730     	
Lap 46	47 77.141     	42 77.657     	80 78.297     	30 78.286     	94 78.157     	19 78.272     	98 79.193     	74 77.283     	11 78.159     	53 77.400     	31 95.625 PIT	69 78.066     	41 78.168     	 3 78.713     	82 78.875     	 2 78.382     	26 79.312     	14 80.376     	
Lap 47	47 77.326     	42 77.490     	80 77.866     	30 77.862     	94 77.924     	19 77.426     	98 78.013     	74 78.286     	11 78.234     	31 77.809     	53 78.946     	69 77.580     	41 78.068     	 3 77.928     	82 79.493     	 2 78.847     	26 79.150     	14 80.379     	
Lap 48	47 77.243     	42 77.635     	80 78.276     	30 78.082     	94 78.183     	19 78.313     	98 77.815     	74 78.337     	11 78.010     	31 77.624     	53 79.629     	69 77.628     	41 77.875     	 3 77.756     	 2 78.201     	82 79.593     	26 79.093     	14 79.896     	
Lap 49	47 77.456     	42 76.982     	30 77.885     	80 78.204     	19 77.245     	94 78.729     	98 77.724     	74 78.101     	11 78.040     	31 76.483     	53 78.517     	69 79.114     	41 78.877     	 3 79.632     	 2 78.674     	82 78.591     	26 80.042     	14 79.940     	
Lap 50	47 77.358     	42 77.409     	30 78.289     	80 78.293     	19 78.012     	94 78.225     	98 77.937     	74 77.591     	11 77.845     	31 77.126     	53 78.501     	69 78.617     	41 78.554     	 3 78.316     	 2 78.331     	82 78.770     	26 80.067     	14 80.539     	
Lap 51	47 77.680     	42 77.626     	80 78.049     	30 78.739     	19 78.948     	94 78.678     	98 78.246     	74 78.417     	11 78.871     	31 78.263     	53 79.137     	69 78.961     	41 78.528     	 3 78.147     	 2 78.407     	82 79.275     	26 79.480     	14 80.304     	
Lap 52	47 77.656     	42 77.535     	30 77.479     	80 78.094     	94 78.501     	19 78.815     	98 78.479     	74 78.252     	31 77.602     	11 79.208     	53 78.467     	69 78.756     	41 78.435     	 3 78.148     	 2 78.589     	82 78.994     	26 80.162     	14 80.955     	
Lap 53	47 77.579     	42 77.299     	80 78.716     	30 78.932     	19 79.099     	94 79.230     	98 78.800     	74 77.750     	31 77.208     	11 78.667     	53 79.089     	69 78.801     	41 78.630     	 3 79.189     	 2 79.098     	82 78.891     	26 79.471     	14 81.065     	
Lap 54	47 78.113     	80 78.808     	42 97.378 PIT	94 78.837     	98 78.916     	31 77.252     	30 97.261 PIT	19 96.816 PIT	53 78.928     	69 79.078     	74 97.301 PIT	11 96.949 PIT	 2 79.422     	41 98.120 PIT	 3 97.301 PIT	82 97.651 PIT	26 80.129     	14 80.811     	
Lap 55	47 77.925     	42 77.038     	80 78.491     	94 79.110     	98 78.862     	31 76.948     	30 77.187     	19 76.820     	53 78.852     	69 79.242     	74 77.364     	11 76.948     	 2 79.562     	41 78.271     	 3 78.719     	82 78.087     	26 79.694     	14 80.891     	
Lap 56	47 77.921     	42 76.186     	80 77.498     	31 76.723     	30 76.336     	19 76.815     	94 97.284 PIT	53 78.669     	69 77.845     	98 98.168 PIT	74 77.188     	11 76.877     	 2 78.878     	41 78.221     	 3 78.619     	82 78.171     	26 79.786     	14 99.428 PIT	
Lap 57	47 96.355 PIT	42 76.340     	80 77.462     	31 77.350     	30 76.406     	19 76.973     	94 77.925     	98 77.653     	74 77.797     	53 79.182     	11 77.029     	41 77.492     	 2 79.693     	69 97.424 PIT	 3 77.110     	82 77.566     	26 98.260 PIT	14 80.084     	
Lap 58	47 76.531     	42 77.082     	31 76.772     	30 76.577     	19 77.168     	80 95.982 PIT	94 78.020     	98 77.572     	74 78.013     	11 77.280     	41 78.380     	69 77.871     	 3 78.310     	53 98.534 PIT	82 77.740     	 2 99.314 PIT	26 79.562     	14 79.747     	
Lap 59	47 76.902     	42 77.137     	31 77.235     	30 76.921     	19 77.651     	80 77.927     	94 77.311     	74 77.107     	98 78.234     	11 76.866     	69 77.927     	41 78.439     	 3 78.292     	53 77.570     	82 77.612     	 2 78.776     	26 78.703     	14 79.190     	
Lap 60	47 76.583     	42 76.370     	31 77.036     	30 77.104     	19 76.516     	80 76.612     	94 77.349     	74 78.035     	98 78.563     	11 76.781     	41 77.661     	69 77.993     	 3 77.744     	53 77.801     	82 77.693     	 2 78.289     	26 78.754     	14 79.232     	
Lap 61	47 76.750     	42 76.560     	31 76.575     	30 77.116     	19 77.107     	80 77.280     	94 76.953     	74 77.850     	98 78.103     	11 77.591     	69 77.742     	41 78.367     	 3 78.017     	53 78.129     	82 78.140     	 2 77.648     	26 78.404     	14 79.836     	
Lap 62	47 76.501     	42 76.510     	31 76.638     	30 76.646     	19 77.323     	80 76.480     	94 76.723     	74 78.458     	98 78.232     	11 77.119     	69 77.664     	41 78.482     	 3 78.737     	53 78.036     	82 78.009     	 2 78.036     	26 79.057     	14 79.734     	
Lap 63	47 76.521     	42 77.272     	31 76.706     	30 77.000     	19 77.567     	80 77.814     	94 77.309     	74 78.447     	98 78.022     	11 77.082     	69 77.374     	53 77.516     	41 78.348     	 3 78.059     	82 78.174     	 2 78.392     	26 79.384     	14 79.701     	
Lap 64	47 76.809     	42 76.735     	31 77.574     	30 76.540     	19 77.859     	80 77.844     	94 77.465     	74 77.765     	98 77.683     	11 78.506     	69 77.474     	53 77.836     	41 78.030     	 3 78.604     	82 78.549     	 2 78.478     	26 78.754     	14 79.420     	
Lap 65	47 76.382     	42 77.428     	31 77.701     	30 77.001     	19 77.415     	80 77.347     	94 77.627     	74 78.060     	98 78.558     	11 77.843     	69 77.691     	53 77.649     	41 78.254     	 3 77.904     	82 78.163     	 2 78.675     	26 78.839     	14 80.028     	
Lap 66	47 77.187     	42 76.678     	31 77.088     	30 77.364     	19 77.720     	80 77.180     	94 76.961     	74 78.251     	98 77.849     	11 79.157     	69 77.250     	53 78.070     	41 78.120     	 3 78.706     	82 78.683     	 2 78.038     	26 79.117     	14 80.182     	
Lap 67	47 76.564     	42 77.150     	31 77.691     	30 77.139     	80 77.486     	19 78.192     	94 76.707     	74 77.866     	98 78.437     	11 77.969     	69 77.647     	53 77.544     	41 78.428     	 3 77.319     	82 78.222     	 2 78.042     	26 79.125     	14 80.166     	
Lap 68	47 77.060     	42 76.797     	31 77.371     	30 76.886     	80 77.936     	19 77.622     	94 77.026     	74 78.048     	98 78.434     	11 77.562     	69 77.843     	41 78.513     	 3 78.827     	53 95.506 PIT	82 78.791     	 2 78.238     	26 78.875     	14 79.768     	
Lap 69	47 77.225     	42 76.970     	31 77.194     	30 77.212     	80 77.644     	19 78.318     	94 77.127     	74 77.416     	98 78.264     	11 78.830     	69 77.351     	41 78.145     	 3 79.204     	53 77.606     	82 80.159     	 2 78.397     	26 79.166     	14 80.047     	
Lap 70	47 76.616     	42 77.173     	31 77.478     	30 77.131     	80 78.226     	19 78.072     	94 77.194     	74 77.966     	98 76.867     	11 78.080     	69 77.460     	41 77.384     	 3 77.834     	53 77.160     	82 78.623     	 2 78.884     	26 78.988     	14 80.376     	
Lap 71	47 76.716     	42 76.785     	31 78.054     	30 76.899     	80 78.198     	19 78.433     	94 77.854     	74 78.508     	98 78.894     	11 78.091     	69 77.660     	41 77.531     	 3 78.282     	53 76.590     	82 78.046     	 2 78.951     	26 79.120     	14 80.225     	
Lap 72	47 76.792     	42 77.053     	31 77.813     	30 77.418     	80 76.761     	19 78.073     	94 78.098     	74 78.025     	98 77.304     	11 77.411     	69 77.418     	41 77.950     	 3 78.126     	53 76.732     	82 78.675     	 2 78.531     	26 79.342     	14 79.591     	
Lap 73	47 77.445     	42 77.051     	30 77.023     	80 76.821     	19 77.769     	94 78.107     	31 96.601 PIT	74 78.386     	98 79.003     	11 77.361     	69 78.075     	41 78.044     	 3 78.312     	53 77.594     	82 78.484     	 2 78.382     	26 79.378     	14 79.914     	
Lap 74	47 77.474     	42 77.471     	30 77.086     	80 77.031     	19 78.265     	94 78.289     	31 77.110     	74 77.724     	98 77.849     	11 78.918     	69 77.679     	41 77.646     	 3 78.476     	53 77.312     	82 78.827     	 2 78.625     	26 79.304     	14 79.744     	
Lap 75	47 77.230     	42 77.001     	30 77.116     	80 77.223     	19 78.116     	31 76.260     	94 78.350     	74 78.107     	98 77.149     	11 78.238     	69 78.205     	41 78.243     	 3 78.088     	53 76.743     	82 78.475     	 2 78.846     	26 79.218     	14 80.390     	
Lap 76	47 77.073     	42 77.181     	30 77.210     	80 76.966     	31 77.731     	19 78.430     	94 77.532     	74 78.643     	98 78.420     	11 77.985     	69 78.282     	41 77.599     	 3 78.581     	53 76.841     	82 78.351     	 2 79.007     	26 79.796     	14 79.949     	
Lap 77	47 77.217     	42 77.666     	30 77.582     	80 77.116     	31 77.450     	19 78.079     	94 78.755     	74 78.868     	98 78.885     	11 78.428     	69 78.271     	41 78.570     	 3 78.627     	53 77.321     	82 78.755     	 2 78.392     	26 79.283     	14 79.994     	
Lap 78	47 77.118     	42 78.108     	30 77.399     	80 77.530     	31 77.761     	19 78.169     	94 78.728     	74 79.196     	11 77.809     	98 79.107     	69 77.791     	41 77.762     	 3 78.412     	53 77.140     	82 78.463     	 2 79.169     	26 79.155     	14 80.542     	
Lap 79	47 77.152     	42 77.986     	30 77.606     	80 77.694     	31 76.479     	19 77.824     	94 77.739     	98 78.460     	74 78.598     	11 78.666     	69 78.285     	41 77.951     	 3 78.174     	53 77.230     	82 78.927     	 2 78.621     	26 79.601     	14 79.967     	
Lap 80	47 77.760     	42 77.674     	30 77.744     	80 78.085     	31 76.706     	19 77.650     	94 78.104     	74 78.636     	98 78.998     	11 79.518     	69 78.086     	41 78.715     	 3 79.036     	53 78.573     	82 78.639     	 2 78.641     	26 80.175     	14 80.716     	
Lap 81	47 77.414     	42 96.972 PIT	80 77.645     	31 76.726     	19 77.882     	30 96.918 PIT	94 77.723     	98 78.644     	69 77.894     	41 77.994     	74 97.334 PIT	11 98.517 PIT	53 77.970     	 3 79.813     	82 78.861     	 2 79.129     	26 79.733     	14 80.988     	
Lap 82	47 77.561     	42 77.352     	80 77.912     	31 77.045     	30 77.256     	19 79.363     	94 78.125     	98 77.803     	69 78.198     	74 77.354     	11 77.866     	53 77.767     	 3 78.252     	41 96.626 PIT	 2 78.697     	82 98.177 PIT	26 79.453     	14 80.367     	
Lap 83	47 77.194     	42 76.787     	80 78.023     	31 76.888     	30 76.362     	19 79.127     	94 79.025     	69 78.077     	74 77.319     	98 96.510 PIT	11 77.397     	53 77.106     	 3 78.632     	41 77.690     	 2 79.462     	82 78.780     	26 79.562     	14 81.207     	
Lap 84	47 77.563     	42 76.392     	80 78.140     	31 77.123     	30 77.087     	94 78.865     	19 98.096 PIT	74 76.732     	11 77.189     	98 79.155     	53 77.086     	69 96.679 PIT	41 77.371     	 3 97.620 PIT	 2 79.348     	82 78.415     	26 97.540 PIT	14 99.529 PIT	
Lap 85	47 78.280     	42 77.180     	31 77.789     	80 78.970     	30 77.061     	94 78.011     	19 76.812     	74 76.756     	98 77.557     	11 78.270     	53 79.696     	69 77.061     	41 77.691     	 3 78.119     	82 78.328     	 2 98.514 PIT	26 79.574     	14 79.764     	
Lap 86	47 77.820     	42 76.894     	31 78.241     	80 78.209     	30 76.660     	94 77.970     	19 78.115     	74 77.170     	98 78.141     	11 78.771     	53 77.155     	69 76.777     	41 77.319     	 3 77.173     	82 77.797     	 2 78.533     	26 78.809     	14 79.452     	
Lap 87	47 96.918 PIT	42 76.805     	31 78.075     	30 76.406     	80 97.048 PIT	19 77.221     	94 97.088 PIT	74 76.929     	98 77.195     	11 78.536     	53 77.775     	69 77.011     	41 77.659     	 3 77.194     	82 77.895     	 2 78.179     	26 79.093     	14 79.674     	
Lap 88	47 76.944     	42 77.002     	30 76.781     	31 77.720     	80 77.305     	19 77.143     	94 77.399     	74 77.306     	98 76.660     	11 78.286     	53 79.458     	69 77.506     	41 76.889     	 3 77.436     	82 78.412     	 2 78.254     	26 79.071     	14 79.150     	
Lap 89	47 76.532     	42 77.119     	30 77.600     	31 78.452     	80 77.336     	19 77.051     	94 77.239     	74 77.241     	98 77.412     	11 77.260     	53 77.648     	69 77.737     	41 77.629     	 3 77.171     	82 77.811     	 2 78.438     	26 78.817     	14 79.322     	
Lap 90	47 76.210     	42 77.312     	30 77.760     	31 79.034     	80 77.363     	19 76.474     	94 77.183     	74 76.879     	98 77.214     	11 77.561     	53 77.917     	69 77.788     	41 76.940     	 3 77.831     	82 78.415     	 2 78.262     	26 79.114     	14 79.708     	
Lap 91	47 76.812     	42 76.511     	30 76.936     	31 77.644     	80 76.758     	19 77.232     	94 76.805     	74 77.496     	98 76.832     	11 77.705     	53 77.751     	69 77.732     	41 77.728     	 3 77.862     	82 78.097     	 2 78.148     	26 79.258     	14 79.319     	
Lap 92	47 76.362     	42 76.912     	30 77.252     	31 77.487     	80 77.020     	19 77.050     	94 76.520     	74 77.121     	98 77.052     	11 77.637     	53 78.122     	69 77.648     	41 77.464     	 3 77.784     	82 78.361     	 2 77.985     	26 79.445     	14 79.211     	
Lap 93	47 76.277     	42 77.346     	30 76.735     	31 76.886     	80 76.761     	19 77.313     	94 76.827     	74 77.123     	98 77.038     	11 77.270     	53 78.016     	69 77.018     	41 77.074     	 3 77.401     	82 78.409     	 2 78.262     	26 78.641     	14 80.009     	
Lap 94	47 77.175     	42 76.687     	30 77.228     	31 77.063     	80 77.213     	19 77.238     	94 77.443     	74 77.442     	98 76.925     	11 77.823     	53 78.821     	69 78.706     	41 77.457     	 3 77.164     	82 78.054     	 2 78.341     	26 79.023     	14 79.752     	
Lap 95	47 76.658     	42 76.602     	30 77.296     	31 77.691     	80 77.458     	19 76.794     	94 77.406     	74 77.785     	98 77.434     	11 77.767     	69 78.217     	41 77.206     	 3 77.626     	53 97.321 PIT	82 78.698     	 2 78.215     	26 79.571     	14 79.760     	

-- OFFICIAL RESULTS --
Pos	#No	Driver						Team					Time		Diff		Pits	Best
01	#47	PAV	ketila léqa pavúteka	Team Solea Racing		2:2:59.119	-0.000		3		76.210
02	#42	OOS	Frank Oosterhout		Cows Go Moo Racing		2:3:24.988	-25.869		3		76.186
03	#30	WIS	Josh Wise				BONGATAR				2:3:44.944	-45.825		3		76.336
04	#31	ŠAŊ	xap'ít celentir šaŋév	Team Solea Racing		2:3:48.481	-49.362		3		76.260
05	#80	AYA	Ifloenne é Aya			Team V.V. Imperial		2:4:03.155	-64.036		3		76.480
06	#19	ZAI	khélok atep zailunaɰ	Team Solea Racing		2:4:11.072	-71.953		3		76.474
07	#94	NES	At'ipi Nesbeksë			Team Diigikwk Racers	2:4:13.632	-74.513		3		76.520
08	#74	KON	Bařàsiz Konoca			Team Diigikwk Racers	2:4:21.916	-82.797		3		76.732
09	#98	MOT	Gorga Motxev			Dotruga Formula Racing	2:4:25.807	-86.688		3		76.660
10	#11	KEG	Tuto Keget				Dotruga Formula Racing	2:4:32.803	-93.684		3		76.781
11	#69	SAN	Marisa Sanchez			Cows Go Moo Racing		2:4:37.906	-98.788		3		76.777
12	#41	CAN	Olga Candy				Cows Go Moo Racing		2:4:41.400	-102.281	3		76.889
13	# 3	BOB	Bob						BONGATAR				2:4:53.843	-114.724	3		77.110
14	#53	TÀC	Ešuro Tàcràɰë			Team Diigikwk Racers	2:4:56.834	-117.715	4		76.590
15	#82	SAN	Nukki Savra Sanda		Team V.V. Imperial		2:5:20.170	-141.051	3		77.566
16	# 2	HID	Body Hide				BONGATAR				2:5:28.884	-149.765	3		77.648
17	#26	ILI	Rikvisi Iliria			Team Vikasani			2:6:41.616	-222.497	3		78.321
18	#14	HÚC	Daseno Húctu			Team Vikasani			2:7:29.297	-270.178	3		78.665
19	#35	AKA	Asaúni Akaleta			Team Vikasani			RETIRED		DNF			0		79.146
20	#81	KÆR	Lyǽs Kæræsekæræn		Team V.V. Imperial		RETIRED		DNF			0		77.355
21	#29	ALU	Sago Aludetsei			Dotruga Formula Racing	RETIRED		DNF			0		76.567

-- RACE INCIDENT REPORT --
Asaúni Akaleta made a mistake while attempting an overtake on lap 2.
Asaúni Akaleta made a mistake while attempting an overtake on lap 9.
Lyǽs Kæræsekæræn crashed out while attempting an overtake on lap 11.
Sago Aludetsei crashed out on lap 23.
Daseno Húctu made a mistake while attempting an overtake on lap 25.
Asaúni Akaleta crashed out on lap 28.
xap'ít celentir šaŋév made a pit stop to repair damage caused by a large incident while attempting an overtake on lap 46.
Ešuro Tàcràɰë made a pit stop to repair damage caused by a large incident on lap 68.
Gorga Motxev made a mistake on lap 84.
khélok atep zailunaɰ made a mistake on lap 86.
