-- LAP TIMES --
Lap 0	47 0.000     	42 0.000     	31 0.100     	81 0.100     	41 0.200     	30 0.200     	29 0.300     	98 0.300     	19 0.400     	80 0.400     	11 0.500     	94 0.500     	69 0.600     	74 0.600     	 3 0.700     	53 0.700     	82 0.800     	35 0.800     	 2 0.900     	14 0.900     	26 1.000     	
Lap 1	29 121.387     	31 121.831     	98 121.830     	19 121.789     	47 122.215     	30 122.307     	42 122.542     	74 122.326     	81 122.907     	80 122.722     	94 122.754     	53 122.601     	11 123.100     	41 123.501     	69 123.137     	 3 123.297     	82 123.897     	35 124.304     	 2 124.654     	14 124.954     	26 125.211     	
Lap 2	29 121.881     	47 121.633     	31 122.126     	19 121.974     	98 122.408     	30 122.489     	81 122.387     	42 122.869     	80 122.360     	94 122.540     	53 123.177     	41 123.567     	11 122.584     	74 124.400     	69 122.884     	 3 123.529     	82 123.976     	35 124.888     	 2 124.585     	14 124.952     	
Lap 3	29 121.636     	31 121.850     	47 122.110     	19 122.062     	98 122.108     	80 122.434     	94 122.224     	30 123.043     	42 122.658     	81 122.824     	11 122.821     	74 122.574     	69 123.693     	41 123.373     	82 123.210     	 3 124.710     	35 124.509     	 2 124.618     	14 125.350     	26 125.034     	
Lap 4	29 122.456     	31 121.865     	47 122.457     	19 122.887     	42 122.164     	98 123.588     	80 122.403     	94 122.959     	81 122.767     	30 123.427     	11 122.863     	74 122.644     	41 123.207     	69 123.692     	 3 123.598     	82 124.305     	 2 124.707     	35 125.094     	14 124.867     	26 125.598     	
Lap 5	29 122.017     	31 122.437     	19 121.698     	47 122.476     	98 122.112     	42 122.592     	80 122.975     	81 122.453     	94 123.049     	30 122.866     	11 122.618     	74 122.557     	41 123.460     	69 123.837     	 3 124.082     	82 124.056     	 2 124.936     	14 124.173     	35 125.930     	26 125.810     	
Lap 6	29 121.720     	31 122.237     	47 121.580     	19 122.862     	98 122.762     	42 122.562     	80 122.986     	81 123.244     	94 123.305     	30 123.447     	74 122.835     	11 123.450     	41 123.111     	69 123.824     	 3 123.941     	82 124.333     	 2 125.509     	14 125.443     	35 125.430     	26 125.069     	
Lap 7	29 120.763     	47 122.249     	31 122.406     	19 121.383     	98 123.154     	42 122.953     	81 122.508     	80 123.180     	94 123.062     	30 123.093     	74 123.185     	11 124.377     	41 122.199     	69 122.733     	 3 123.771     	82 124.900     	 2 125.687     	14 125.804     	35 125.719     	26 125.818     	
Lap 8	29 121.341     	47 122.450     	31 122.594     	19 123.244     	98 122.420     	42 122.467     	80 122.834     	81 123.480     	94 122.780     	30 122.922     	74 122.845     	11 123.566     	41 123.377     	69 122.750     	 3 123.069     	82 123.676     	 2 124.955     	14 125.923     	35 125.878     	26 126.156     	
Lap 9	29 121.331     	31 122.431     	47 123.015     	19 122.874     	42 122.302     	98 122.870     	81 122.727     	80 123.117     	94 122.783     	30 123.697     	74 123.631     	69 122.361     	41 123.646     	11 123.847     	 3 122.973     	82 123.066     	 2 124.737     	14 126.066     	35 125.969     	26 126.277     	
Lap 10	29 121.499     	47 122.239     	31 123.129     	19 121.960     	42 123.453     	98 123.345     	94 122.513     	81 123.112     	80 123.349     	74 123.589     	30 123.985     	41 123.595     	11 123.603     	69 124.011     	 3 122.840     	82 123.851     	 2 124.123     	14 125.668     	35 125.870     	26 126.200     	
Lap 11	29 121.567     	47 122.750     	19 122.909     	31 123.183     	42 123.641     	80 121.927     	98 123.971     	94 123.695     	81 123.760     	30 122.654     	74 123.255     	41 123.804     	11 123.834     	69 123.844     	 3 122.944     	82 123.851     	 2 124.813     	14 125.794     	35 126.619     	26 125.891     	
Lap 12	29 121.764     	47 122.933     	19 123.717     	31 123.811     	42 123.400     	98 123.516     	80 123.793     	94 123.190     	81 123.215     	30 123.844     	74 124.070     	41 123.915     	11 123.982     	69 124.593     	 3 123.763     	82 123.734     	 2 124.376     	14 124.671     	35 124.298     	26 126.549     	
Lap 13	29 121.808     	47 122.261     	19 123.285     	31 123.892     	42 123.632     	80 122.986     	94 123.323     	81 124.079     	98 126.046     	30 124.004     	74 123.846     	41 124.554     	11 124.783     	69 124.092     	 3 123.467     	82 123.613     	 2 124.568     	14 126.442     	35 126.893     	26 126.676     	
Lap 14	29 122.165     	47 122.220     	19 123.572     	31 124.139     	80 123.295     	42 123.950     	94 123.731     	81 123.899     	98 123.793     	30 123.985     	74 123.683     	41 124.379     	11 124.511     	69 124.841     	 3 125.845     	82 123.815     	 2 124.717     	14 124.849     	35 124.704     	26 126.735     	
Lap 15	29 122.451     	47 122.383     	19 122.285     	31 122.203     	42 123.188     	80 123.904     	94 122.492     	81 123.568     	98 125.114     	74 124.178     	30 124.667     	11 124.143     	41 124.970     	69 124.743     	 3 123.962     	82 123.809     	 2 125.099     	14 125.178     	35 125.409     	26 126.981     	
Lap 16	29 121.779     	47 121.990     	19 122.684     	31 122.763     	94 123.276     	42 123.893     	81 123.017     	80 125.621     	98 123.886     	30 123.713     	74 124.621     	11 124.232     	41 125.211     	69 124.903     	 3 125.458     	82 124.939     	 2 125.112     	14 125.362     	35 125.657     	26 127.007     	
Lap 17	29 122.264     	47 122.437     	19 123.334     	31 122.074     	42 123.623     	94 123.857     	80 122.922     	81 124.618     	98 123.016     	30 124.507     	74 124.294     	41 125.388     	69 124.978     	 3 124.031     	82 124.989     	11 141.277 PIT	14 125.157     	35 125.322     	 2 144.155 PIT	26 126.587     	
Lap 18	29 122.256     	31 124.765     	47 141.033 PIT	74 124.354     	19 142.565 PIT	41 124.960     	69 125.714     	94 142.043 PIT	42 142.907 PIT	80 142.311 PIT	81 142.036 PIT	98 141.814 PIT	11 121.552     	30 143.941 PIT	 3 144.171 PIT	82 143.446 PIT	14 125.792     	 2 124.253     	26 127.558     	35 144.271 PIT	
Lap 19	29 122.674     	47 121.354     	74 123.979     	19 122.025     	31 141.186 PIT	41 125.190     	69 125.188     	94 123.342     	80 122.113     	42 122.846     	81 122.206     	98 121.746     	11 121.846     	30 122.067     	 3 123.128     	82 123.479     	14 125.991     	 2 123.581     	26 126.537     	35 125.311     	
Lap 20	29 141.947 PIT	47 120.670     	19 121.622     	31 121.190     	42 121.566     	94 122.386     	80 122.295     	81 122.970     	98 122.201     	11 122.177     	30 122.000     	74 142.977 PIT	 3 122.674     	82 123.203     	41 144.089 PIT	69 143.877 PIT	14 126.294     	 2 123.867     	35 124.443     	26 143.650 PIT	
Lap 21	29 121.348     	47 121.163     	19 121.547     	31 120.533     	42 122.365     	80 121.708     	94 123.090     	98 122.805     	81 123.105     	11 121.296     	30 121.421     	74 121.756     	 3 122.594     	82 124.061     	41 123.506     	69 123.646     	 2 123.473     	35 123.354     	14 145.487 PIT	26 125.917     	
Lap 22	29 120.783     	47 121.149     	31 122.499     	19 122.663     	80 121.480     	94 121.524     	42 122.870     	81 122.625     	98 122.844     	11 121.413     	30 121.392     	74 122.079     	 3 122.237     	41 123.531     	69 123.393     	82 124.578     	 2 123.957     	35 123.918     	14 123.952     	26 125.271     	
Lap 23	29 120.966     	47 121.405     	31 122.615     	19 123.052     	80 121.620     	42 121.845     	94 122.682     	98 122.441     	81 122.833     	30 121.675     	11 123.937     	74 121.488     	 3 123.269     	41 122.967     	69 123.625     	82 125.448     	 2 124.033     	35 123.862     	14 123.709     	26 125.080     	
Lap 24	29 120.900     	47 121.118     	31 121.887     	19 122.305     	80 121.586     	94 121.884     	42 122.892     	98 122.643     	81 123.095     	30 123.384     	11 123.877     	74 121.929     	 3 123.033     	41 122.423     	69 121.955     	82 123.202     	 2 124.326     	35 123.782     	14 123.910     	26 125.621     	
Lap 25	29 121.254     	47 120.715     	31 122.681     	19 122.434     	80 121.586     	42 122.576     	94 123.430     	98 123.143     	81 122.826     	30 121.948     	11 121.979     	74 121.742     	 3 123.333     	41 123.810     	69 123.836     	82 123.483     	 2 124.693     	35 124.194     	14 123.608     	26 125.706     	
Lap 26	29 120.729     	47 121.132     	31 122.360     	19 123.220     	80 121.897     	94 122.124     	42 123.343     	98 122.617     	30 122.093     	81 123.251     	11 121.731     	74 122.085     	 3 123.524     	41 123.302     	69 123.183     	82 123.769     	 2 124.682     	35 123.786     	14 124.033     	26 125.632     	
Lap 27	29 121.138     	47 121.673     	31 120.867     	19 122.054     	80 122.187     	42 122.316     	94 123.094     	98 122.702     	30 122.957     	81 122.764     	11 123.422     	74 122.378     	 3 122.746     	41 123.816     	69 124.109     	82 123.599     	 2 123.914     	35 123.737     	14 124.190     	26 125.960     	
Lap 28	29 121.456     	47 121.364     	31 120.964     	19 121.773     	80 121.746     	42 122.753     	94 122.798     	98 123.208     	30 123.338     	81 123.630     	74 122.845     	11 123.887     	 3 123.243     	41 124.145     	69 123.896     	82 123.265     	 2 124.582     	35 124.748     	14 124.465     	26 125.583     	
Lap 29	29 121.345     	47 122.033     	31 121.057     	19 122.394     	80 121.917     	94 122.654     	42 123.618     	98 123.486     	30 123.505     	81 123.851     	74 123.366     	11 124.697     	 3 123.526     	41 123.411     	69 124.187     	82 123.311     	 2 124.579     	35 124.097     	14 124.529     	26 126.056     	
Lap 30	29 121.007     	47 122.016     	31 121.828     	19 122.079     	80 122.052     	94 123.490     	42 123.268     	98 123.300     	30 122.857     	74 122.521     	81 123.824     	11 122.735     	 3 123.077     	41 122.584     	69 122.843     	82 123.755     	 2 125.146     	35 124.927     	14 123.995     	26 126.198     	
Lap 31	29 121.433     	47 121.857     	31 122.003     	19 121.934     	80 122.330     	42 122.897     	94 123.694     	98 122.952     	74 121.998     	30 123.417     	81 123.858     	11 123.866     	 3 123.194     	41 122.510     	69 122.480     	82 124.105     	 2 124.995     	35 124.521     	14 124.392     	26 125.592     	
Lap 32	29 121.368     	47 122.320     	31 121.623     	19 122.521     	80 122.158     	94 123.463     	42 124.042     	98 123.168     	30 122.896     	74 125.089     	81 123.358     	11 124.643     	 3 123.510     	41 122.873     	69 122.981     	82 124.606     	 2 125.577     	35 125.259     	14 124.776     	26 126.462     	
Lap 33	29 121.892     	47 122.454     	31 122.142     	19 122.623     	80 122.640     	42 123.467     	94 123.833     	98 123.576     	30 123.624     	74 122.322     	81 122.772     	11 122.894     	 3 123.753     	41 122.665     	69 122.748     	82 124.488     	 2 125.120     	35 124.687     	14 124.502     	26 126.260     	
Lap 34	29 121.341     	47 122.007     	31 121.811     	19 122.271     	80 122.450     	42 123.602     	94 124.050     	98 123.753     	30 124.308     	74 124.373     	81 122.904     	 3 124.221     	41 122.858     	69 123.469     	11 141.423 PIT	82 124.167     	35 125.524     	14 124.602     	 2 144.440 PIT	26 125.939     	
Lap 35	29 121.758     	47 122.197     	31 121.877     	19 123.291     	80 122.591     	42 124.079     	94 123.969     	98 122.833     	30 124.162     	74 124.527     	81 124.825     	 3 124.128     	41 123.543     	69 124.478     	11 123.896     	82 125.108     	35 125.166     	14 124.926     	 2 124.016     	26 126.961     	
Lap 36	29 121.815     	31 122.673     	47 141.105 PIT	19 123.390     	80 122.759     	74 124.144     	81 124.864     	94 141.982 PIT	42 143.462 PIT	98 141.848 PIT	 3 124.522     	41 123.684     	30 142.509 PIT	11 123.662     	69 124.589     	82 124.922     	35 126.108     	14 124.976     	 2 123.701     	26 126.904     	
Lap 37	29 122.078     	31 122.651     	47 121.688     	19 142.007 PIT	80 142.283 PIT	74 123.815     	81 124.064     	94 121.799     	98 122.422     	42 123.333     	30 121.567     	41 124.009     	 3 127.186     	11 123.319     	69 124.972     	82 144.548 PIT	14 126.741     	 2 123.295     	35 145.575 PIT	26 126.941     	
Lap 38	29 141.284 PIT	31 122.590     	47 120.525     	19 121.170     	80 121.348     	94 121.219     	98 122.219     	42 122.596     	30 121.535     	11 121.292     	74 142.369 PIT	81 142.895 PIT	41 142.655 PIT	 3 145.473 PIT	69 142.710 PIT	82 123.154     	14 125.383     	 2 123.545     	35 123.623     	26 127.064     	
Lap 39	29 121.362     	47 120.565     	31 142.286 PIT	19 121.543     	80 121.110     	94 121.834     	98 122.628     	42 122.136     	30 122.182     	11 122.113     	74 122.347     	81 122.005     	41 122.170     	69 122.135     	 3 123.990     	82 123.104     	 2 125.224     	14 127.272     	35 123.462     	26 144.814 PIT	
Lap 40	29 121.078     	47 121.174     	31 121.321     	19 120.900     	80 121.092     	94 121.210     	98 122.331     	42 122.257     	30 122.100     	11 121.693     	74 121.788     	81 121.646     	41 121.995     	69 123.675     	 3 124.273     	82 123.079     	 2 124.495     	14 126.180     	35 123.534     	26 125.434     	
Lap 41	29 120.439     	47 121.001     	31 120.429     	19 121.676     	80 121.044     	94 121.689     	98 122.396     	30 121.741     	42 123.121     	11 121.766     	74 122.003     	81 120.980     	41 121.973     	69 121.796     	 3 122.513     	82 123.077     	 2 124.350     	35 124.126     	14 144.184 PIT	26 125.570     	
Lap 42	29 120.712     	47 121.344     	31 121.334     	19 121.302     	80 121.538     	94 121.304     	98 122.237     	42 122.704     	30 123.568     	11 122.321     	74 122.709     	81 123.340     	41 121.901     	69 121.837     	 3 122.488     	82 122.802     	 2 124.471     	35 123.897     	14 124.287     	26 125.567     	
Lap 43	29 120.546     	47 121.539     	31 121.417     	19 121.422     	80 121.007     	94 121.729     	98 121.235     	30 121.975     	42 122.954     	11 122.503     	74 121.545     	81 121.530     	41 122.485     	69 122.576     	 3 122.934     	82 123.558     	 2 124.473     	35 123.822     	14 123.347     	26 124.867     	
Lap 44	29 120.722     	47 120.808     	31 120.631     	19 121.969     	80 121.844     	94 121.696     	98 122.010     	30 123.308     	42 122.781     	11 121.828     	74 122.278     	81 121.469     	41 122.482     	69 122.745     	 3 122.414     	82 122.874     	 2 124.691     	35 123.686     	14 124.138     	26 125.148     	
Lap 45	29 121.383     	47 121.520     	31 121.528     	19 121.992     	80 121.745     	94 121.843     	98 122.229     	30 122.952     	42 123.348     	11 122.579     	74 122.988     	81 122.915     	41 122.741     	69 122.307     	 3 122.694     	82 123.740     	 2 124.536     	35 124.298     	14 124.009     	26 125.793     	
Lap 46	29 120.967     	47 121.884     	31 121.441     	80 122.276     	19 123.313     	94 122.325     	98 121.400     	30 123.309     	42 123.126     	11 124.243     	74 123.173     	81 123.302     	41 122.636     	69 122.595     	 3 122.949     	82 123.289     	 2 124.904     	35 123.793     	14 124.330     	26 125.523     	
Lap 47	29 121.651     	47 121.286     	31 120.917     	80 123.369     	19 123.313     	94 121.795     	98 121.549     	30 123.593     	42 123.249     	11 122.869     	81 123.318     	74 123.643     	41 122.726     	69 122.105     	 3 123.227     	82 123.908     	 2 124.318     	35 124.386     	14 123.709     	26 125.229     	
Lap 48	29 121.789     	47 121.689     	31 121.590     	80 123.146     	19 123.243     	94 121.974     	98 121.622     	42 123.225     	30 123.272     	11 122.946     	74 122.411     	81 123.509     	41 122.432     	69 122.197     	 3 123.059     	82 123.842     	 2 124.487     	35 124.611     	14 123.824     	26 125.458     	
Lap 49	29 121.084     	47 121.410     	31 121.541     	19 123.250     	80 123.590     	94 122.211     	98 121.937     	30 122.859     	42 123.605     	11 123.203     	74 122.805     	81 121.905     	41 123.178     	69 123.123     	 3 123.842     	82 123.868     	 2 124.668     	35 124.284     	14 124.370     	26 126.068     	
Lap 50	29 121.439     	47 122.137     	31 121.857     	80 122.772     	19 123.614     	94 122.350     	98 122.068     	30 123.650     	42 123.979     	11 124.634     	81 123.562     	74 124.267     	41 123.114     	69 123.227     	 3 123.696     	82 123.552     	 2 124.947     	35 124.413     	14 124.490     	26 125.524     	

-- OFFICIAL RESULTS --
Pos	#No	Driver						Team					Time		Diff		Pits	Best
01	#29	ALU	Sago Aludetsei			Dotruga Formula Racing	1:41:54.074	-0.000		2		120.439
02	#47	PAV	ketila léqa pavúteka	Team Solea Racing		1:42:06.730	-12.656		2		120.525
03	#31	ŠAŊ	xap'ít celentir šaŋév	Team Solea Racing		1:42:23.164	-29.090		2		120.429
04	#80	AYA	Ifloenne é Aya			Team V.V. Imperial		1:42:40.795	-46.721		2		121.007
05	#19	ZAI	khélok atep zailunaɰ	Team Solea Racing		1:42:41.397	-47.323		2		120.900
06	#94	NES	At'ipi Nesbeksë			Team Diigikwk Racers	1:42:52.543	-58.470		2		121.210
07	#98	MOT	Gorga Motxev			Dotruga Formula Racing	1:42:57.602	-63.529		2		121.235
08	#30	WIS	Josh Wise				BONGATAR				1:43:09.956	-75.883		2		121.392
09	#42	OOS	Frank Oosterhout		Cows Go Moo Racing		1:43:11.017	-76.943		2		121.566
10	#11	KEG	Tuto Keget				Dotruga Formula Racing	1:43:12.335	-78.262		2		121.292
11	#81	KÆR	Lyǽs Kæræsekæræn		Team V.V. Imperial		1:43:12.701	-78.627		2		120.980
12	#74	KON	Bařàsiz Konoca			Team Diigikwk Racers	1:43:13.226	-79.153		2		121.488
13	#41	CAN	Olga Candy				Cows Go Moo Racing		1:43:27.819	-93.746		2		121.901
14	#69	SAN	Marisa Sanchez			Cows Go Moo Racing		1:43:33.713	-99.639		2		121.796
15	# 3	BOB	Bob						BONGATAR				1:43:40.605	-106.531	2		122.237
16	#82	SAN	Nukki Savra Sanda		Team V.V. Imperial		1:43:53.213	-119.139	2		122.802
17	# 2	HID	Body Hide				BONGATAR				1:44:27.589	-153.515	2		123.295
18	#35	AKA	Asaúni Akaleta			Team Vikasani			1:44:36.494	-162.421	2		123.354
19	#14	HÚC	Daseno Húctu			Team Vikasani			1:44:45.947	-171.873	2		123.347
20	#26	ILI	Rikvisi Iliria			Team Vikasani			1:45:36.118	-222.045	2		124.867
21	#53	TÀC	Ešuro Tàcràɰë			Team Diigikwk Racers	RETIRED		DNF			0		122.601

-- RACE INCIDENT REPORT --
Bařàsiz Konoca made a mistake while attempting an overtake on lap 2.
Ešuro Tàcràɰë crashed out while attempting an overtake on lap 2.
Gorga Motxev made a mistake while attempting an overtake on lap 13.
Tuto Keget made a mistake while attempting an overtake on lap 13.
Gorga Motxev made a mistake while attempting an overtake on lap 15.
Ifloenne é Aya made a mistake while attempting an overtake on lap 16.
khélok atep zailunaɰ made a mistake on lap 27.
Bařàsiz Konoca made a mistake while attempting an overtake on lap 32.
Bob made a mistake on lap 38.
