-- LAP TIMES --
Lap 0	29 0.000     	98 0.000     	47 0.100     	19 0.100     	31 0.200     	80 0.200     	42 0.300     	94 0.300     	11 0.400     	30 0.400     	41 0.500     	69 0.500     	81 0.600     	74 0.600     	82 0.700     	53 0.700     	26 0.800     	14 0.800     	 3 0.900     	35 0.900     	 2 1.000     	
Lap 1	29 103.448     	98 103.782     	19 103.755     	94 103.591     	47 103.825     	30 103.548     	42 103.694     	31 103.936     	74 103.659     	80 104.164     	81 103.773     	53 103.839     	41 104.178     	11 104.386     	69 104.333     	 3 104.613     	35 105.183     	14 105.424     	82 105.617     	26 105.579     	 2 105.696     	
Lap 2	98 103.211     	47 103.268     	29 103.816     	94 103.419     	42 103.737     	19 103.913     	31 103.986     	74 103.895     	30 104.323     	11 103.592     	80 104.230     	41 104.007     	81 104.392     	53 104.655     	69 104.460     	 3 105.060     	82 105.262     	14 105.651     	35 105.821     	26 105.684     	 2 105.858     	
Lap 3	98 104.015     	29 103.864     	47 103.957     	94 104.039     	31 103.310     	42 104.123     	19 104.170     	30 103.997     	41 103.991     	80 104.120     	74 104.615     	11 104.511     	81 104.183     	53 104.326     	69 104.438     	 3 104.412     	82 105.458     	35 105.507     	26 105.594     	14 105.865     	 2 105.640     	
Lap 4	47 103.528     	94 103.715     	98 104.167     	42 103.414     	31 103.886     	29 104.262     	19 103.604     	30 104.612     	74 104.127     	80 104.365     	41 104.677     	11 104.517     	81 104.531     	53 104.623     	69 104.465     	 3 103.962     	82 105.284     	26 105.119     	35 105.456     	14 105.245     	 2 105.719     	
Lap 5	47 103.341     	29 103.571     	31 104.053     	94 104.345     	98 104.308     	42 104.279     	19 104.073     	80 103.688     	74 103.884     	30 103.958     	11 103.933     	41 104.274     	81 104.432     	53 103.927     	69 104.224     	 3 105.376     	82 105.824     	26 105.720     	35 105.926     	14 105.870     	 2 105.466     	
Lap 6	47 103.954     	94 103.686     	29 104.231     	31 103.847     	98 103.792     	19 104.027     	42 104.280     	30 103.958     	80 104.031     	11 104.189     	74 104.850     	81 104.247     	53 104.122     	41 104.632     	69 104.020     	 3 104.549     	82 105.170     	35 105.363     	14 105.568     	26 106.093     	 2 105.711     	
Lap 7	47 102.366     	29 103.632     	31 103.619     	94 103.809     	98 103.798     	19 104.051     	42 103.905     	80 103.607     	30 104.766     	11 104.059     	74 104.254     	81 104.056     	41 104.035     	53 104.157     	69 104.618     	 3 104.036     	82 105.624     	35 105.634     	14 106.079     	 2 105.744     	26 106.266     	
Lap 8	47 102.647     	98 103.548     	94 103.893     	31 104.000     	29 104.428     	42 103.619     	19 103.788     	80 103.103     	11 104.052     	74 104.351     	30 104.809     	41 104.586     	53 104.690     	81 104.831     	69 104.318     	 3 104.273     	82 106.002     	35 105.605     	14 105.351     	26 105.931     	 2 106.137     	
Lap 9	47 102.989     	98 103.619     	80 103.741     	31 104.476     	29 104.194     	42 104.322     	19 104.489     	94 105.706     	11 103.967     	30 104.294     	74 104.893     	69 103.902     	41 104.692     	53 104.894     	81 104.946     	 3 104.655     	82 105.130     	35 105.309     	26 105.893     	 2 105.995     	14 125.463 PIT	
Lap 10	47 103.340     	98 102.900     	31 103.789     	29 103.735     	80 104.158     	42 103.837     	19 103.928     	94 104.150     	11 103.773     	30 104.397     	74 104.531     	69 104.885     	41 104.905     	53 104.677     	81 104.814     	 3 104.774     	82 105.510     	35 105.183     	26 106.254     	 2 106.492     	14 122.552 PIT	
Lap 11	47 103.007     	98 102.979     	29 104.107     	80 104.240     	42 104.135     	31 104.691     	19 104.263     	94 104.445     	11 105.340     	30 104.259     	74 104.958     	69 104.521     	41 104.510     	81 104.243     	53 104.863     	 3 104.365     	35 105.676     	82 106.075     	26 106.202     	 2 106.446     	14 106.045     	
Lap 12	47 102.839     	98 103.279     	29 104.169     	42 104.113     	31 104.365     	80 104.841     	19 104.531     	94 104.423     	11 104.739     	30 104.246     	69 104.547     	74 104.948     	81 104.897     	41 105.181     	53 105.504     	 3 104.125     	35 106.412     	82 107.259     	26 106.388     	 2 106.974     	14 105.684     	
Lap 13	47 103.617     	98 103.527     	31 103.892     	29 104.740     	42 104.846     	19 104.054     	80 104.800     	94 104.486     	30 104.230     	11 104.973     	69 104.497     	41 104.673     	81 104.931     	74 105.337     	53 105.088     	 3 106.006     	35 106.384     	82 106.810     	26 105.496     	 2 105.097     	14 105.008     	
Lap 14	47 102.894     	98 103.317     	29 103.987     	31 104.303     	42 104.581     	19 104.724     	80 104.231     	94 103.918     	30 104.599     	11 105.680     	69 104.438     	74 104.367     	81 104.712     	53 103.658     	41 105.008     	 3 104.597     	35 105.476     	82 105.039     	26 105.985     	 2 106.647     	14 105.048     	
Lap 15	47 103.337     	98 103.585     	29 104.692     	31 104.525     	42 104.307     	94 103.840     	80 104.691     	19 104.983     	30 103.928     	69 104.898     	11 105.076     	74 104.819     	53 104.606     	41 104.772     	81 105.176     	 3 104.809     	35 106.030     	82 106.951     	26 105.728     	 2 105.806     	14 105.183     	
Lap 16	47 103.492     	98 103.335     	31 105.048     	29 105.091     	42 104.617     	94 104.508     	19 104.965     	80 105.319     	30 104.371     	11 105.188     	69 105.618     	74 105.283     	53 105.168     	41 105.142     	81 105.462     	 3 105.118     	35 104.954     	82 104.883     	26 105.922     	 2 105.842     	14 105.131     	
Lap 17	47 103.884     	98 103.260     	42 104.364     	94 104.694     	29 105.052     	80 104.167     	19 105.103     	30 104.187     	11 105.514     	69 105.747     	53 104.963     	41 104.909     	74 105.673     	81 105.233     	 3 105.352     	31 126.029 PIT	35 105.287     	82 105.071     	26 105.948     	 2 105.670     	14 105.884     	
Lap 18	47 104.076     	98 103.721     	42 104.521     	29 104.968     	94 105.247     	80 104.917     	30 104.741     	19 105.262     	11 105.299     	53 104.966     	69 105.345     	74 105.467     	41 105.963     	81 105.445     	 3 105.279     	31 103.473     	35 105.095     	82 105.158     	26 105.225     	 2 106.141     	14 105.214     	
Lap 19	47 103.547     	98 103.942     	42 104.816     	80 104.513     	29 105.226     	94 105.429     	30 104.991     	19 105.481     	11 105.035     	69 105.113     	53 105.489     	41 105.462     	81 105.276     	74 105.828     	 3 104.907     	31 102.373     	35 105.255     	82 105.461     	26 105.412     	 2 106.078     	14 105.833     	
Lap 20	98 103.861     	47 122.173 PIT	30 105.997     	69 105.864     	53 106.412     	81 105.301     	74 105.645     	31 102.629     	42 122.935 PIT	80 123.665 PIT	29 124.299 PIT	94 124.302 PIT	19 123.956 PIT	11 123.911 PIT	82 105.586     	41 124.017 PIT	 3 125.589 PIT	35 123.374 PIT	26 123.314 PIT	 2 124.369 PIT	14 105.609     	
Lap 21	98 104.058     	47 102.450     	30 104.502     	81 105.312     	74 105.269     	31 103.179     	42 102.998     	80 103.727     	29 103.632     	94 104.137     	19 103.042     	11 103.393     	41 103.525     	53 124.171 PIT	69 125.052 PIT	82 106.504     	 3 105.788     	35 104.974     	26 104.874     	 2 105.054     	14 106.291     	
Lap 22	47 102.270     	30 104.915     	98 123.368 PIT	31 102.447     	74 104.976     	42 102.555     	80 103.867     	29 103.504     	19 103.447     	94 103.861     	11 103.387     	41 103.011     	69 104.892     	81 124.027 PIT	 3 103.710     	82 108.230     	35 104.515     	26 104.924     	53 125.851 PIT	 2 105.031     	14 105.860     	
Lap 23	47 102.194     	98 102.600     	31 104.284     	42 102.464     	29 103.615     	80 103.966     	19 103.785     	94 104.018     	11 102.964     	30 124.542 PIT	41 102.829     	69 103.962     	81 104.069     	 3 104.136     	74 124.822 PIT	35 103.840     	26 105.782     	53 105.852     	 2 105.070     	82 125.496 PIT	14 106.389     	
Lap 24	47 102.605     	98 102.757     	31 104.025     	42 103.719     	80 103.690     	29 103.919     	19 103.809     	94 104.155     	11 103.849     	30 104.766     	41 105.285     	69 103.868     	81 103.915     	74 102.569     	 3 104.618     	35 104.778     	53 102.773     	26 104.497     	 2 105.452     	82 106.626     	14 106.041     	
Lap 25	47 103.158     	98 103.062     	42 103.589     	31 103.755     	29 102.973     	80 103.845     	19 103.516     	94 103.753     	11 102.689     	30 102.546     	41 103.474     	69 103.862     	81 103.984     	74 103.762     	 3 103.690     	35 104.304     	53 104.672     	26 106.110     	 2 104.685     	82 104.247     	14 106.302     	
Lap 26	47 103.109     	98 102.796     	42 103.950     	31 104.004     	29 103.610     	80 103.908     	19 104.225     	94 103.258     	11 103.540     	30 103.169     	41 103.679     	74 103.075     	81 103.995     	69 104.736     	 3 104.506     	35 104.947     	53 102.892     	26 104.834     	 2 105.133     	82 104.330     	14 105.994     	
Lap 27	47 102.426     	98 102.780     	42 103.548     	31 104.667     	29 103.233     	80 103.000     	19 103.538     	94 103.529     	11 103.261     	30 103.033     	41 103.580     	74 104.250     	81 104.184     	69 104.129     	 3 104.295     	35 104.249     	53 103.053     	26 105.165     	 2 105.784     	82 106.606     	14 107.897     	
Lap 28	47 102.996     	98 102.884     	42 102.508     	31 103.412     	29 104.025     	80 104.248     	94 103.752     	19 104.338     	30 103.173     	11 104.835     	41 103.349     	74 104.191     	69 103.965     	81 104.557     	 3 104.284     	35 104.702     	53 103.614     	26 104.302     	 2 104.529     	82 104.605     	14 106.280     	
Lap 29	47 102.748     	98 102.961     	42 103.475     	31 103.361     	29 103.060     	80 103.349     	94 104.702     	19 104.607     	30 104.609     	11 105.740     	41 103.685     	74 104.460     	69 104.249     	81 104.336     	 3 104.015     	35 104.887     	53 102.951     	26 105.219     	 2 104.766     	82 104.546     	14 106.276     	
Lap 30	47 102.968     	98 102.920     	42 103.227     	31 103.157     	29 103.373     	80 103.574     	19 103.733     	94 104.687     	30 103.197     	11 104.638     	41 104.723     	74 104.169     	81 104.022     	69 104.780     	 3 103.909     	53 105.565     	35 106.258     	26 105.261     	 2 105.498     	82 104.911     	14 124.670 PIT	
Lap 31	47 103.206     	98 102.885     	42 102.777     	31 102.994     	29 102.864     	80 103.269     	94 104.096     	19 104.673     	30 103.385     	11 104.390     	41 104.453     	81 104.178     	74 104.593     	69 104.654     	 3 104.008     	53 104.957     	35 106.620     	26 105.443     	 2 106.403     	82 106.406     	14 105.552     	
Lap 32	47 103.389     	98 103.035     	42 103.616     	31 103.878     	29 103.079     	80 103.690     	19 103.887     	30 104.020     	94 104.882     	11 104.366     	41 104.855     	74 104.210     	81 104.666     	69 104.295     	 3 105.634     	53 103.796     	35 105.139     	26 105.182     	 2 106.384     	82 107.437     	14 105.039     	
Lap 33	47 102.855     	98 102.734     	42 103.415     	31 103.912     	29 103.172     	80 103.503     	19 104.044     	30 104.090     	94 104.497     	11 103.217     	41 103.876     	81 104.197     	74 104.645     	69 104.455     	 3 104.260     	53 103.342     	35 104.598     	26 104.921     	 2 105.194     	82 104.170     	14 104.965     	
Lap 34	47 103.695     	98 103.582     	42 103.184     	31 103.827     	29 103.493     	80 103.275     	19 104.658     	30 104.416     	94 104.512     	11 103.773     	41 104.423     	81 104.812     	74 104.842     	69 104.955     	 3 104.837     	53 103.385     	35 105.332     	26 104.766     	 2 106.572     	82 107.324     	14 105.108     	
Lap 35	47 103.041     	98 103.751     	42 103.420     	31 104.283     	29 103.948     	80 103.392     	19 104.935     	30 104.602     	94 105.189     	11 103.976     	41 103.839     	81 104.300     	74 104.793     	69 105.487     	 3 104.982     	53 104.089     	35 105.421     	26 105.049     	 2 105.398     	82 104.762     	14 105.146     	
Lap 36	47 103.022     	98 103.151     	42 103.832     	31 104.408     	29 103.387     	80 103.337     	30 104.055     	19 105.100     	94 103.839     	11 104.073     	41 104.288     	74 103.683     	81 104.397     	69 104.110     	 3 104.476     	53 104.280     	35 105.199     	26 105.409     	 2 107.200     	82 107.628     	14 105.473     	
Lap 37	47 103.317     	98 103.149     	42 103.470     	29 104.398     	31 105.245     	80 104.131     	30 104.824     	19 104.743     	94 105.088     	11 103.754     	41 103.965     	74 104.886     	81 104.798     	69 103.962     	 3 104.757     	53 103.875     	35 104.990     	26 105.595     	82 105.187     	 2 106.212     	14 105.326     	
Lap 38	47 103.314     	98 103.235     	42 103.937     	29 104.797     	80 104.402     	31 105.702     	30 104.548     	19 104.725     	94 105.000     	11 105.554     	41 104.236     	81 104.727     	74 105.249     	69 104.622     	 3 104.811     	53 104.447     	35 105.595     	26 106.087     	 2 105.975     	82 106.349     	14 105.203     	
Lap 39	47 103.544     	98 103.501     	42 104.016     	29 103.579     	80 105.360     	31 106.356     	30 104.334     	19 105.513     	94 105.094     	41 104.120     	11 106.197     	81 104.980     	74 105.586     	69 105.244     	 3 105.220     	53 103.918     	35 105.623     	26 107.020     	 2 107.531     	82 107.693     	14 105.415     	
Lap 40	98 103.434     	47 122.680 PIT	42 104.427     	30 104.276     	29 123.072 PIT	80 122.636 PIT	31 122.913 PIT	81 104.590     	74 104.881     	69 105.842     	 3 105.102     	19 123.347 PIT	94 123.541 PIT	41 123.919 PIT	11 125.136 PIT	53 104.494     	35 123.000 PIT	 2 107.742     	82 108.057     	26 124.437 PIT	14 106.308     	
Lap 41	98 104.274     	47 102.612     	42 122.918 PIT	30 104.220     	29 102.624     	80 102.907     	31 102.677     	81 104.417     	74 104.977     	69 106.472     	 3 105.177     	19 103.694     	94 103.673     	41 103.904     	11 103.429     	53 104.322     	35 104.896     	 2 106.979     	82 108.111     	26 105.073     	14 106.134     	
Lap 42	47 102.122     	98 122.083 PIT	42 103.799     	30 104.624     	29 102.836     	80 102.447     	31 102.771     	81 104.512     	74 104.771     	19 103.449     	69 106.363     	94 103.661     	 3 106.958     	41 102.843     	11 102.828     	53 104.206     	35 104.604     	 2 106.932     	82 105.173     	26 104.830     	14 106.241     	
Lap 43	47 102.253     	98 103.432     	42 103.812     	30 105.091     	29 102.307     	80 102.741     	31 102.508     	81 105.200     	74 104.468     	19 103.896     	94 103.753     	41 103.653     	11 102.614     	 3 107.279     	53 105.217     	69 124.192 PIT	35 104.177     	26 104.025     	 2 126.549 PIT	82 126.726 PIT	14 105.770     	
Lap 44	47 102.671     	98 102.485     	42 102.451     	29 104.030     	80 102.945     	31 102.683     	94 103.386     	19 104.161     	30 124.575 PIT	41 104.625     	11 104.645     	53 105.285     	81 123.733 PIT	74 124.375 PIT	69 103.897     	 3 125.414 PIT	35 104.853     	26 104.295     	 2 106.500     	82 106.435     	14 106.056     	
Lap 45	47 102.611     	98 102.942     	42 102.848     	29 102.836     	80 104.349     	31 104.664     	19 104.261     	94 104.348     	30 104.885     	41 104.773     	11 104.904     	81 103.686     	74 103.615     	69 103.170     	 3 103.884     	53 124.031 PIT	35 104.828     	26 104.882     	 2 105.467     	82 106.364     	14 105.864     	
Lap 46	47 102.304     	98 103.196     	42 102.964     	29 102.699     	80 102.595     	31 103.203     	94 103.948     	19 104.387     	30 104.211     	41 104.516     	11 105.047     	81 103.199     	74 103.583     	69 103.505     	 3 103.401     	53 103.081     	35 104.267     	26 105.023     	 2 104.761     	82 104.030     	14 106.814     	
Lap 47	47 103.025     	98 102.898     	42 103.104     	29 102.562     	80 103.473     	31 102.527     	94 103.877     	19 103.572     	30 104.490     	41 104.597     	11 104.478     	81 102.645     	74 102.906     	69 103.623     	 3 104.264     	53 102.914     	35 104.830     	26 105.221     	 2 105.629     	82 107.118     	14 106.601     	
Lap 48	47 102.660     	98 102.733     	42 102.567     	29 103.422     	80 104.187     	31 104.120     	94 103.934     	19 104.424     	30 103.711     	41 105.014     	11 104.781     	81 102.931     	74 102.991     	69 103.745     	 3 104.139     	53 103.568     	35 104.626     	26 104.879     	 2 104.802     	82 104.645     	14 106.723     	
Lap 49	47 103.108     	98 103.415     	42 102.838     	29 103.110     	80 104.287     	31 104.450     	94 103.994     	19 104.227     	30 103.017     	41 104.573     	11 104.484     	81 103.512     	74 103.118     	69 103.643     	 3 104.021     	53 103.625     	35 104.716     	26 104.761     	 2 104.741     	82 104.843     	14 106.370     	
Lap 50	47 103.332     	98 103.325     	42 103.178     	29 102.849     	80 104.706     	31 104.616     	94 104.672     	19 104.279     	30 103.595     	11 104.569     	41 105.054     	81 102.788     	74 103.531     	69 103.617     	 3 103.850     	53 103.432     	35 105.009     	26 104.607     	 2 105.103     	82 104.804     	14 107.054     	
Lap 51	47 102.691     	98 102.978     	42 103.085     	29 103.310     	80 104.444     	31 104.544     	94 103.992     	30 103.570     	19 104.562     	11 104.659     	41 104.781     	81 103.498     	74 103.249     	69 103.856     	 3 104.784     	53 104.224     	35 105.010     	26 104.998     	 2 104.607     	82 104.731     	14 124.965 PIT	
Lap 52	47 102.762     	98 103.149     	42 103.121     	29 103.750     	80 104.868     	31 104.511     	94 104.830     	30 104.750     	19 105.003     	11 104.448     	41 104.822     	81 102.915     	74 103.572     	69 103.748     	53 104.284     	 3 105.506     	35 104.592     	26 105.216     	82 105.038     	 2 107.401     	14 105.918     	
Lap 53	47 103.448     	98 103.230     	42 103.459     	29 103.503     	80 104.046     	31 105.027     	94 104.996     	30 104.621     	19 104.728     	11 104.360     	81 104.258     	41 104.876     	74 103.208     	69 103.495     	53 104.862     	 3 105.964     	35 105.122     	26 105.533     	82 105.585     	 2 105.087     	14 104.973     	
Lap 54	47 103.258     	98 102.886     	42 102.926     	29 103.447     	80 103.400     	31 103.119     	94 104.355     	30 104.970     	19 104.604     	11 105.006     	81 104.915     	41 105.108     	74 103.682     	69 104.055     	53 103.616     	 3 104.074     	35 105.292     	26 105.623     	 2 104.730     	82 105.734     	14 105.716     	
Lap 55	47 103.324     	98 103.782     	42 103.440     	29 103.243     	80 103.765     	31 103.811     	94 104.342     	30 104.972     	19 105.280     	81 104.098     	11 104.775     	41 104.861     	74 104.477     	69 104.278     	53 104.065     	 3 104.110     	35 105.096     	26 104.869     	 2 106.448     	82 106.768     	14 105.571     	
Lap 56	47 103.239     	98 103.226     	42 103.375     	29 104.110     	80 104.279     	31 103.213     	94 104.025     	30 105.117     	19 105.568     	81 104.406     	11 105.375     	74 104.656     	41 105.529     	69 104.057     	53 103.192     	 3 104.940     	35 105.444     	26 105.117     	 2 105.620     	82 104.993     	14 105.949     	
Lap 57	47 103.338     	98 103.295     	42 104.080     	29 104.034     	31 104.764     	80 105.382     	94 104.197     	30 105.016     	19 104.924     	81 103.823     	11 105.201     	74 105.180     	41 105.895     	69 104.175     	53 103.591     	 3 104.805     	35 105.810     	26 105.859     	 2 106.358     	82 107.469     	14 105.386     	
Lap 58	47 104.097     	98 103.724     	42 103.387     	29 103.854     	31 104.493     	80 104.259     	94 104.157     	30 104.708     	19 105.833     	81 103.702     	74 104.679     	11 105.527     	41 104.773     	69 103.772     	53 104.214     	 3 104.667     	35 105.596     	26 105.899     	 2 105.116     	82 104.897     	14 106.088     	
Lap 59	47 103.719     	98 103.995     	42 103.838     	29 104.426     	31 104.660     	80 105.211     	94 104.234     	30 103.528     	81 104.816     	19 105.586     	74 105.134     	11 105.560     	41 104.716     	69 104.436     	53 103.880     	 3 104.606     	35 105.392     	26 105.435     	 2 105.821     	82 105.079     	14 105.565     	
Lap 60	47 104.451     	98 104.007     	42 103.649     	80 104.709     	29 123.276 PIT	94 104.526     	31 123.617 PIT	30 104.182     	19 104.526     	81 105.428     	74 105.532     	69 104.007     	53 103.765     	 3 105.143     	11 124.360 PIT	41 124.475 PIT	35 124.356 PIT	26 124.057 PIT	 2 107.125     	82 107.237     	14 106.173     	
Lap 61	98 103.908     	47 122.889 PIT	42 103.884     	29 103.122     	31 102.791     	94 104.584     	80 123.230 PIT	30 103.948     	81 105.353     	74 104.352     	69 104.282     	53 104.442     	19 124.251 PIT	 3 104.800     	11 104.849     	41 104.791     	35 104.529     	26 105.185     	 2 106.779     	82 108.092     	14 106.124     	
Lap 62	47 102.551     	42 104.125     	98 122.645 PIT	29 102.897     	31 103.752     	80 103.858     	30 104.389     	81 104.109     	74 104.407     	69 104.617     	94 124.001 PIT	53 103.957     	19 103.300     	 3 104.852     	11 103.722     	41 104.111     	35 104.044     	26 104.502     	 2 106.366     	82 105.883     	14 105.461     	
Lap 63	47 102.214     	42 104.814     	98 102.862     	29 102.886     	31 102.251     	80 104.130     	30 104.290     	81 104.607     	74 104.209     	94 103.517     	53 104.364     	19 102.374     	11 103.864     	41 103.227     	 3 106.119     	69 123.748 PIT	35 104.129     	26 104.944     	 2 125.126 PIT	82 124.619 PIT	14 105.613     	
Lap 64	47 102.974     	98 104.268     	42 123.728 PIT	29 103.059     	31 102.638     	80 104.253     	30 105.021     	94 102.896     	53 104.040     	19 102.363     	81 123.006 PIT	11 104.279     	41 103.902     	74 123.379 PIT	69 104.046     	 3 125.625 PIT	35 104.369     	26 104.540     	 2 104.545     	82 105.001     	14 106.348     	
Lap 65	47 102.680     	98 103.186     	42 103.208     	29 102.813     	31 102.911     	80 103.168     	94 102.837     	19 104.245     	30 123.857 PIT	81 103.750     	74 104.137     	41 104.675     	69 103.262     	11 105.568     	53 124.686 PIT	 3 104.446     	35 104.381     	26 104.893     	 2 104.166     	82 104.292     	14 106.442     	

-- OFFICIAL RESULTS --
Pos	#No	Driver						Team					Time		Diff		Pits	Best
01	#47	PAV	ketila léqa pavúteka	Team Solea Racing		1:52:39.501	-0.000		3		102.122
02	#98	MOT	Gorga Motxev			Dotruga Formula Racing	1:52:56.509	-17.008		3		102.485
03	#42	OOS	Frank Oosterhout		Cows Go Moo Racing		1:53:15.473	-35.972		3		102.451
04	#29	ALU	Sago Aludetsei			Dotruga Formula Racing	1:53:17.252	-37.752		3		102.307
05	#31	ŠAŊ	xap'ít celentir šaŋév	Team Solea Racing		1:53:30.558	-51.058		3		102.251
06	#80	AYA	Ifloenne é Aya			Team V.V. Imperial		1:53:36.599	-57.099		3		102.447
07	#94	NES	At'ipi Nesbeksë			Team Diigikwk Racers	1:53:52.268	-72.768		3		102.837
08	#19	ZAI	khélok atep zailunaɰ	Team Solea Racing		1:53:58.383	-78.883		3		102.363
09	#30	WIS	Josh Wise				BONGATAR				1:53:58.974	-79.473		3		102.546
10	#81	KÆR	Lyǽs Kæræsekæræn		Team V.V. Imperial		1:54:02.832	-83.331		3		102.645
11	#74	KON	Bařàsiz Konoca			Team Diigikwk Racers	1:54:07.083	-87.582		3		102.569
12	#41	CAN	Olga Candy				Cows Go Moo Racing		1:54:07.322	-87.821		3		102.829
13	#69	SAN	Marisa Sanchez			Cows Go Moo Racing		1:54:07.929	-88.428		3		103.170
14	#11	KEG	Tuto Keget				Dotruga Formula Racing	1:54:08.201	-88.700		3		102.614
15	#53	TÀC	Ešuro Tàcràɰë			Team Diigikwk Racers	1:54:18.171	-98.670		4		102.773
16	# 3	BOB	Bob						BONGATAR				1:54:30.625	-111.125	3		103.401
17	#35	AKA	Asaúni Akaleta			Team Vikasani			1:54:48.771	-129.270	3		103.840
18	#26	ILI	Rikvisi Iliria			Team Vikasani			1:55:03.701	-144.200	3		104.025
19	# 2	HID	Body Hide				BONGATAR				1:55:36.901	-177.400	3		104.166
20	#82	SAN	Nukki Savra Sanda		Team V.V. Imperial		1:55:38.659	-179.159	3		104.030
21	#14	HÚC	Daseno Húctu			Team Vikasani			1:55:53.963	-194.462	4		104.965

-- RACE INCIDENT REPORT --
At'ipi Nesbeksë made a mistake while attempting an overtake on lap 9.
Daseno Húctu made a pit stop to repair damage caused by a large incident while attempting an overtake on lap 9.
Daseno Húctu made a pit stop to repair damage caused by a large incident while attempting an overtake on lap 10.
xap'ít celentir šaŋév made a pit stop to repair damage caused by a large incident while attempting an overtake on lap 17.
Bob made a mistake on lap 21.
Ešuro Tàcràɰë made a pit stop to repair damage caused by a large incident while attempting an overtake on lap 22.
Daseno Húctu made a mistake while attempting an overtake on lap 27.
Rikvisi Iliria made a mistake on lap 39.
Body Hide made a mistake on lap 52.
Ifloenne é Aya made a mistake while attempting an overtake on lap 59.
Tuto Keget made a mistake while attempting an overtake on lap 65.
