-- LAP TIMES --
Lap 0	31 0.000     	29 0.000     	19 0.100     	98 0.100     	47 0.200     	81 0.200     	42 0.300     	94 0.300     	80 0.400     	74 0.400     	11 0.500     	53 0.500     	30 0.600     	 3 0.600     	41 0.700     	69 0.700     	82 0.800     	35 0.800     	 2 0.900     	26 0.900     	14 1.000     	
Lap 1	29 124.957     	47 125.325     	80 125.572     	31 126.120     	94 125.956     	81 126.124     	42 126.075     	19 126.302     	98 126.411     	53 126.124     	30 126.199     	11 126.905     	41 126.798     	 3 127.131     	69 127.348     	35 128.444     	 2 128.850     	14 128.938     	26 129.072     	82 129.462     	74 149.946 PIT	
Lap 2	29 125.495     	47 126.057     	80 125.858     	31 125.829     	42 125.636     	19 125.958     	98 125.995     	94 126.558     	81 126.597     	53 126.946     	30 126.792     	11 126.526     	69 126.178     	41 127.530     	 3 127.806     	35 128.388     	14 128.925     	 2 129.211     	26 129.431     	82 129.688     	74 127.170     	
Lap 3	29 124.605     	47 125.621     	31 125.672     	80 126.330     	42 126.252     	19 126.237     	81 125.927     	98 126.355     	30 126.016     	94 126.933     	11 126.409     	53 127.087     	69 127.055     	41 127.524     	 3 128.095     	35 127.761     	 2 128.713     	14 129.562     	26 129.054     	82 129.830     	74 126.413     	
Lap 4	29 124.442     	47 125.861     	31 126.119     	19 125.839     	42 126.252     	80 126.389     	98 126.392     	81 126.535     	94 126.688     	30 127.015     	11 126.363     	53 126.907     	41 125.930     	69 127.362     	 3 126.339     	35 127.467     	82 126.349     	 2 129.417     	14 129.067     	26 129.676     	74 126.581     	
Lap 5	29 124.976     	47 125.757     	31 126.080     	80 125.759     	19 126.467     	42 126.648     	98 126.205     	81 126.922     	11 126.351     	94 126.891     	30 126.819     	53 126.653     	41 127.017     	69 126.977     	 3 126.499     	35 128.243     	82 127.789     	 2 128.620     	14 129.679     	26 129.582     	74 126.356     	
Lap 6	29 124.869     	47 125.504     	31 126.200     	80 126.148     	19 126.624     	42 126.398     	98 126.187     	81 126.391     	11 126.717     	94 127.048     	30 127.011     	69 126.998     	53 128.440     	41 127.508     	 3 128.771     	35 127.646     	82 126.775     	 2 128.209     	14 129.054     	26 129.946     	74 126.574     	
Lap 7	29 124.287     	47 125.160     	31 125.746     	80 125.904     	19 126.145     	42 126.552     	81 125.650     	98 126.972     	30 125.412     	11 126.482     	94 126.286     	53 126.485     	69 127.576     	41 127.799     	 3 127.146     	35 127.826     	82 126.650     	 2 127.964     	14 127.697     	26 127.873     	74 127.174     	
Lap 8	29 124.709     	47 124.569     	31 126.472     	80 125.891     	42 126.370     	19 126.987     	81 127.066     	98 126.813     	30 126.853     	94 126.411     	11 126.905     	53 126.010     	69 127.763     	41 127.826     	 3 127.080     	35 129.700     	82 129.408     	 2 127.611     	14 127.869     	26 128.628     	74 127.284     	
Lap 9	29 124.822     	47 124.706     	80 126.269     	31 126.305     	42 126.676     	19 127.125     	98 126.586     	81 126.990     	30 126.866     	94 127.452     	11 127.854     	53 126.133     	69 127.786     	41 128.094     	 3 128.578     	35 129.861     	82 129.896     	 2 128.575     	14 128.483     	26 128.871     	74 127.657     	
Lap 10	29 124.909     	47 124.666     	31 126.518     	80 126.702     	42 127.016     	19 126.693     	98 126.964     	81 127.715     	30 127.464     	94 127.492     	11 127.385     	53 128.642     	69 127.896     	41 127.864     	 3 127.449     	35 129.891     	 2 128.041     	82 129.575     	14 128.844     	26 128.760     	74 127.542     	
Lap 11	29 125.021     	47 125.174     	31 126.342     	80 126.525     	42 127.349     	19 127.286     	98 127.685     	81 127.073     	30 127.482     	94 127.394     	53 126.333     	11 127.932     	69 128.371     	41 127.672     	 3 128.444     	35 129.257     	 2 129.592     	82 130.906     	14 128.933     	74 127.248     	26 128.853     	
Lap 12	29 125.496     	47 125.378     	80 126.043     	31 126.793     	19 126.535     	42 127.394     	98 126.808     	81 128.021     	30 127.798     	94 127.542     	53 127.402     	11 127.959     	69 128.205     	41 128.425     	 3 127.030     	35 129.378     	 2 129.840     	82 128.703     	14 128.272     	74 128.870     	26 129.705     	
Lap 13	29 125.343     	47 125.749     	80 126.641     	31 127.517     	19 127.057     	42 126.863     	98 127.492     	81 126.266     	30 127.287     	94 127.415     	53 127.738     	11 127.813     	69 128.565     	41 128.486     	 3 129.607     	82 128.706     	14 128.429     	35 130.414     	74 125.987     	 2 129.769     	26 130.502     	
Lap 14	29 125.541     	47 125.387     	80 125.635     	31 125.707     	19 127.444     	42 127.408     	98 127.646     	81 127.509     	30 127.687     	94 127.130     	53 127.810     	11 128.361     	41 128.103     	69 128.648     	 3 127.742     	74 127.560     	82 129.620     	35 130.220     	14 130.682     	 2 130.581     	26 130.252     	
Lap 15	29 125.704     	47 126.205     	80 126.131     	31 125.907     	19 127.298     	42 127.007     	98 127.539     	81 127.603     	30 127.424     	94 127.938     	53 127.059     	11 126.634     	41 128.594     	69 128.967     	 3 129.183     	74 126.780     	82 128.596     	35 130.182     	14 130.709     	 2 130.573     	26 130.467     	
Lap 16	29 126.144     	47 126.442     	80 126.481     	31 126.294     	42 127.666     	19 128.009     	98 127.585     	81 128.389     	30 127.552     	94 127.880     	53 128.645     	11 128.505     	41 128.811     	69 128.350     	 3 128.268     	74 126.335     	82 127.937     	35 130.289     	14 130.307     	 2 130.383     	26 131.075     	
Lap 17	29 126.324     	47 126.044     	80 127.734     	31 128.461     	42 128.283     	81 126.928     	30 127.066     	94 127.416     	53 127.950     	 3 128.448     	98 145.239 PIT	19 147.020 PIT	11 147.643 PIT	74 127.500     	41 147.557 PIT	69 147.945 PIT	35 130.498     	14 130.863     	 2 130.718     	26 130.606     	82 147.684 PIT	
Lap 18	29 145.014 PIT	47 144.979 PIT	42 127.367     	81 126.792     	80 146.354 PIT	31 145.458 PIT	98 126.172     	19 126.462     	 3 129.285     	30 145.568 PIT	94 145.712 PIT	53 145.455 PIT	11 126.552     	74 127.880     	41 127.793     	69 127.472     	35 129.240     	 2 131.159     	26 130.216     	82 127.993     	14 149.446 PIT	
Lap 19	29 124.366     	47 125.099     	81 127.029     	80 126.120     	31 126.492     	19 125.928     	98 126.493     	42 145.748 PIT	30 126.041     	94 125.950     	53 126.243     	11 124.893     	74 127.197     	69 126.813     	41 127.547     	 3 147.266 PIT	82 126.499     	35 147.483 PIT	14 129.218     	 2 149.468 PIT	26 148.099 PIT	
Lap 20	29 124.729     	47 124.569     	80 124.594     	31 124.266     	19 126.226     	98 126.652     	42 125.654     	30 125.254     	94 125.606     	81 146.550 PIT	53 126.332     	11 126.952     	69 127.195     	41 127.163     	 3 126.279     	74 146.811 PIT	82 126.884     	35 127.693     	14 128.250     	 2 127.530     	26 129.227     	
Lap 21	29 124.664     	47 124.029     	80 126.449     	31 125.843     	19 126.400     	42 125.428     	98 126.065     	30 125.649     	94 126.855     	81 127.173     	53 126.889     	11 127.400     	69 127.331     	41 126.794     	 3 126.561     	74 125.515     	82 126.536     	35 127.507     	14 127.379     	 2 127.700     	26 128.893     	
Lap 22	29 124.721     	47 124.436     	80 126.166     	31 126.301     	42 125.881     	98 126.682     	30 125.516     	94 126.659     	81 126.083     	53 125.046     	11 125.662     	69 127.000     	41 127.826     	19 149.524 PIT	 3 126.758     	74 125.321     	82 126.863     	35 127.751     	14 127.929     	 2 127.913     	26 129.762     	
Lap 23	29 124.727     	47 124.543     	80 126.020     	31 126.430     	42 126.414     	30 125.838     	98 126.287     	81 126.670     	94 126.956     	53 125.682     	11 125.399     	69 127.079     	19 126.108     	41 127.849     	 3 128.492     	74 125.841     	82 127.425     	35 127.472     	14 127.513     	 2 127.233     	26 128.895     	
Lap 24	29 124.999     	47 124.247     	80 126.687     	31 126.825     	42 126.464     	30 126.784     	98 127.960     	81 126.868     	94 126.795     	11 125.971     	53 128.656     	19 126.510     	69 127.350     	41 126.252     	 3 126.804     	74 125.601     	82 127.191     	35 127.809     	14 127.911     	 2 128.140     	26 129.760     	
Lap 25	29 124.629     	47 125.269     	80 126.847     	31 126.318     	42 126.522     	98 124.867     	30 126.278     	81 126.926     	94 127.100     	53 125.871     	11 127.370     	19 126.297     	69 127.946     	41 127.701     	 3 126.323     	74 126.048     	82 127.361     	35 127.624     	14 129.682     	 2 127.948     	26 129.939     	
Lap 26	29 124.427     	47 124.444     	80 126.110     	31 126.855     	42 126.774     	30 126.466     	98 127.074     	81 126.359     	94 127.270     	53 126.810     	11 127.872     	19 125.163     	69 127.476     	41 127.655     	74 125.896     	 3 128.604     	82 127.047     	35 128.290     	 2 129.213     	14 129.430     	26 130.056     	
Lap 27	29 124.602     	47 125.022     	80 125.817     	31 124.872     	42 126.900     	30 127.068     	98 127.939     	81 125.630     	94 127.189     	11 126.270     	53 127.961     	19 125.219     	74 126.203     	69 127.583     	41 127.956     	 3 126.562     	82 127.835     	35 128.109     	 2 129.115     	14 130.180     	26 129.314     	
Lap 28	29 125.010     	47 125.384     	80 126.688     	31 126.872     	30 126.070     	42 127.113     	98 125.508     	81 125.451     	94 127.221     	11 127.104     	53 128.146     	19 125.031     	74 127.583     	69 128.025     	41 127.663     	 3 128.300     	82 127.932     	35 127.743     	 2 128.075     	14 128.142     	26 129.824     	
Lap 29	29 124.718     	47 124.810     	31 126.561     	80 127.334     	30 126.933     	42 126.401     	98 127.750     	81 125.454     	94 127.488     	53 126.278     	11 127.587     	19 124.878     	74 127.450     	 3 126.750     	41 127.952     	69 128.446     	82 127.361     	35 128.357     	 2 128.376     	14 128.158     	26 130.142     	
Lap 30	29 125.026     	47 125.228     	31 126.666     	80 126.652     	42 126.915     	30 127.325     	98 127.383     	81 127.034     	94 127.571     	53 127.792     	11 128.158     	19 124.924     	74 126.187     	 3 128.597     	69 128.582     	41 128.664     	82 127.606     	35 128.918     	 2 128.059     	14 129.168     	26 129.642     	
Lap 31	29 125.812     	47 125.614     	80 125.998     	31 126.631     	30 126.219     	42 126.814     	98 127.241     	81 127.492     	94 127.595     	53 127.690     	19 125.240     	11 128.641     	74 126.581     	 3 128.286     	69 128.666     	41 128.678     	82 127.678     	35 128.508     	 2 128.183     	14 128.542     	26 129.986     	
Lap 32	29 125.541     	47 125.667     	80 126.853     	31 127.760     	42 127.454     	30 127.799     	98 127.498     	81 127.183     	94 126.191     	53 126.650     	19 127.087     	11 129.051     	74 126.160     	 3 128.341     	69 128.056     	41 128.294     	82 128.492     	35 128.266     	 2 128.968     	14 128.739     	26 130.331     	
Lap 33	29 125.829     	47 126.231     	80 126.434     	31 125.722     	30 126.757     	42 127.137     	98 127.944     	81 128.147     	94 126.336     	53 126.758     	19 125.265     	11 126.781     	74 126.046     	 3 129.094     	69 129.137     	41 129.128     	82 128.053     	35 128.908     	 2 129.130     	14 129.266     	26 130.192     	
Lap 34	29 126.203     	47 126.397     	80 127.613     	31 127.503     	30 127.858     	42 127.657     	81 127.731     	94 126.758     	19 127.509     	53 128.128     	98 146.948 PIT	74 126.273     	11 145.296 PIT	 3 129.134     	41 128.508     	82 128.583     	69 147.233 PIT	35 128.920     	 2 128.547     	14 129.113     	26 131.088     	
Lap 35	29 126.471     	47 145.149 PIT	31 127.726     	42 127.812     	30 127.977     	81 126.519     	80 146.598 PIT	94 127.096     	19 127.574     	98 126.126     	74 127.830     	11 125.325     	53 148.472 PIT	41 128.273     	 3 128.999     	69 125.939     	82 147.284 PIT	35 129.002     	 2 129.212     	14 130.044     	26 130.606     	
Lap 36	29 126.548     	47 125.072     	42 127.812     	81 126.831     	80 125.375     	31 145.215 PIT	94 127.541     	19 125.561     	98 124.778     	30 146.083 PIT	74 127.310     	11 125.178     	53 126.072     	 3 129.632     	69 125.729     	41 147.450 PIT	82 128.840     	14 130.101     	35 146.978 PIT	 2 148.320 PIT	26 130.853     	
Lap 37	29 145.452 PIT	47 124.638     	42 126.386     	80 125.267     	31 124.724     	19 126.279     	98 126.147     	30 126.373     	81 145.928 PIT	74 127.353     	11 125.693     	94 146.167 PIT	53 125.757     	69 125.603     	41 126.702     	 3 147.667 PIT	82 127.117     	35 128.329     	 2 128.079     	14 148.069 PIT	26 149.924 PIT	
Lap 38	29 124.471     	47 124.204     	42 127.019     	80 125.613     	31 126.479     	19 126.500     	98 125.772     	30 126.108     	81 125.034     	74 127.669     	94 125.811     	11 127.096     	53 125.570     	69 125.616     	41 126.284     	 3 126.599     	82 126.587     	35 128.033     	 2 127.746     	14 128.446     	26 130.013     	
Lap 39	29 124.409     	47 124.115     	80 125.505     	31 124.870     	42 128.651     	19 126.351     	98 124.828     	30 125.195     	81 124.614     	94 126.608     	11 126.911     	53 125.867     	74 148.072 PIT	69 125.598     	41 125.922     	 3 126.009     	82 126.718     	35 127.549     	 2 127.746     	14 127.636     	26 130.334     	
Lap 40	29 123.876     	47 124.534     	80 126.455     	31 125.924     	19 127.029     	98 125.390     	30 126.727     	81 127.243     	42 146.320 PIT	94 125.126     	11 126.806     	53 127.633     	74 126.055     	69 126.410     	41 126.344     	 3 126.726     	82 126.851     	35 127.726     	 2 128.071     	14 128.137     	26 129.538     	
Lap 41	29 124.355     	47 125.104     	80 126.209     	31 126.561     	98 125.665     	30 125.008     	81 125.434     	42 125.514     	94 125.324     	11 125.235     	53 125.427     	19 146.401 PIT	74 125.660     	69 126.756     	41 126.276     	 3 126.860     	82 126.995     	35 127.726     	 2 127.675     	14 127.858     	26 130.543     	
Lap 42	29 124.211     	47 124.481     	80 126.061     	31 126.165     	98 125.494     	30 125.598     	81 125.009     	42 124.417     	94 124.860     	11 125.893     	53 127.415     	74 125.227     	19 146.585 PIT	69 126.681     	41 126.250     	 3 126.367     	82 128.888     	35 127.525     	 2 128.055     	14 128.252     	26 129.242     	
Lap 43	29 124.859     	47 124.930     	80 126.658     	31 126.713     	98 125.680     	30 125.176     	81 125.714     	42 124.532     	94 125.507     	11 125.870     	53 125.365     	74 125.632     	19 125.639     	69 126.273     	41 126.107     	 3 126.421     	82 127.312     	35 128.085     	 2 128.356     	14 128.140     	26 129.512     	
Lap 44	29 125.150     	47 125.379     	80 126.423     	31 127.201     	98 125.179     	30 125.875     	81 125.211     	42 124.741     	94 125.687     	11 126.047     	53 126.338     	74 125.948     	19 124.982     	69 126.884     	41 126.790     	 3 126.382     	82 127.528     	35 128.189     	 2 127.762     	14 128.517     	26 129.980     	
Lap 45	29 125.054     	47 124.648     	80 125.775     	31 124.993     	98 125.594     	30 125.657     	81 125.439     	42 125.378     	94 125.719     	11 126.267     	53 125.528     	74 126.089     	19 124.897     	69 127.175     	41 126.434     	 3 127.195     	82 127.589     	35 127.811     	 2 127.992     	14 127.875     	26 129.773     	
Lap 46	29 125.311     	47 124.892     	80 126.967     	31 127.307     	98 126.135     	30 126.655     	42 124.973     	81 127.392     	94 125.669     	11 126.370     	53 125.763     	74 125.907     	19 124.509     	69 127.117     	41 127.004     	 3 126.661     	82 127.170     	35 128.226     	 2 128.029     	14 128.492     	26 130.310     	
Lap 47	29 124.698     	47 125.239     	80 125.402     	31 125.106     	98 125.864     	30 125.579     	42 126.050     	81 126.889     	94 126.166     	11 126.723     	53 126.203     	74 126.893     	19 126.813     	69 127.155     	41 127.131     	 3 127.284     	82 127.545     	35 128.730     	 2 128.254     	14 128.974     	26 129.648     	
Lap 48	29 125.172     	47 125.382     	80 127.404     	31 126.959     	98 125.699     	30 125.857     	42 124.965     	81 125.712     	94 126.338     	11 126.041     	53 126.727     	74 126.860     	19 127.169     	69 126.711     	41 126.324     	 3 127.485     	82 127.955     	35 128.674     	 2 128.874     	14 128.703     	26 130.029     	
Lap 49	29 125.563     	47 125.951     	80 127.108     	31 127.204     	98 126.296     	30 127.689     	42 127.121     	81 125.701     	94 126.518     	11 127.066     	53 126.957     	19 126.487     	74 127.404     	69 126.858     	41 126.666     	 3 127.196     	82 127.675     	35 128.256     	 2 128.544     	14 128.486     	26 130.636     	
Lap 50	29 125.627     	47 126.059     	80 127.592     	31 127.665     	98 126.623     	42 126.365     	30 127.943     	81 127.739     	94 126.231     	11 127.336     	53 126.918     	19 126.916     	74 127.117     	69 127.612     	41 126.689     	 3 127.778     	82 128.195     	35 128.968     	 2 128.756     	14 128.422     	26 130.293     	

-- OFFICIAL RESULTS --
Pos	#No	Driver						Team					Time		Diff		Pits	Best
01	#29	ALU	Sago Aludetsei			Dotruga Formula Racing	1:44:53.888	-0.000		2		123.876
02	#47	PAV	ketila léqa pavúteka	Team Solea Racing		1:44:59.552	-5.664		2		124.029
03	#80	AYA	Ifloenne é Aya			Team V.V. Imperial		1:45:55.561	-61.673		2		124.594
04	#31	ŠAŊ	xap'ít celentir šaŋév	Team Solea Racing		1:45:56.271	-62.383		2		124.266
05	#98	MOT	Gorga Motxev			Dotruga Formula Racing	1:46:02.710	-68.822		2		124.778
06	#42	OOS	Frank Oosterhout		Cows Go Moo Racing		1:46:06.845	-72.958		2		124.417
07	#30	WIS	Josh Wise				BONGATAR				1:46:08.266	-74.378		2		125.008
08	#81	KÆR	Lyǽs Kæræsekæræn		Team V.V. Imperial		1:46:08.886	-74.998		2		124.614
09	#94	NES	At'ipi Nesbeksë			Team Diigikwk Racers	1:46:12.354	-78.466		2		124.860
10	#11	KEG	Tuto Keget				Dotruga Formula Racing	1:46:20.060	-86.172		2		124.893
11	#53	TÀC	Ešuro Tàcràɰë			Team Diigikwk Racers	1:46:21.263	-87.375		2		125.046
12	#19	ZAI	khélok atep zailunaɰ	Team Solea Racing		1:46:38.590	-104.702	4		124.509
13	#74	KON	Bařàsiz Konoca			Team Diigikwk Racers	1:46:38.996	-105.108	3		125.227
14	#69	SAN	Marisa Sanchez			Cows Go Moo Racing		1:46:48.196	-114.308	2		125.598
15	#41	CAN	Olga Candy				Cows Go Moo Racing		1:46:52.304	-118.416	2		125.922
16	# 3	BOB	Bob						BONGATAR				1:47:00.913	-127.025	2		126.009
17	#82	SAN	Nukki Savra Sanda		Team V.V. Imperial		1:47:15.965	-142.077	2		126.349
18	#35	AKA	Asaúni Akaleta			Team Vikasani			1:47:44.673	-170.785	2		127.467
19	# 2	HID	Body Hide				BONGATAR				1:47:53.795	-179.907	2		127.233
20	#14	HÚC	Daseno Húctu			Team Vikasani			1:48:01.530	-187.642	2		127.379
21	#26	ILI	Rikvisi Iliria			Team Vikasani			1:48:49.850	-235.962	2		127.873

-- RACE INCIDENT REPORT --
Bařàsiz Konoca made a pit stop to repair damage caused by a large incident while attempting an overtake on lap 1.
Nukki Savra Sanda made a mistake while attempting an overtake on lap 1.
Bařàsiz Konoca made a mistake while attempting an overtake on lap 12.
khélok atep zailunaɰ made a pit stop to repair damage caused by a large incident while attempting an overtake on lap 22.
Daseno Húctu made a mistake on lap 25.
Rikvisi Iliria made a mistake while attempting an overtake on lap 39.
Rikvisi Iliria made a mistake while attempting an overtake on lap 41.
khélok atep zailunaɰ made a pit stop to repair damage caused by a large incident while attempting an overtake on lap 42.
Nukki Savra Sanda made a mistake on lap 42.
