-- LAP TIMES --
Lap 0	29 0.000     	30 0.000     	42 0.100     	 4 0.100     	47 0.200     	53 0.200     	80 0.300     	94 0.300     	 3 0.400     	74 0.400     	31 0.500     	11 0.500     	98 0.600     	81 0.600     	41 0.700     	44 0.700     	69 0.800     	 1 0.800     	19 0.900     	 2 0.900     	21 1.000     	22 1.000     	20 1.100     	 5 1.100     	
Lap 1	29 133.375     	30 134.002     	53 133.874     	42 134.396     	47 134.475     	 4 134.599     	 3 134.299     	80 134.648     	11 134.614     	94 134.825     	74 134.769     	19 134.757     	98 135.090     	41 135.009     	81 135.297     	44 135.502     	 2 135.361     	69 135.651     	21 136.479     	22 136.822     	 1 137.073     	 5 137.536     	31 156.551 DRY	20 159.282 DRY	
Lap 2	29 133.361     	30 133.697     	53 134.447     	42 134.235     	 4 134.142     	80 133.900     	47 134.621     	74 134.599     	11 134.716     	94 134.710     	 3 135.184     	81 134.701     	41 134.918     	98 135.115     	19 135.436     	44 135.324     	 2 135.451     	69 136.363     	 1 135.355     	22 136.484     	21 136.881     	 5 138.059     	31 134.438     	20 136.944     	
Lap 3	30 133.407     	29 134.378     	42 133.832     	53 134.622     	 4 134.685     	80 134.797     	47 134.354     	74 134.855     	 3 134.889     	94 135.101     	81 134.770     	11 135.554     	19 135.033     	41 135.638     	98 135.706     	44 135.351     	 2 135.418     	69 135.348     	 1 135.387     	21 136.897     	22 137.001     	 5 136.263     	31 134.085     	20 136.561     	
Lap 4	30 133.715     	29 134.053     	42 134.516     	53 134.562     	80 134.177     	 4 134.642     	47 134.702     	74 134.779     	 3 134.698     	94 134.995     	81 135.037     	11 135.175     	19 135.520     	41 135.542     	98 135.413     	 2 135.143     	44 135.502     	69 135.402     	 1 135.219     	22 136.253     	21 137.395     	 5 135.902     	31 134.100     	20 136.700     	
Lap 5	30 134.101     	29 134.465     	47 133.354     	42 134.839     	53 134.470     	 4 134.552     	80 135.027     	74 135.078     	94 134.669     	 3 135.530     	81 135.401     	11 135.407     	19 135.423     	41 135.360     	98 135.692     	 2 135.920     	44 136.072     	69 136.090     	 1 136.106     	22 135.111     	21 136.977     	 5 137.773     	31 133.335     	
Lap 6	30 134.452     	29 133.744     	80 133.169     	42 134.443     	47 134.870     	53 134.725     	 4 134.679     	74 135.063     	94 135.386     	 3 135.310     	81 134.902     	11 135.475     	19 135.577     	41 135.845     	98 135.991     	 2 135.703     	44 135.700     	69 135.994     	 1 136.205     	22 135.078     	21 135.748     	 5 135.961     	20 136.764     	
Lap 7	30 133.652     	29 134.646     	80 134.617     	53 134.025     	47 134.474     	42 134.862     	 4 134.248     	74 135.442     	 3 134.961     	94 135.466     	11 135.073     	81 135.933     	19 135.941     	41 135.615     	44 135.571     	 2 135.857     	98 136.185     	69 135.659     	 1 135.420     	22 135.733     	21 135.842     	 5 136.614     	20 136.961     	
Lap 8	30 134.384     	29 134.730     	47 134.392     	42 134.425     	80 135.200     	53 135.049     	 4 134.409     	94 133.706     	74 135.281     	 3 135.453     	81 135.407     	11 135.969     	19 136.004     	41 136.456     	44 135.431     	 2 135.983     	98 136.910     	 1 135.460     	69 135.735     	22 135.081     	21 136.298     	 5 136.192     	20 136.789     	
Lap 9	30 133.269     	29 132.808     	 4 134.114     	47 134.882     	42 134.812     	53 134.886     	80 135.173     	94 133.785     	74 135.056     	 3 136.377     	81 135.241     	11 135.215     	19 135.681     	41 135.471     	44 135.521     	 2 136.593     	98 136.109     	 1 136.169     	69 136.266     	22 135.674     	21 136.494     	 5 136.942     	20 136.683     	
Lap 10	30 134.299     	29 134.542     	47 134.685     	 4 134.868     	53 134.313     	42 135.072     	80 134.831     	94 134.054     	74 133.455     	 3 135.188     	81 135.766     	11 135.639     	19 135.302     	41 136.096     	44 136.238     	98 135.621     	 2 136.146     	 1 135.691     	69 135.799     	22 137.039     	21 136.419     	 5 136.170     	20 137.237     	
Lap 11	30 133.566     	29 133.062     	47 134.860     	 4 134.937     	80 134.183     	53 135.140     	42 135.001     	94 134.018     	74 134.119     	 3 135.680     	81 135.639     	11 135.971     	19 134.434     	44 135.502     	41 136.269     	 2 136.095     	98 136.246     	 1 136.500     	69 136.488     	22 135.428     	21 136.498     	 5 137.181     	20 136.632     	
Lap 12	30 134.682     	29 134.774     	 4 134.702     	47 135.251     	80 135.174     	53 135.110     	42 135.509     	94 135.123     	74 134.105     	 3 135.800     	81 135.987     	11 136.311     	19 136.223     	44 136.211     	41 136.156     	98 135.989     	 1 135.946     	 2 137.009     	69 136.970     	22 136.001     	21 136.602     	 5 136.461     	20 136.843     	
Lap 13	30 134.713     	29 134.327     	47 134.956     	 4 135.457     	80 135.014     	53 135.186     	42 135.504     	94 135.603     	74 135.100     	 3 136.261     	81 136.041     	11 135.595     	19 135.770     	41 135.739     	44 136.306     	98 136.313     	 1 136.936     	 2 136.804     	69 136.725     	22 136.830     	21 136.449     	 5 137.340     	20 137.075     	
Lap 14	30 134.368     	29 135.381     	47 135.030     	53 134.797     	 4 135.719     	80 135.826     	42 134.973     	74 135.181     	94 135.945     	 3 135.587     	81 135.989     	11 136.354     	19 136.570     	41 136.283     	44 136.406     	98 135.091     	 1 136.130     	 2 136.714     	69 136.962     	22 137.501     	21 136.725     	 5 137.191     	20 137.571     	
Lap 15	29 133.313     	30 135.291     	53 135.331     	47 135.915     	80 135.718     	 4 135.926     	42 135.508     	74 135.792     	94 135.972     	 3 135.223     	81 136.665     	11 136.364     	19 135.407     	41 136.261     	44 136.187     	98 136.673     	 1 136.375     	 2 137.519     	69 136.611     	22 137.718     	21 137.225     	 5 137.739     	20 137.636     	
Lap 16	53 136.040     	42 134.838     	80 135.663     	30 152.422 DRY	29 153.785 DRY	 3 134.851     	81 136.403     	11 136.482     	19 136.912     	 4 152.707 DRY	47 154.152 DRY	 1 135.588     	74 154.837 DRY	94 154.679 DRY	98 153.725 DRY	44 155.025 DRY	41 155.311 DRY	69 155.311 DRY	 2 155.564 DRY	22 155.130 DRY	21 154.917 DRY	 5 155.177 DRY	20 137.233     	
Lap 17	53 135.561     	42 135.860     	30 134.526     	29 134.631     	 3 136.984     	11 136.302     	81 137.161     	19 136.574     	 4 134.082     	47 133.758     	80 153.878 DRY	 1 135.622     	94 134.321     	74 134.823     	41 134.823     	44 134.987     	98 135.688     	69 135.857     	 2 136.506     	22 135.400     	21 136.223     	 5 136.447     	20 155.626 DRY	
Lap 18	42 135.112     	30 133.738     	29 133.404     	47 133.214     	 4 134.261     	80 135.001     	74 133.979     	53 154.482 DRY	94 134.878     	 3 153.300 DRY	81 154.828 DRY	11 155.160 DRY	19 155.003 DRY	44 135.007     	41 135.067     	98 134.929     	 1 155.510 DRY	69 136.025     	 2 136.071     	22 136.596     	21 135.441     	 5 136.025     	20 137.057     	
Lap 19	30 133.684     	29 134.329     	 4 132.830     	47 133.881     	53 134.071     	80 134.859     	42 153.366 DRY	74 134.538     	94 134.561     	 3 133.723     	11 135.000     	81 135.761     	41 135.053     	19 135.245     	44 136.222     	98 135.991     	 1 134.425     	69 135.876     	 2 135.722     	22 135.098     	21 135.392     	 5 135.765     	20 136.108     	
Lap 20	30 132.244     	29 132.456     	47 133.274     	 4 134.733     	53 134.488     	80 134.293     	74 134.437     	42 134.977     	94 134.345     	 3 133.843     	11 134.793     	81 134.838     	19 134.857     	41 135.426     	44 134.899     	98 135.187     	 1 133.878     	69 135.845     	 2 135.930     	22 135.952     	21 135.426     	 5 135.881     	20 136.609     	
Lap 21	30 132.168     	29 132.393     	47 133.327     	 4 133.154     	53 134.159     	80 134.778     	74 134.678     	94 133.973     	42 134.396     	 3 133.377     	11 135.053     	19 134.940     	81 135.509     	41 135.005     	44 134.985     	 1 133.877     	98 135.478     	69 135.837     	 2 136.435     	22 136.144     	21 135.197     	 5 135.778     	20 136.999     	
Lap 22	30 132.437     	29 132.889     	 4 133.339     	47 134.603     	53 133.914     	42 133.725     	80 134.306     	74 134.849     	94 135.324     	 3 133.653     	11 135.118     	19 135.068     	41 135.198     	81 135.454     	44 135.898     	 1 135.482     	98 136.135     	69 134.943     	 2 136.157     	22 136.523     	21 135.350     	 5 136.145     	20 137.127     	
Lap 23	30 132.534     	29 133.272     	47 133.426     	 4 135.026     	53 134.068     	42 134.355     	80 135.535     	74 135.429     	94 135.026     	 3 133.979     	11 134.951     	19 135.146     	81 135.093     	41 135.368     	44 135.242     	 1 135.433     	98 136.219     	69 134.949     	 2 136.449     	22 136.422     	21 135.835     	 5 136.486     	20 136.829     	
Lap 24	30 133.204     	29 132.629     	47 133.465     	 4 133.589     	53 133.564     	42 133.298     	80 134.983     	94 134.920     	74 135.134     	 3 133.458     	11 135.293     	19 135.513     	81 134.931     	41 135.406     	44 135.663     	 1 135.567     	98 134.648     	69 134.328     	 2 136.096     	22 136.757     	21 135.472     	 5 136.672     	20 137.000     	
Lap 25	30 132.884     	29 132.764     	47 133.832     	 4 133.388     	42 133.461     	53 134.734     	74 134.233     	80 134.990     	94 135.173     	 3 134.250     	11 134.437     	19 135.275     	81 135.656     	41 136.241     	44 136.051     	 1 135.570     	98 136.729     	69 134.362     	 2 134.610     	22 137.156     	21 137.054     	 5 136.115     	20 137.173     	
Lap 26	30 133.374     	29 133.338     	 4 133.653     	47 135.012     	42 134.720     	53 135.358     	80 134.993     	74 135.390     	94 134.612     	 3 134.294     	11 134.402     	19 135.830     	41 134.627     	81 136.240     	 1 135.071     	44 136.105     	98 134.445     	69 135.097     	 2 134.851     	22 137.148     	21 137.391     	 5 136.700     	20 136.665     	
Lap 27	30 132.992     	29 133.174     	47 134.036     	 4 134.960     	42 133.554     	53 133.352     	80 134.898     	94 135.313     	 3 134.336     	74 135.531     	11 134.455     	19 135.531     	41 135.821     	81 135.630     	 1 135.754     	44 136.283     	98 136.269     	69 134.754     	 2 134.893     	22 136.882     	21 137.377     	 5 137.168     	20 136.581     	
Lap 28	30 133.247     	29 132.876     	 4 133.976     	47 135.014     	42 134.661     	53 135.815     	80 134.645     	74 134.279     	94 135.009     	 3 135.710     	11 134.501     	19 135.819     	81 135.979     	41 136.556     	 1 134.719     	44 135.772     	98 136.103     	69 135.318     	 2 135.721     	22 135.798     	21 135.993     	 5 137.073     	20 136.750     	
Lap 29	30 133.769     	29 133.493     	47 134.137     	 4 136.970     	42 133.786     	53 133.949     	80 134.781     	74 135.374     	94 135.783     	 3 136.419     	11 134.684     	19 134.549     	81 135.325     	41 135.958     	 1 135.985     	44 136.457     	69 135.478     	98 136.560     	 2 135.901     	22 136.448     	21 136.122     	 5 137.283     	20 137.104     	
Lap 30	30 133.845     	29 133.312     	47 134.264     	 4 133.681     	42 133.536     	53 133.541     	80 134.470     	74 135.285     	 3 134.188     	94 135.835     	11 134.116     	19 135.160     	81 134.967     	 1 136.013     	41 136.451     	44 136.539     	69 136.711     	98 136.773     	 2 135.418     	22 137.521     	21 137.776     	 5 136.912     	20 137.431     	
Lap 31	30 133.391     	29 134.232     	47 133.763     	 4 133.959     	42 133.819     	53 134.263     	80 134.475     	74 134.177     	94 133.968     	 3 136.268     	11 134.723     	19 134.482     	81 135.145     	 1 136.406     	41 136.111     	44 136.157     	69 136.672     	98 136.796     	 2 135.965     	22 136.000     	21 136.265     	 5 137.102     	20 137.990     	
Lap 32	30 152.023 DRY	29 152.687 DRY	 4 134.542     	42 133.813     	53 133.635     	80 134.034     	74 134.618     	47 152.408 DRY	 3 134.738     	11 134.572     	94 152.790 DRY	19 135.292     	81 134.925     	 1 137.010     	41 136.982     	44 135.252     	69 136.880     	98 137.011     	 2 136.134     	22 136.664     	21 136.688     	 5 137.859     	20 137.294     	
Lap 33	30 132.907     	29 133.221     	42 134.130     	53 134.382     	80 134.453     	47 132.795     	 4 152.285 DRY	 3 134.832     	11 135.207     	74 153.038 DRY	94 133.761     	19 135.299     	81 135.354     	44 135.068     	41 137.009     	 1 137.134     	98 137.102     	22 136.513     	69 155.766 DRY	 2 153.987 DRY	 5 137.574     	21 154.968 DRY	20 155.749 DRY	
Lap 34	30 132.701     	29 132.593     	42 133.964     	53 134.690     	80 134.927     	47 132.480     	 4 134.147     	 3 135.833     	94 134.303     	74 135.105     	19 135.455     	81 135.626     	11 153.339 DRY	98 135.682     	44 153.876 DRY	41 155.276 DRY	22 136.888     	 1 155.995 DRY	69 135.004     	 2 135.256     	21 135.563     	 5 155.462 DRY	20 136.797     	
Lap 35	30 132.421     	29 132.505     	42 133.914     	47 133.674     	 4 132.426     	53 152.440 DRY	80 154.559 DRY	94 134.622     	74 134.206     	19 135.202     	 3 153.857 DRY	81 135.402     	11 133.727     	44 134.062     	41 135.345     	 1 136.373     	69 134.478     	 2 134.596     	98 155.124 DRY	21 135.209     	22 157.360 DRY	 5 136.527     	20 136.692     	
Lap 36	30 133.020     	29 132.960     	42 134.105     	47 133.300     	 4 132.560     	53 133.483     	74 133.806     	80 135.208     	94 134.839     	 3 135.208     	11 133.682     	19 154.273 DRY	81 154.191 DRY	44 134.236     	41 133.786     	 1 135.377     	69 135.339     	 2 135.738     	98 136.250     	21 135.148     	22 135.374     	 5 135.540     	20 136.078     	
Lap 37	30 133.001     	29 132.938     	47 132.632     	 4 132.969     	42 152.929 DRY	53 133.212     	80 134.099     	74 135.046     	94 134.714     	 3 133.429     	11 133.570     	19 134.020     	81 134.158     	44 133.711     	41 133.842     	 1 135.642     	69 135.889     	 2 136.149     	98 136.339     	21 135.834     	22 134.640     	 5 136.213     	20 136.925     	
Lap 38	30 132.933     	29 132.389     	47 133.542     	 4 132.711     	42 133.695     	53 132.865     	80 134.100     	74 135.014     	94 135.047     	 3 133.895     	11 133.726     	19 133.358     	81 133.311     	44 133.992     	41 133.701     	 1 135.716     	69 135.625     	 2 134.569     	98 134.323     	21 135.399     	22 135.246     	 5 135.930     	20 136.294     	
Lap 39	30 132.509     	29 132.611     	47 133.322     	 4 132.826     	42 134.153     	53 134.982     	80 132.889     	74 134.669     	94 134.627     	 3 133.729     	11 133.586     	19 133.688     	81 134.244     	44 133.606     	41 134.146     	 1 135.746     	69 135.626     	 2 136.167     	98 136.200     	21 135.589     	22 134.906     	 5 136.254     	20 137.023     	
Lap 40	30 132.656     	29 133.027     	47 133.697     	 4 133.616     	42 133.024     	53 133.264     	80 132.904     	94 134.570     	74 135.353     	 3 133.654     	11 134.346     	19 133.865     	81 133.662     	44 133.876     	41 133.953     	 1 135.356     	69 136.343     	 2 136.018     	98 136.659     	21 136.215     	22 134.875     	 5 136.660     	20 136.873     	
Lap 41	30 133.364     	29 132.716     	47 133.718     	 4 133.160     	42 132.880     	53 132.745     	80 133.302     	94 134.689     	74 134.716     	 3 134.144     	11 133.668     	19 133.713     	81 134.390     	44 133.984     	41 134.474     	 1 134.334     	69 134.298     	 2 134.654     	98 134.189     	21 137.043     	22 136.902     	 5 136.184     	20 137.254     	
Lap 42	30 133.250     	29 133.534     	47 133.194     	 4 133.000     	42 133.488     	53 133.024     	80 132.906     	74 134.230     	94 135.418     	 3 134.217     	11 133.773     	19 134.424     	81 134.177     	44 134.648     	41 134.530     	 1 134.234     	69 134.623     	98 134.178     	 2 135.353     	22 136.311     	21 137.373     	 5 136.025     	20 136.919     	
Lap 43	30 133.577     	29 132.727     	47 133.107     	 4 133.218     	42 132.972     	53 133.021     	80 133.546     	74 135.571     	94 135.570     	 3 136.005     	11 134.201     	19 134.141     	81 134.195     	44 134.362     	41 134.683     	 1 134.194     	69 135.162     	98 135.321     	 2 136.899     	22 137.136     	21 137.394     	 5 136.060     	20 137.140     	
Lap 44	30 132.986     	29 133.213     	47 133.220     	 4 133.168     	42 133.152     	53 132.993     	80 133.563     	74 135.415     	94 135.590     	 3 136.158     	11 134.547     	19 134.123     	81 133.743     	44 134.620     	41 134.818     	 1 135.190     	69 134.998     	98 134.547     	 2 135.240     	22 135.191     	21 136.419     	 5 136.314     	20 136.782     	
Lap 45	30 133.483     	29 133.469     	47 133.986     	 4 133.447     	42 132.867     	53 133.575     	80 133.784     	74 134.419     	94 134.319     	 3 134.013     	11 134.009     	19 134.551     	81 134.410     	44 134.432     	41 134.260     	 1 135.058     	69 135.327     	98 134.565     	 2 134.845     	22 135.559     	21 136.420     	 5 137.070     	20 136.947     	

-- OFFICIAL RESULTS --
Pos	#No	Driver						Team					Time		Diff		Pits	Best
01	#30	WIS	Josh Wise				BONGATAR				1:40:42.888	-0.000		2		132.168
02	#29	ALU	Sago Aludetsei			Dotruga Formula Racing	1:40:44.525	-1.637		2		132.389
03	#47	PAV	ketila léqa pavúteka	Team Solea Racing		1:41:09.253	-26.365		2		132.480
04	# 4	BLA	Zaku Blaxon				Team Blaland Racing		1:41:10.163	-27.275		2		132.426
05	#42	OOS	Frank Oosterhout		Cows Go Moo Racing		1:41:18.576	-35.688		2		132.867
06	#53	TÀC	Ešuro Tàcràɰë			Team Diigikwk Racers	1:41:20.408	-37.520		2		132.745
07	#80	AYA	Ifloenne é Aya			Team V.V. Imperial		1:41:32.577	-49.688		2		132.889
08	#74	KON	Bařàsiz Konoca			Team Diigikwk Racers	1:41:45.255	-62.367		2		133.455
09	#94	NES	At'ipi Nesbeksë			Team Diigikwk Racers	1:41:46.239	-63.351		2		133.706
10	# 3	BOB	Bob						BONGATAR				1:41:47.187	-64.299		2		133.377
11	#11	KEG	Tuto Keget				Dotruga Formula Racing	1:41:49.356	-66.468		2		133.570
12	#19	ZAI	khélok atep zailunaɰ	Team Solea Racing		1:42:01.286	-78.398		2		133.358
13	#81	KÆR	Lyǽs Kæræsekæræn		Team V.V. Imperial		1:42:04.083	-81.195		2		133.311
14	#44	KAX	Kaxon Kaxutak			Team Blaland Racing		1:42:08.541	-85.653		2		133.606
15	#41	CAN	Olga Candy				Cows Go Moo Racing		1:42:12.580	-89.692		2		133.701
16	# 1	ROT	Robbie Rotten			Team V.V. Imperial		1:42:23.029	-100.141	2		133.877
17	#69	SAN	Marisa Sanchez			Cows Go Moo Racing		1:42:25.586	-102.697	2		134.298
18	#98	MOT	Gorga Motxev			Dotruga Formula Racing	1:42:27.909	-105.021	2		134.178
19	# 2	HID	Body Hide				BONGATAR				1:42:30.510	-107.622	2		134.569
20	#22	PHI	Philipe					Team Vincent			1:42:49.293	-126.405	2		134.640
21	#21	ORS	Orson					Team Vincent			1:42:52.421	-129.533	2		135.148
22	# 5	NOX	Naxan Noxokolonaxon		Team Blaland Racing		1:43:06.827	-143.939	2		135.540
23	#20	MAC	Mac						Team Vincent			1:43:42.260	-179.372	3		136.078
24	#31	ŠAŊ	xap'ít celentir šaŋév	Team Solea Racing		RETIRED		DNF			1		133.335

-- RACE INCIDENT REPORT --
xap'ít celentir šaŋév made a pit stop to repair damage caused by a large incident while attempting an overtake on lap 1.
Robbie Rotten made a mistake while attempting an overtake on lap 1.
Mac made a pit stop to repair damage caused by a large incident while attempting an overtake on lap 1.
xap'ít celentir šaŋév crashed out on lap 5.
Josh Wise made a mistake on lap 15.
Kaxon Kaxutak made a mistake while attempting an overtake on lap 19.
Ifloenne é Aya made a mistake while attempting an overtake on lap 23.
Olga Candy made a mistake while attempting an overtake on lap 25.
Zaku Blaxon made a mistake while attempting an overtake on lap 29.
