-- LAP TIMES --
Lap 0	29 0.000     	30 0.000     	47 0.100     	53 0.100     	80 0.200     	 4 0.200     	42 0.300     	74 0.300     	 3 0.400     	81 0.400     	11 0.500     	44 0.500     	31 0.600     	 1 0.600     	41 0.700     	94 0.700     	19 0.800     	98 0.800     	69 0.900     	22 0.900     	 2 1.000     	20 1.000     	21 1.100     	 5 1.100     	
Lap 1	 4 84.654     	47 85.213     	30 85.362     	29 85.385     	80 85.252     	53 85.443     	42 85.431     	74 85.504     	94 85.241     	 1 85.415     	11 85.554     	41 85.455     	19 85.458     	44 85.822     	 3 86.027     	81 86.065     	31 86.147     	98 85.972     	69 86.453     	22 86.508     	20 86.458     	 2 86.544     	21 86.451     	 5 86.519     	
Lap 2	 4 85.085     	29 84.802     	30 84.981     	80 85.107     	53 85.050     	42 84.998     	47 85.491     	74 85.067     	19 85.355     	94 85.850     	41 85.768     	11 86.131     	98 85.426     	 1 86.185     	44 85.939     	81 85.828     	 3 86.150     	31 85.897     	21 86.033     	22 86.183     	69 86.523     	20 86.550     	 2 86.502     	 5 86.563     	
Lap 3	 4 84.963     	29 84.867     	47 84.840     	30 85.383     	42 85.104     	74 85.141     	53 85.542     	80 85.643     	94 85.272     	41 85.448     	 1 85.405     	98 85.660     	19 86.272     	44 85.653     	81 85.643     	 3 85.491     	11 86.072     	31 86.160     	22 85.871     	20 86.067     	69 86.344     	 2 86.187     	21 86.855     	 5 86.514     	
Lap 4	29 84.705     	 4 85.311     	30 84.757     	47 84.964     	42 85.390     	53 85.100     	74 85.511     	80 85.837     	94 85.198     	 1 85.416     	41 86.069     	19 85.665     	 3 85.629     	44 85.783     	11 85.504     	81 86.088     	98 86.251     	31 85.625     	22 86.296     	 2 86.221     	20 86.544     	69 86.591     	21 86.674     	 5 86.469     	
Lap 5	 4 84.940     	29 85.539     	47 85.281     	30 85.613     	53 85.298     	42 85.358     	80 84.890     	74 86.053     	94 85.814     	44 85.222     	19 85.632     	 3 85.523     	 1 86.358     	41 86.145     	11 85.876     	81 85.829     	98 86.136     	31 85.827     	22 86.667     	69 86.184     	 2 86.605     	20 86.583     	21 86.405     	 5 86.488     	
Lap 6	 4 84.801     	29 85.260     	47 85.807     	30 85.608     	42 85.196     	53 85.405     	80 85.528     	74 85.698     	94 85.702     	44 85.257     	 3 85.893     	19 86.237     	81 85.711     	11 86.038     	 1 86.334     	41 86.316     	98 85.789     	31 86.619     	22 85.880     	69 86.136     	 2 86.604     	20 86.854     	21 86.757     	 5 87.076     	
Lap 7	29 84.579     	 4 85.251     	53 85.078     	30 85.690     	47 85.851     	42 85.967     	80 85.751     	74 85.497     	94 85.499     	44 85.279     	81 85.357     	 3 85.944     	11 85.739     	19 86.024     	 1 85.886     	41 86.038     	98 86.411     	31 86.398     	22 86.693     	69 86.395     	 2 86.709     	20 86.632     	21 86.861     	 5 87.296     	
Lap 8	 4 84.868     	29 85.458     	30 84.896     	53 85.495     	80 85.059     	42 85.559     	47 85.763     	44 85.220     	74 85.979     	94 85.634     	 3 85.690     	11 85.360     	81 86.234     	19 85.735     	 1 85.856     	41 85.552     	98 85.918     	31 86.646     	22 86.255     	69 86.169     	 2 86.201     	20 86.892     	21 86.742     	 5 87.309     	
Lap 9	29 84.832     	 4 85.410     	30 84.875     	53 85.521     	47 84.955     	80 85.390     	74 85.213     	44 86.019     	94 85.992     	 3 85.783     	11 86.302     	19 86.057     	81 86.152     	41 86.202     	 1 86.292     	98 86.671     	31 85.249     	22 86.182     	69 86.100     	 2 86.324     	20 86.341     	21 86.616     	 5 86.808     	42 103.276 DRY	
Lap 10	 4 84.673     	29 84.827     	30 84.875     	53 85.129     	80 84.650     	47 85.463     	74 85.718     	94 85.275     	44 85.504     	 3 86.177     	81 85.762     	19 85.868     	11 86.264     	 1 85.640     	41 86.278     	98 86.099     	31 86.723     	22 86.569     	 2 85.489     	69 86.869     	20 86.003     	21 86.238     	 5 86.330     	42 85.434     	
Lap 11	29 84.281     	 4 84.769     	30 85.007     	47 84.682     	53 85.521     	80 85.672     	74 85.842     	44 85.607     	94 86.086     	 3 85.661     	81 85.570     	 1 85.700     	19 86.512     	11 86.407     	41 86.442     	98 86.193     	31 86.268     	22 86.623     	 2 86.754     	69 86.526     	20 86.982     	21 86.615     	 5 85.945     	42 84.975     	
Lap 12	29 85.364     	 4 85.103     	30 84.685     	53 85.064     	80 84.882     	47 85.633     	44 85.549     	74 86.163     	94 85.536     	81 85.456     	 3 85.969     	 1 86.203     	11 85.724     	19 86.027     	41 85.716     	98 86.473     	31 86.658     	22 86.495     	69 86.283     	 2 86.336     	20 86.771     	21 86.536     	 5 85.734     	42 85.519     	
Lap 13	29 85.084     	 4 85.612     	30 84.707     	47 85.388     	53 85.914     	80 85.980     	44 86.081     	74 85.998     	94 86.225     	 3 85.511     	81 85.881     	11 85.916     	19 85.978     	 1 86.570     	41 86.793     	98 85.164     	31 85.140     	69 86.006     	22 86.430     	 2 86.439     	20 86.106     	21 86.644     	 5 87.422     	42 85.432     	
Lap 14	29 85.055     	 4 85.366     	30 85.212     	53 85.336     	47 85.862     	80 85.462     	44 85.791     	74 85.734     	94 85.910     	81 85.031     	 3 86.083     	11 85.713     	 1 86.028     	19 86.400     	41 86.383     	98 86.409     	31 86.280     	69 86.753     	22 86.860     	 2 87.269     	20 86.464     	42 85.361     	21 86.851     	 5 87.054     	
Lap 15	29 84.975     	30 84.471     	 4 85.160     	80 84.583     	53 85.306     	47 85.242     	74 85.888     	44 86.190     	94 85.611     	81 85.981     	 3 85.947     	11 85.983     	 1 86.311     	19 86.677     	98 85.961     	41 86.203     	31 86.974     	69 86.080     	22 86.551     	20 85.437     	 2 86.552     	42 85.236     	21 86.088     	 5 87.412     	
Lap 16	29 84.818     	 4 85.385     	30 85.981     	80 85.845     	47 85.814     	53 86.997     	94 85.307     	74 85.944     	44 85.898     	81 86.109     	 3 85.917     	11 84.874     	 1 86.082     	19 86.506     	98 86.222     	41 86.594     	31 85.062     	69 86.056     	42 85.536     	22 87.203     	20 86.500     	 2 86.534     	21 86.751     	 5 87.160     	
Lap 17	29 84.316     	30 84.463     	 4 85.671     	80 85.626     	47 85.954     	53 86.121     	94 85.634     	74 85.565     	44 86.224     	81 85.810     	11 85.454     	 3 85.829     	 1 86.569     	19 86.147     	98 86.449     	31 86.229     	41 86.784     	69 85.855     	42 85.646     	20 86.460     	22 86.606     	 2 87.086     	21 85.877     	 5 86.908     	
Lap 18	29 84.785     	30 86.002     	 4 85.542     	80 86.123     	47 85.526     	53 85.359     	94 85.936     	74 85.796     	44 85.682     	81 85.938     	11 86.576     	 3 86.859     	 1 86.415     	19 86.128     	98 86.465     	31 86.318     	41 86.712     	69 86.261     	42 85.811     	20 86.504     	 2 86.636     	22 87.239     	21 86.797     	 5 86.861     	
Lap 19	29 84.293     	 4 85.325     	30 85.641     	80 85.404     	47 85.741     	53 86.243     	74 85.623     	94 86.653     	44 86.292     	81 85.444     	11 85.991     	 3 86.218     	 1 86.015     	19 86.616     	31 86.090     	98 86.772     	41 86.510     	42 84.546     	69 85.946     	20 86.641     	 2 86.466     	22 86.809     	21 87.461     	 5 86.973     	
Lap 20	29 84.467     	 4 85.239     	30 85.215     	80 85.669     	47 85.210     	53 85.141     	74 85.911     	94 86.407     	44 86.213     	81 86.207     	11 85.848     	 3 86.931     	 1 86.061     	19 86.494     	31 86.444     	98 87.003     	41 86.633     	42 85.168     	69 86.725     	20 86.800     	 2 87.195     	22 86.850     	21 86.237     	 5 87.068     	
Lap 21	29 84.830     	30 84.735     	 4 85.461     	80 85.647     	47 85.522     	53 84.956     	74 84.923     	44 86.178     	94 86.639     	81 86.362     	11 85.111     	 3 85.923     	 1 86.030     	19 86.920     	31 86.394     	42 85.470     	98 86.805     	41 86.790     	69 85.917     	20 86.401     	22 86.487     	 2 87.426     	21 86.838     	 5 86.967     	
Lap 22	29 85.155     	30 85.526     	 4 86.203     	80 85.652     	47 85.655     	53 85.889     	74 85.853     	94 86.117     	44 86.485     	11 86.626     	81 87.807     	 3 85.568     	 1 85.626     	19 86.879     	31 86.941     	42 86.034     	98 86.778     	41 87.261     	69 85.979     	20 86.518     	22 86.948     	 2 86.763     	21 87.067     	 5 87.925     	
Lap 23	29 84.665     	30 85.229     	 4 84.922     	47 85.686     	53 84.732     	80 85.971     	74 85.350     	94 86.076     	44 86.063     	11 85.383     	81 86.001     	 3 86.450     	 1 85.286     	42 85.158     	31 86.444     	19 86.856     	98 87.151     	41 86.538     	69 87.307     	20 86.534     	22 87.216     	 2 87.403     	21 86.948     	 5 87.311     	
Lap 24	29 85.388     	30 85.104     	 4 85.127     	80 85.408     	53 85.655     	47 85.903     	74 85.650     	94 86.104     	44 86.321     	11 86.567     	81 86.732     	 1 86.097     	 3 87.033     	42 84.479     	19 86.311     	31 86.929     	98 87.017     	69 86.037     	41 87.285     	20 86.575     	22 87.105     	 2 86.797     	21 87.118     	 5 87.849     	
Lap 25	29 85.464     	30 85.142     	80 85.868     	53 85.789     	47 86.002     	44 86.831     	 4 102.701 DRY	42 84.765     	 3 86.880     	 1 87.259     	41 86.433     	69 87.147     	74 104.637 DRY	20 86.267     	94 105.125 DRY	11 105.074 DRY	81 105.057 DRY	19 105.170 DRY	31 105.134 DRY	98 104.555 DRY	22 104.885 DRY	 2 105.758 DRY	21 105.630 DRY	 5 105.424 DRY	
Lap 26	30 85.256     	29 103.281 DRY	 4 84.419     	44 86.687     	42 85.741     	 1 85.752     	 3 86.515     	53 104.084 DRY	80 104.277 DRY	47 104.623 DRY	74 84.735     	69 87.546     	20 86.551     	94 84.485     	11 84.894     	81 85.065     	19 86.333     	31 85.943     	98 85.292     	41 104.571 DRY	22 85.222     	 2 86.239     	21 86.267     	 5 87.321     	
Lap 27	29 83.935     	 4 83.882     	30 103.587 DRY	44 86.184     	42 86.354     	 3 86.859     	80 85.033     	53 85.282     	47 85.607     	74 84.546     	69 86.473     	94 85.300     	11 84.525     	20 87.800     	81 84.553     	 1 105.673 DRY	19 85.538     	31 86.128     	98 86.497     	41 85.432     	22 85.381     	 2 86.559     	21 86.564     	 5 86.446     	
Lap 28	29 84.009     	 4 84.130     	30 84.517     	42 85.279     	47 83.966     	80 85.372     	53 85.483     	74 84.723     	94 85.740     	11 86.265     	81 85.662     	44 103.416 DRY	 1 85.655     	 3 104.493 DRY	19 85.500     	31 86.130     	98 86.296     	41 86.104     	69 104.805 DRY	22 85.834     	20 105.153 DRY	 2 86.625     	21 86.429     	 5 87.104     	
Lap 29	29 84.038     	 4 84.297     	30 84.294     	42 85.383     	47 85.433     	80 85.611     	53 85.726     	74 84.216     	94 84.412     	11 85.096     	44 85.519     	81 86.033     	 1 85.705     	 3 86.380     	19 85.317     	31 84.709     	98 86.309     	41 85.805     	69 85.511     	22 85.143     	20 85.665     	 2 86.063     	21 86.460     	 5 86.965     	
Lap 30	29 84.619     	 4 83.740     	30 83.959     	42 85.539     	47 85.024     	80 85.655     	53 85.632     	74 85.160     	94 84.390     	11 84.529     	44 85.045     	81 85.459     	 1 84.522     	 3 84.434     	19 86.040     	31 86.548     	98 86.054     	41 86.252     	69 85.277     	22 85.829     	20 85.496     	 2 85.882     	21 85.937     	 5 86.431     	
Lap 31	29 83.828     	 4 83.930     	30 84.599     	42 85.552     	47 85.025     	80 84.938     	53 85.061     	74 85.133     	94 85.175     	11 85.241     	44 85.636     	81 85.583     	 1 84.952     	 3 84.892     	19 84.675     	31 84.806     	98 86.350     	41 86.199     	69 85.731     	22 85.203     	20 85.111     	 2 86.742     	21 86.393     	 5 86.552     	
Lap 32	29 84.659     	 4 83.952     	30 84.227     	42 85.227     	47 85.146     	80 84.996     	74 85.071     	53 85.709     	94 84.681     	11 84.488     	81 85.113     	44 85.939     	 1 85.180     	 3 84.636     	19 85.069     	31 85.043     	98 85.867     	41 85.875     	69 85.018     	22 85.143     	20 85.670     	 2 86.377     	21 86.339     	 5 86.698     	
Lap 33	29 84.651     	 4 84.586     	30 84.843     	42 85.741     	80 84.028     	47 85.679     	74 85.506     	53 86.644     	94 84.804     	11 84.651     	44 85.229     	81 85.999     	 1 85.599     	 3 85.866     	19 85.298     	31 85.359     	98 85.657     	41 85.698     	69 86.277     	22 86.008     	20 85.365     	21 86.055     	 2 86.521     	 5 86.889     	
Lap 34	29 84.496     	 4 84.073     	30 84.544     	42 85.048     	80 84.257     	47 84.450     	74 84.429     	53 84.780     	94 84.814     	11 84.652     	44 85.779     	81 86.021     	 1 85.612     	 3 85.610     	19 85.012     	31 84.555     	98 85.583     	41 86.301     	69 85.237     	22 86.068     	20 85.853     	 2 86.240     	21 86.488     	 5 87.393     	
Lap 35	29 84.389     	 4 84.266     	30 84.843     	80 85.366     	47 84.893     	74 85.375     	53 84.174     	94 84.895     	11 85.449     	44 85.116     	81 85.858     	42 104.507 DRY	 1 86.440     	 3 86.225     	19 86.489     	31 86.649     	98 86.193     	41 86.391     	69 86.496     	22 85.588     	20 85.634     	21 86.580     	 2 86.863     	 5 86.845     	
Lap 36	29 84.544     	 4 84.809     	30 84.861     	80 85.593     	47 84.995     	74 86.142     	53 86.175     	94 85.370     	11 85.311     	44 85.165     	81 85.338     	42 85.180     	 3 85.681     	 1 86.460     	19 85.233     	31 84.812     	98 85.138     	41 85.893     	69 86.604     	22 85.842     	20 85.415     	21 86.689     	 2 86.796     	 5 87.032     	
Lap 37	29 84.144     	 4 84.879     	30 84.866     	80 85.053     	47 85.428     	74 85.429     	53 86.251     	94 84.703     	11 85.452     	44 84.491     	81 85.171     	42 84.567     	 1 85.821     	 3 86.289     	19 85.756     	31 85.948     	98 85.698     	41 85.987     	69 86.519     	22 85.954     	20 85.751     	21 86.906     	 2 86.708     	 5 86.808     	
Lap 38	29 84.361     	 4 84.467     	30 84.166     	47 85.132     	80 85.998     	74 85.002     	53 84.623     	94 84.853     	11 85.196     	44 84.758     	42 85.275     	81 87.079     	 1 86.385     	 3 86.121     	19 85.997     	31 85.914     	98 85.337     	41 85.058     	69 86.284     	22 86.443     	20 86.907     	21 86.850     	 2 87.091     	 5 87.254     	
Lap 39	29 84.221     	 4 85.006     	30 84.105     	80 84.601     	47 85.589     	74 86.222     	53 85.963     	94 84.638     	11 84.997     	44 84.800     	42 85.293     	81 85.737     	 3 85.789     	 1 86.212     	19 86.382     	31 86.779     	98 85.556     	41 85.124     	69 86.707     	22 86.450     	20 85.736     	 2 86.522     	21 87.029     	 5 86.877     	
Lap 40	29 84.028     	 4 84.623     	30 84.356     	80 85.762     	47 85.611     	74 85.539     	94 85.032     	53 86.611     	11 85.494     	44 85.004     	42 85.119     	81 84.936     	 3 85.711     	 1 85.671     	19 85.711     	31 85.359     	98 85.585     	41 85.832     	69 86.204     	22 86.401     	20 86.623     	 2 86.297     	21 86.643     	 5 87.094     	
Lap 41	29 84.943     	 4 84.667     	30 84.722     	80 85.745     	47 85.791     	74 85.246     	94 86.338     	53 86.052     	11 84.886     	44 85.276     	42 84.302     	81 84.716     	 3 85.618     	 1 85.498     	19 86.377     	31 86.155     	98 85.378     	41 87.001     	69 86.606     	22 86.815     	20 87.002     	 2 87.018     	21 87.128     	 5 87.255     	
Lap 42	29 84.880     	 4 84.639     	30 84.198     	80 85.890     	47 85.806     	74 85.432     	94 86.338     	53 86.232     	11 84.994     	44 85.465     	42 84.874     	81 84.857     	 1 85.114     	 3 85.748     	19 86.796     	31 86.640     	98 85.830     	41 85.685     	69 86.243     	22 87.137     	20 86.742     	 2 86.668     	21 86.880     	 5 86.889     	
Lap 43	29 84.862     	 4 84.680     	30 84.570     	47 85.375     	80 85.859     	74 85.399     	11 85.288     	94 86.557     	53 86.814     	44 85.225     	42 85.053     	81 85.709     	 1 86.093     	 3 85.834     	19 86.314     	31 86.540     	98 86.010     	41 85.489     	69 85.261     	22 86.857     	20 86.520     	 2 87.171     	21 86.808     	 5 87.554     	
Lap 44	29 85.124     	 4 84.645     	30 84.949     	80 85.183     	47 86.197     	74 84.832     	94 86.296     	11 86.685     	53 86.315     	44 85.039     	42 85.047     	81 85.283     	 1 86.051     	 3 86.084     	19 86.554     	31 86.891     	98 85.156     	41 85.722     	69 86.022     	22 86.703     	20 87.077     	 2 87.300     	21 87.249     	 5 87.709     	
Lap 45	29 84.760     	 4 84.630     	30 85.206     	80 84.721     	47 84.752     	74 85.499     	94 86.209     	11 86.325     	53 86.313     	44 85.347     	42 84.382     	81 85.633     	 3 85.910     	 1 86.413     	19 86.494     	31 86.370     	98 87.168     	41 85.828     	69 85.278     	22 86.634     	20 86.861     	 2 86.819     	21 87.278     	 5 87.172     	
Lap 46	29 84.377     	 4 84.785     	30 84.849     	80 84.853     	47 85.053     	74 85.724     	94 86.131     	11 85.974     	53 86.167     	44 85.315     	42 85.091     	81 85.916     	 3 85.947     	 1 85.789     	19 86.967     	98 85.860     	31 87.113     	41 86.073     	69 85.897     	20 86.368     	22 88.829     	 2 87.322     	21 86.637     	 5 86.965     	
Lap 47	29 84.421     	 4 84.519     	30 84.845     	80 85.245     	47 84.658     	74 85.655     	94 86.033     	53 86.388     	11 86.938     	42 84.715     	44 86.435     	81 85.674     	 1 85.797     	 3 86.015     	19 86.654     	31 86.530     	98 86.774     	41 85.607     	69 85.864     	20 85.825     	22 86.379     	 2 86.598     	21 86.908     	 5 87.126     	
Lap 48	29 84.865     	 4 85.111     	30 84.673     	47 85.522     	80 86.445     	74 85.126     	94 86.732     	42 85.236     	53 86.324     	44 85.978     	11 86.873     	81 85.454     	 3 86.151     	 1 86.358     	19 86.568     	31 86.300     	98 86.668     	41 86.675     	69 85.436     	20 86.413     	22 86.385     	 2 86.624     	21 87.288     	 5 87.718     	
Lap 49	29 85.396     	 4 85.534     	30 84.621     	80 85.398     	47 85.936     	74 85.283     	42 85.839     	94 86.629     	44 85.697     	53 86.508     	11 86.528     	81 85.343     	 1 85.430     	 3 86.381     	19 86.422     	31 86.808     	98 86.814     	41 86.560     	69 85.681     	20 85.788     	22 86.707     	 2 85.815     	21 86.967     	 5 87.482     	
Lap 50	29 84.894     	 4 85.040     	30 85.569     	47 85.453     	80 86.625     	74 85.429     	42 86.207     	53 85.775     	44 86.648     	11 87.000     	 1 86.297     	 3 86.772     	94 104.198 DRY	19 85.615     	81 103.691 DRY	41 86.726     	69 86.451     	20 86.611     	22 85.955     	31 105.366 DRY	98 105.256 DRY	 2 104.554 DRY	21 105.006 DRY	 5 105.217 DRY	
Lap 51	29 85.177     	30 85.187     	 4 102.725 DRY	80 85.017     	47 86.719     	42 85.982     	44 86.643     	11 85.627     	74 103.441 DRY	 1 85.910     	 3 86.095     	94 85.346     	53 104.671 DRY	81 86.199     	19 87.180     	41 86.129     	69 85.827     	20 86.391     	31 85.666     	98 86.208     	22 103.943 DRY	 2 85.571     	21 85.504     	 5 87.205     	
Lap 52	29 84.878     	30 85.416     	 4 84.241     	80 86.791     	42 84.976     	44 86.499     	74 84.592     	47 104.643 DRY	 1 85.758     	 3 85.363     	94 85.065     	53 84.727     	11 104.780 DRY	81 85.273     	19 86.321     	69 85.666     	20 86.301     	31 85.808     	98 86.296     	41 105.166 DRY	22 85.213     	 2 85.646     	21 85.689     	 5 86.341     	
Lap 53	29 85.172     	30 85.107     	 4 84.248     	42 84.943     	80 103.315 DRY	74 85.802     	47 85.766     	94 85.134     	53 85.773     	44 103.506 DRY	11 85.414     	81 85.238     	69 86.201     	 1 103.986 DRY	 3 103.992 DRY	31 85.157     	19 103.944 DRY	98 86.293     	41 86.471     	22 84.974     	20 104.299 DRY	 2 85.028     	21 85.605     	 5 86.492     	
Lap 54	29 85.250     	30 85.667     	 4 84.600     	42 85.024     	80 85.276     	47 84.862     	74 85.469     	94 84.575     	53 83.938     	44 85.899     	11 86.165     	81 86.060     	 1 85.253     	 3 85.517     	19 85.813     	31 85.913     	98 85.531     	41 85.327     	69 104.581 DRY	22 85.919     	20 86.255     	 2 85.603     	21 85.198     	 5 87.090     	
Lap 55	29 85.302     	 4 83.911     	30 103.726 DRY	42 85.402     	80 84.808     	74 84.186     	47 85.338     	94 86.076     	53 86.317     	44 85.927     	11 85.392     	81 85.307     	 1 85.289     	 3 85.044     	19 85.400     	31 86.274     	98 86.201     	41 86.503     	69 85.330     	22 86.247     	20 86.728     	 2 85.600     	21 85.535     	 5 86.685     	
Lap 56	29 103.776 DRY	 4 83.791     	30 84.399     	42 85.084     	80 85.060     	74 85.345     	47 84.723     	94 85.318     	53 84.693     	44 85.825     	11 86.117     	81 85.656     	 1 84.894     	 3 84.902     	19 85.818     	31 86.625     	98 85.031     	41 85.774     	69 85.911     	22 85.116     	20 85.063     	 2 85.326     	21 85.410     	 5 86.392     	
Lap 57	 4 84.865     	29 85.311     	30 84.565     	42 85.290     	80 85.562     	47 84.842     	74 85.437     	94 85.761     	53 86.402     	44 85.504     	11 85.744     	81 85.725     	 1 85.219     	 3 85.179     	19 84.658     	31 86.223     	98 86.398     	41 86.130     	69 86.375     	22 85.381     	20 85.552     	 2 85.915     	21 85.402     	 5 86.945     	
Lap 58	 4 84.999     	29 84.665     	30 84.340     	42 85.755     	74 84.837     	80 85.167     	47 85.374     	94 85.037     	53 84.455     	44 85.298     	81 85.360     	11 85.602     	 1 84.973     	 3 84.580     	19 85.209     	31 85.758     	98 85.920     	41 86.286     	69 86.007     	22 85.787     	20 85.874     	 2 85.233     	21 85.637     	 5 87.210     	
Lap 59	29 84.963     	 4 85.181     	30 84.238     	42 85.106     	80 85.046     	74 85.601     	47 85.257     	94 85.694     	53 85.657     	44 85.008     	81 86.073     	11 86.124     	 1 86.356     	 3 86.357     	19 84.953     	31 85.726     	98 86.782     	41 86.013     	69 86.384     	22 85.916     	20 85.863     	 2 85.382     	21 85.371     	 5 87.409     	
Lap 60	 4 84.808     	29 85.160     	30 84.136     	42 85.212     	80 85.149     	47 84.878     	74 85.953     	94 85.490     	53 85.990     	44 84.418     	11 85.660     	81 85.894     	 1 85.614     	 3 86.494     	19 84.968     	31 84.707     	98 84.844     	41 86.056     	69 86.629     	22 85.402     	20 85.057     	 2 85.324     	21 86.278     	 5 87.215     	
Lap 61	29 84.866     	 4 85.175     	30 84.130     	80 85.457     	74 84.785     	47 85.818     	94 84.822     	42 104.593 DRY	53 84.177     	44 84.456     	81 85.577     	11 85.939     	 1 85.094     	 3 84.663     	19 85.020     	31 85.233     	98 85.732     	41 85.240     	69 85.381     	22 85.651     	20 85.854     	 2 85.145     	21 86.085     	 5 87.298     	
Lap 62	29 84.915     	 4 85.384     	30 84.623     	80 85.001     	74 85.271     	47 85.421     	94 85.610     	42 85.694     	53 86.082     	44 85.246     	81 85.500     	11 85.506     	 1 85.185     	 3 84.745     	19 85.224     	31 85.309     	98 85.069     	41 84.817     	69 84.974     	22 86.140     	20 85.384     	 2 85.821     	21 85.858     	 5 86.713     	
Lap 63	29 85.114     	 4 84.682     	30 84.770     	80 85.166     	74 85.529     	47 85.514     	42 85.398     	94 86.239     	53 86.481     	44 84.919     	81 85.713     	11 85.893     	 1 85.864     	 3 86.318     	19 85.650     	31 84.716     	98 85.215     	41 85.146     	69 85.543     	22 86.627     	20 86.372     	 2 85.805     	21 85.971     	 5 87.121     	
Lap 64	29 85.056     	 4 85.474     	30 84.947     	80 84.781     	47 84.902     	74 86.166     	42 85.026     	94 85.854     	53 85.714     	44 85.972     	81 85.827     	11 86.425     	 1 84.914     	 3 84.711     	19 85.494     	31 85.552     	98 85.386     	41 85.804     	69 85.234     	22 86.491     	20 86.980     	 2 85.639     	21 85.824     	 5 87.430     	
Lap 65	29 84.835     	 4 84.783     	30 84.010     	80 84.671     	47 85.041     	74 84.528     	42 84.725     	94 85.249     	44 85.284     	53 85.962     	81 86.372     	11 86.126     	 1 85.820     	 3 86.563     	19 85.548     	31 84.974     	98 85.517     	41 85.251     	69 85.638     	20 86.211     	22 87.099     	 2 85.878     	21 85.635     	 5 87.556     	
Lap 66	29 84.837     	 4 85.135     	30 84.590     	80 84.853     	47 85.161     	74 84.647     	42 84.832     	94 84.991     	44 85.677     	53 85.810     	81 85.657     	11 85.897     	 1 85.333     	 3 87.462     	19 84.844     	31 85.771     	98 85.651     	41 85.583     	69 85.975     	20 86.214     	22 86.257     	 2 85.833     	21 86.492     	 5 87.585     	
Lap 67	29 85.169     	 4 85.392     	30 84.324     	80 85.286     	47 85.393     	74 85.486     	42 84.493     	94 84.820     	44 85.380     	53 85.573     	81 86.249     	11 86.129     	 1 85.384     	 3 85.201     	19 85.653     	31 85.588     	98 85.516     	41 85.845     	69 86.021     	20 86.215     	22 87.061     	 2 85.785     	21 85.713     	 5 87.262     	
Lap 68	29 84.894     	 4 84.489     	30 84.919     	80 85.204     	74 85.214     	47 86.020     	42 85.118     	94 85.298     	44 85.751     	53 86.457     	81 86.411     	11 86.506     	 1 85.237     	 3 85.232     	19 84.984     	31 85.807     	98 86.056     	41 85.447     	69 85.132     	20 85.322     	22 86.156     	 2 85.421     	21 86.119     	 5 87.431     	
Lap 69	29 84.839     	 4 85.560     	30 85.028     	80 85.197     	47 85.172     	74 85.844     	42 84.362     	94 84.843     	44 84.658     	53 84.846     	81 86.158     	11 86.314     	 1 85.877     	 3 85.674     	19 85.513     	31 85.176     	98 85.263     	41 85.786     	69 85.949     	20 86.192     	22 85.511     	 2 86.426     	21 86.411     	 5 87.105     	
Lap 70	29 84.587     	 4 84.981     	30 84.934     	80 85.265     	74 85.034     	47 85.825     	42 85.227     	94 85.885     	44 84.717     	53 84.653     	81 85.246     	11 85.368     	 1 85.718     	 3 84.945     	19 85.190     	31 85.294     	98 85.342     	41 85.536     	69 86.066     	20 85.836     	22 86.150     	 2 85.929     	21 86.567     	 5 86.987     	
Lap 71	29 84.806     	 4 84.644     	30 84.700     	80 85.429     	74 85.670     	47 85.419     	42 85.064     	94 84.981     	44 84.663     	53 84.529     	81 85.764     	11 84.940     	 1 85.865     	 3 84.946     	19 85.849     	31 85.170     	98 85.572     	41 85.360     	69 86.070     	20 85.739     	22 85.763     	 2 86.388     	21 86.726     	 5 87.092     	
Lap 72	29 84.459     	 4 84.631     	30 84.915     	80 85.200     	47 85.199     	74 86.092     	42 84.384     	94 85.085     	44 85.108     	53 85.029     	81 86.449     	11 86.770     	 1 85.993     	 3 85.899     	19 85.738     	31 85.250     	98 85.660     	41 85.211     	69 85.576     	20 85.812     	22 86.473     	 2 86.504     	21 86.565     	 5 87.935     	
Lap 73	29 84.872     	 4 84.516     	30 85.020     	80 85.334     	47 85.685     	74 85.519     	42 85.275     	94 85.131     	44 85.671     	53 84.973     	81 86.880     	11 86.753     	 1 86.006     	 3 85.718     	19 85.421     	31 85.396     	98 86.078     	41 85.883     	69 86.136     	20 85.802     	22 85.861     	 2 85.818     	21 86.544     	 5 87.773     	
Lap 74	29 84.821     	 4 85.295     	30 84.799     	80 85.288     	74 85.482     	47 86.060     	42 85.245     	94 86.026     	44 85.945     	53 86.350     	81 86.054     	11 86.588     	 1 85.309     	 3 85.687     	19 86.077     	31 85.935     	98 86.082     	41 86.106     	69 86.174     	20 86.069     	22 86.172     	 2 86.625     	21 86.242     	 5 88.115     	
Lap 75	29 84.722     	 4 84.880     	30 84.720     	80 85.300     	47 85.498     	74 86.250     	42 85.297     	44 86.020     	53 86.666     	94 103.938 DRY	11 86.587     	 1 86.283     	 3 85.262     	19 85.736     	81 103.880 DRY	41 86.011     	69 86.085     	31 104.240 DRY	20 86.163     	22 85.950     	98 104.527 DRY	 2 86.012     	21 105.427 DRY	 5 105.734 DRY	

-- OFFICIAL RESULTS --
Pos	#No	Driver						Team					Time		Diff		Pits	Best
01	#29	ALU	Sago Aludetsei			Dotruga Formula Racing	1:46:37.367	-0.000		2		83.828
02	# 4	BLA	Zaku Blaxon				Team Blaland Racing		1:46:39.440	-2.074		2		83.740
03	#30	WIS	Josh Wise				BONGATAR				1:46:41.593	-4.226		2		83.959
04	#80	AYA	Ifloenne é Aya			Team V.V. Imperial		1:47:18.226	-40.859		2		84.028
05	#47	PAV	ketila léqa pavúteka	Team Solea Racing		1:47:23.221	-45.854		2		83.966
06	#74	KON	Bařàsiz Konoca			Team Diigikwk Racers	1:47:23.595	-46.228		2		84.186
07	#42	OOS	Frank Oosterhout		Cows Go Moo Racing		1:47:29.207	-51.840		3		84.302
08	#44	KAX	Kaxon Kaxutak			Team Blaland Racing		1:47:36.790	-59.423		2		84.418
09	#53	TÀC	Ešuro Tàcràɰë			Team Diigikwk Racers	1:47:38.195	-60.828		2		83.938
10	#94	NES	At'ipi Nesbeksë			Team Diigikwk Racers	1:47:52.566	-75.199		3		84.390
11	#11	KEG	Tuto Keget				Dotruga Formula Racing	1:47:52.685	-75.319		2		84.488
12	# 1	ROT	Robbie Rotten			Team V.V. Imperial		1:47:53.251	-75.884		2		84.522
13	# 3	BOB	Bob						BONGATAR				1:47:53.994	-76.627		2		84.434
14	#19	ZAI	khélok atep zailunaɰ	Team Solea Racing		1:48:00.042	-82.675		2		84.658
15	#81	KÆR	Lyǽs Kæræsekæræn		Team V.V. Imperial		1:48:08.862	-91.495		3		84.553
16	#41	CAN	Olga Candy				Cows Go Moo Racing		1:48:09.818	-92.451		2		84.817
17	#69	SAN	Marisa Sanchez			Cows Go Moo Racing		1:48:13.836	-96.469		2		84.974
18	#31	ŠAŊ	xap'ít celentir šaŋév	Team Solea Racing		1:48:21.860	-104.494	3		84.555
19	#20	MAC	Mac						Team Vincent			1:48:24.371	-107.004	2		85.057
20	#22	PHI	Philipe					Team Vincent			1:48:26.483	-109.116	2		84.974
21	#98	MOT	Gorga Motxev			Dotruga Formula Racing	1:48:27.047	-109.680	3		84.844
22	# 2	HID	Body Hide				BONGATAR				1:48:32.873	-115.506	2		85.028
23	#21	ORS	Orson					Team Vincent			1:48:59.778	-142.411	3		85.198
24	# 5	NOX	Naxan Noxokolonaxon		Team Blaland Racing		1:49:45.401	-188.035	3		85.734

-- RACE INCIDENT REPORT --
Frank Oosterhout made a pit stop to repair damage caused by a large incident while attempting an overtake on lap 9.
Ešuro Tàcràɰë made a mistake while attempting an overtake on lap 16.
Lyǽs Kæræsekæræn made a mistake while attempting an overtake on lap 22.
Lyǽs Kæræsekæræn made a mistake while attempting an overtake on lap 38.
Olga Candy made a mistake on lap 41.
Philipe made a mistake while attempting an overtake on lap 46.
Olga Candy made a mistake while attempting an overtake on lap 53.
Bob made a mistake on lap 66.
