-- LAP TIMES --
Lap 0	29 0.000     	30 0.000     	47 0.100     	42 0.100     	80 0.200     	53 0.200     	41 0.300     	74 0.300     	 3 0.400     	94 0.400     	31 0.500     	11 0.500     	69 0.600     	 4 0.600     	98 0.700     	 2 0.700     	 1 0.800     	22 0.800     	81 0.900     	44 0.900     	19 1.000     	20 1.000     	21 1.100     	 5 1.100     	
Lap 1	30 76.954     	29 76.985     	42 77.312     	 3 77.363     	47 77.731     	41 77.652     	31 77.499     	53 78.053     	94 77.856     	11 77.863     	74 78.183     	81 77.667     	98 77.968     	44 77.786     	69 78.119     	 2 78.050     	 4 78.204     	19 78.097     	 1 78.463     	22 78.491     	21 78.470     	20 78.950     	80 80.321     	 5 79.964     	
Lap 2	29 76.829     	30 77.705     	42 77.249     	47 77.446     	53 77.280     	 3 77.878     	41 77.759     	74 77.392     	31 78.214     	 4 77.526     	11 78.119     	94 78.231     	81 78.314     	 2 78.312     	 1 77.906     	44 78.595     	69 78.571     	98 78.659     	19 78.389     	22 78.442     	20 78.081     	80 77.617     	21 79.150     	 5 81.545     	
Lap 3	29 77.470     	42 77.157     	30 77.340     	47 77.763     	53 78.006     	41 77.831     	 3 78.160     	94 77.578     	31 77.919     	74 78.268     	 4 77.869     	81 77.903     	11 78.499     	19 77.720     	 1 78.099     	 2 78.318     	69 78.135     	44 78.311     	80 77.498     	98 78.577     	22 78.673     	20 78.426     	21 78.165     	 5 79.945     	
Lap 4	29 77.555     	30 76.959     	42 77.820     	47 77.919     	53 77.614     	 3 77.588     	74 77.516     	41 78.119     	94 77.657     	31 77.661     	 4 77.703     	81 78.052     	11 77.972     	80 77.372     	19 78.014     	69 78.084     	 1 78.691     	44 78.477     	 2 78.859     	22 78.169     	98 78.754     	20 78.519     	21 78.791     	 5 79.984     	
Lap 5	30 76.888     	29 77.060     	42 76.963     	53 77.401     	47 77.755     	 3 77.930     	74 77.737     	31 77.637     	94 77.781     	41 77.994     	 4 78.201     	80 77.538     	19 77.845     	11 78.373     	81 78.530     	69 78.472     	44 78.206     	 1 78.857     	98 78.230     	 2 78.840     	20 78.362     	22 78.947     	21 78.786     	 5 81.733     	
Lap 6	30 77.014     	29 77.613     	42 77.061     	47 77.286     	53 77.769     	94 77.722     	31 77.879     	74 77.928     	41 77.698     	 3 78.431     	 4 77.676     	80 77.856     	19 78.595     	81 78.309     	11 78.482     	69 78.773     	44 78.657     	98 78.337     	 1 78.672     	 2 78.763     	20 78.976     	22 78.795     	21 78.689     	 5 79.201     	
Lap 7	30 77.543     	42 76.988     	29 77.877     	47 77.100     	53 77.503     	94 77.608     	 4 77.456     	31 77.965     	41 78.174     	 3 77.798     	74 78.380     	80 77.541     	81 77.887     	19 77.964     	11 78.487     	44 78.376     	69 78.578     	 1 78.226     	98 78.588     	 2 78.485     	20 78.189     	22 78.490     	21 78.866     	 5 79.513     	
Lap 8	30 77.377     	42 77.448     	29 76.938     	47 77.364     	53 77.357     	94 78.088     	 3 77.643     	80 77.402     	74 77.694     	 4 78.196     	31 78.173     	41 78.064     	81 77.737     	19 77.779     	11 78.297     	69 77.947     	44 78.110     	98 78.145     	 1 78.531     	20 78.660     	 2 78.915     	22 78.656     	21 78.381     	 5 79.872     	
Lap 9	30 77.448     	42 77.146     	29 77.000     	47 77.427     	53 77.681     	94 77.926     	 4 77.604     	80 77.891     	 3 78.200     	31 78.090     	74 78.509     	41 78.661     	19 78.192     	81 78.736     	11 78.168     	69 78.437     	44 78.792     	 1 78.085     	98 78.679     	 2 78.088     	20 78.492     	22 79.140     	21 79.179     	 5 79.978     	
Lap 10	29 77.092     	42 77.304     	30 77.742     	47 77.285     	53 78.306     	80 77.749     	 4 77.978     	94 78.317     	 3 78.115     	74 78.160     	31 78.640     	41 78.840     	19 77.947     	81 78.083     	11 78.002     	69 78.704     	44 78.348     	98 77.984     	 1 78.696     	 2 79.089     	20 79.080     	22 78.437     	21 79.008     	 5 80.041     	
Lap 11	42 77.264     	30 77.010     	29 78.004     	47 76.941     	53 77.386     	80 77.499     	 4 78.424     	94 78.414     	 3 78.220     	31 78.016     	74 78.367     	41 78.293     	19 78.733     	81 78.806     	11 78.396     	69 78.243     	44 78.665     	98 78.619     	 1 78.488     	20 78.397     	 2 78.906     	22 79.168     	21 78.208     	 5 80.128     	
Lap 12	42 77.423     	29 77.264     	30 77.755     	47 77.343     	53 77.022     	80 78.336     	 4 77.791     	 3 77.616     	94 78.402     	31 78.530     	74 78.311     	41 78.154     	19 78.533     	81 77.986     	11 78.017     	69 78.725     	98 78.171     	 1 78.280     	44 78.919     	20 79.022     	 2 78.926     	22 78.942     	21 79.279     	 5 79.553     	
Lap 13	42 77.783     	30 77.751     	29 77.967     	47 76.516     	53 76.982     	 3 77.899     	80 78.456     	 4 78.304     	94 78.410     	74 77.730     	31 78.261     	41 78.878     	19 78.192     	81 78.221     	11 78.561     	98 78.603     	69 78.670     	44 78.106     	 1 78.706     	 2 78.531     	20 79.228     	22 78.456     	21 79.139     	 5 80.046     	
Lap 14	42 77.917     	30 77.462     	47 77.175     	29 77.874     	53 77.145     	80 77.995     	 4 77.742     	 3 78.621     	94 77.839     	74 78.586     	31 78.864     	41 77.962     	81 78.074     	19 78.874     	11 78.885     	98 78.524     	69 78.490     	 1 78.573     	44 78.891     	 2 78.403     	20 79.023     	22 79.035     	21 78.325     	 5 79.736     	
Lap 15	30 77.172     	42 77.351     	29 77.136     	47 78.085     	53 77.264     	80 78.087     	 4 78.151     	 3 78.053     	94 78.546     	74 77.965     	31 78.221     	41 78.269     	81 78.773     	19 78.496     	11 78.509     	98 78.524     	69 79.264     	 1 78.771     	44 78.958     	 2 77.514     	22 78.638     	20 79.281     	21 78.646     	 5 79.907     	
Lap 16	30 77.485     	42 77.416     	29 77.290     	47 77.264     	53 77.571     	80 77.845     	 3 77.979     	 4 78.660     	74 77.949     	94 78.243     	31 78.115     	41 78.347     	81 78.876     	19 78.835     	11 79.229     	98 78.165     	69 78.586     	 2 78.209     	44 78.827     	 1 79.138     	22 79.404     	20 79.066     	21 78.913     	 5 80.114     	
Lap 17	42 77.864     	47 77.362     	29 77.946     	30 79.491     	53 76.826     	80 78.355     	 4 77.785     	 3 78.213     	74 78.259     	94 78.440     	31 78.120     	41 78.459     	81 78.712     	19 78.799     	11 78.659     	98 78.437     	 1 78.252     	44 78.475     	69 79.127     	 2 79.287     	20 78.815     	22 79.173     	21 79.541     	 5 79.916     	
Lap 18	29 77.010     	42 78.218     	47 77.979     	30 77.664     	53 79.210     	80 77.973     	 3 77.971     	 4 78.386     	94 77.852     	74 78.554     	31 78.482     	41 78.097     	81 78.076     	19 78.419     	11 78.953     	98 78.705     	44 78.281     	 1 78.816     	69 78.929     	 2 79.073     	22 78.931     	20 79.221     	21 79.525     	 5 79.834     	
Lap 19	29 77.531     	47 77.916     	30 77.095     	42 78.206     	53 77.105     	80 78.258     	 4 77.642     	 3 78.184     	94 78.364     	74 78.742     	31 78.422     	41 78.836     	81 78.930     	19 78.727     	11 78.842     	98 78.807     	44 78.462     	 1 79.011     	69 78.688     	 2 79.360     	22 78.656     	20 78.947     	21 78.597     	 5 79.889     	
Lap 20	29 76.923     	30 77.358     	47 77.960     	42 78.350     	53 76.971     	80 78.216     	 4 78.352     	 3 78.283     	94 78.417     	74 78.705     	41 77.465     	31 78.788     	81 78.657     	19 78.767     	11 78.635     	98 78.299     	44 79.051     	69 78.265     	 1 78.717     	 2 78.537     	22 79.473     	20 79.471     	21 78.764     	 5 80.232     	
Lap 21	29 76.781     	30 77.732     	47 78.353     	42 78.432     	53 79.041     	 4 78.236     	 3 78.166     	80 78.711     	94 77.762     	74 78.398     	41 78.118     	31 78.384     	81 78.999     	19 78.785     	98 78.588     	11 78.888     	 1 78.618     	44 79.239     	69 79.239     	 2 78.382     	22 78.613     	20 79.344     	21 97.025 DRY	 5 79.853     	
Lap 22	29 76.758     	30 77.239     	47 78.254     	42 77.628     	53 78.460     	80 77.698     	 4 78.192     	94 77.576     	 3 78.823     	74 78.420     	41 78.964     	31 78.734     	19 78.100     	81 79.065     	98 78.481     	11 79.215     	44 78.524     	 1 78.757     	69 78.592     	 2 78.986     	22 78.834     	20 78.685     	21 77.774     	 5 80.101     	
Lap 23	29 77.101     	30 77.552     	42 77.281     	47 78.194     	53 77.326     	80 77.986     	94 78.329     	 3 78.431     	 4 79.999     	74 78.414     	41 78.539     	31 78.820     	19 78.412     	98 77.887     	81 79.326     	11 78.171     	69 78.485     	44 79.353     	 1 79.320     	 2 78.019     	22 78.913     	20 78.980     	21 78.477     	 5 80.683     	
Lap 24	29 77.350     	30 77.189     	42 78.592     	47 78.328     	53 78.433     	80 77.264     	 4 77.650     	94 78.617     	 3 78.917     	74 77.885     	41 78.305     	31 78.892     	19 77.957     	81 78.694     	11 77.658     	98 79.384     	69 78.933     	 1 78.732     	44 79.101     	 2 79.022     	22 79.071     	20 79.389     	21 78.498     	 5 82.654     	
Lap 25	29 77.273     	30 77.243     	42 78.513     	47 78.256     	53 77.926     	80 77.446     	94 78.235     	 4 78.481     	74 77.404     	 3 79.011     	41 77.653     	31 77.520     	19 77.984     	11 78.657     	98 79.710     	81 80.431     	69 78.755     	44 78.692     	 1 79.413     	 2 79.163     	22 78.790     	20 78.387     	21 77.826     	 5 80.060     	
Lap 26	29 76.923     	30 77.124     	42 78.379     	47 78.641     	53 78.402     	80 77.321     	94 78.490     	 4 79.002     	74 78.916     	 3 79.070     	41 79.315     	19 77.893     	11 78.528     	81 78.627     	98 79.358     	69 79.380     	44 78.689     	 1 78.816     	 2 79.457     	22 79.380     	20 79.116     	31 101.564 DRY	21 78.183     	 5 80.226     	
Lap 27	30 77.628     	47 77.956     	53 78.639     	29 95.247 DRY	74 79.139     	 3 79.097     	42 96.173 DRY	11 78.113     	81 79.444     	80 96.124 DRY	 2 79.743     	94 96.521 DRY	 4 96.692 DRY	22 78.988     	41 96.397 DRY	19 95.895 DRY	31 77.746     	98 97.048 DRY	44 96.890 DRY	69 97.414 DRY	 1 97.566 DRY	21 78.162     	20 97.492 DRY	 5 80.851     	
Lap 28	30 77.480     	47 78.011     	53 77.417     	29 76.835     	 3 79.117     	42 76.734     	80 76.974     	81 79.559     	 4 77.312     	94 78.221     	41 77.809     	74 97.610 DRY	19 77.446     	31 77.099     	11 96.490 DRY	98 77.512     	44 78.326     	69 78.768     	 1 78.882     	21 78.624     	 2 97.130 DRY	22 97.092 DRY	20 78.189     	 5 98.134 DRY	
Lap 29	47 78.812     	53 79.158     	29 76.434     	30 96.351 DRY	42 76.251     	80 77.453     	 4 77.381     	94 77.663     	41 78.172     	74 78.543     	19 77.852     	 3 97.295 DRY	31 77.647     	11 78.007     	98 77.918     	81 96.397 DRY	44 78.330     	69 78.158     	 1 78.141     	21 79.125     	 2 78.600     	22 78.566     	20 78.451     	 5 79.310     	
Lap 30	29 76.741     	30 76.310     	42 76.473     	47 96.335 DRY	53 96.852 DRY	80 76.486     	94 77.113     	 4 77.467     	41 77.711     	74 78.270     	19 78.300     	31 76.800     	 3 78.850     	11 76.927     	98 77.926     	81 77.854     	44 78.201     	69 77.841     	 1 77.948     	 2 78.800     	21 79.301     	22 78.581     	20 78.618     	 5 79.642     	
Lap 31	29 77.060     	30 76.728     	42 76.568     	47 77.249     	53 76.823     	80 77.239     	 4 77.117     	94 78.021     	41 77.201     	74 78.191     	31 77.563     	19 78.501     	 3 77.752     	11 77.659     	98 77.598     	81 78.150     	44 78.063     	69 78.140     	 1 77.832     	21 78.664     	 2 78.923     	22 78.607     	20 78.650     	 5 79.422     	
Lap 32	29 76.767     	30 76.592     	42 76.569     	47 76.689     	53 77.130     	80 76.581     	 4 77.524     	94 77.570     	41 76.878     	31 78.084     	19 78.012     	 3 78.237     	74 79.831     	11 76.908     	98 77.216     	81 78.443     	69 77.913     	44 78.486     	 1 77.886     	21 78.885     	 2 79.180     	22 78.380     	20 78.744     	 5 79.385     	
Lap 33	29 76.716     	30 76.139     	42 76.594     	47 77.050     	53 76.896     	80 77.126     	 4 77.535     	94 77.318     	41 77.268     	31 78.146     	 3 78.037     	19 78.712     	74 77.698     	11 78.842     	98 77.514     	81 78.486     	44 77.882     	69 78.456     	 1 78.199     	21 78.892     	 2 78.863     	22 78.137     	20 78.458     	 5 79.532     	
Lap 34	29 76.338     	30 76.916     	42 76.943     	47 76.603     	53 77.346     	80 77.191     	94 77.268     	 4 78.379     	41 76.970     	31 77.917     	 3 77.753     	19 78.150     	74 78.032     	11 77.582     	98 77.190     	81 78.658     	44 78.580     	 1 78.036     	69 78.515     	21 79.070     	 2 79.049     	22 78.313     	20 78.988     	 5 80.128     	
Lap 35	29 76.697     	30 76.322     	42 77.087     	47 77.077     	53 76.582     	80 76.943     	 4 77.898     	94 78.456     	41 77.541     	31 77.867     	 3 78.402     	11 77.005     	74 78.222     	19 78.445     	98 77.213     	81 78.298     	44 78.395     	 1 78.100     	69 78.707     	 2 78.817     	21 79.513     	22 78.916     	20 77.577     	 5 79.666     	
Lap 36	29 77.045     	30 76.240     	42 77.046     	47 77.242     	53 77.005     	80 76.779     	94 77.318     	 4 77.624     	41 77.669     	31 78.373     	 3 77.677     	74 78.435     	11 78.569     	19 78.548     	98 77.380     	81 78.075     	44 78.085     	 1 78.689     	69 78.804     	 2 78.238     	21 78.761     	22 78.700     	20 79.077     	 5 79.985     	
Lap 37	29 76.945     	30 76.562     	42 77.269     	47 76.595     	53 77.461     	80 76.934     	 4 77.263     	94 78.407     	31 78.555     	 3 78.578     	74 77.858     	11 78.216     	19 78.482     	98 78.392     	81 78.661     	41 96.042 DRY	44 78.567     	 1 78.564     	69 78.860     	 2 78.884     	21 79.171     	22 79.021     	20 79.141     	 5 80.015     	
Lap 38	29 76.666     	30 76.639     	42 76.461     	47 76.586     	53 77.435     	80 77.537     	94 77.367     	 4 78.503     	31 78.067     	 3 78.192     	74 77.731     	19 77.956     	11 78.567     	98 78.970     	41 77.772     	81 78.069     	44 78.288     	 1 78.496     	69 77.928     	 2 77.951     	22 78.275     	21 79.055     	20 79.067     	 5 79.546     	
Lap 39	29 76.476     	30 77.056     	42 77.433     	47 77.353     	53 77.786     	80 77.838     	94 78.135     	 4 78.142     	74 76.814     	 3 77.674     	31 78.717     	19 78.760     	98 77.583     	11 78.924     	41 77.762     	81 78.152     	44 78.785     	 1 78.574     	69 78.620     	 2 78.039     	22 78.812     	20 77.601     	21 78.759     	 5 79.984     	
Lap 40	29 76.984     	30 76.621     	42 77.156     	47 76.978     	53 77.697     	80 77.625     	94 77.701     	 4 77.926     	74 78.525     	 3 78.537     	31 78.331     	19 78.220     	98 78.093     	11 78.290     	41 78.314     	81 78.099     	44 78.547     	69 78.450     	 1 80.584     	 2 77.569     	22 78.519     	20 78.748     	21 79.074     	 5 80.208     	
Lap 41	29 77.075     	30 76.759     	42 76.522     	47 76.565     	53 77.591     	80 77.601     	94 77.898     	 4 77.568     	74 77.959     	 3 77.978     	31 78.016     	98 78.433     	19 78.890     	11 78.899     	41 77.791     	81 78.551     	44 78.095     	69 77.501     	 1 78.313     	 2 77.578     	22 78.644     	20 78.863     	21 79.045     	 5 80.111     	
Lap 42	29 77.299     	30 77.182     	42 76.727     	47 76.665     	53 77.803     	80 77.850     	 4 77.399     	94 78.715     	74 78.245     	 3 77.907     	31 78.239     	98 78.363     	19 78.329     	11 78.463     	41 77.659     	81 77.319     	44 78.367     	69 78.853     	 1 78.107     	 2 78.333     	22 78.683     	20 78.935     	21 79.752     	 5 79.876     	
Lap 43	29 76.933     	30 76.635     	42 77.399     	47 77.238     	53 77.927     	80 77.813     	 4 77.775     	94 77.412     	74 78.009     	31 77.555     	 3 78.707     	19 78.281     	98 78.673     	11 78.361     	41 78.369     	81 78.124     	44 77.612     	69 77.602     	 1 77.956     	 2 78.426     	22 79.278     	20 78.662     	21 78.205     	 5 79.851     	
Lap 44	29 77.013     	30 76.790     	42 77.586     	47 77.390     	53 77.762     	80 77.605     	 4 78.548     	94 79.692     	74 78.285     	31 78.312     	 3 78.324     	19 78.180     	98 78.215     	11 78.372     	41 78.294     	81 78.697     	44 78.309     	69 78.130     	 1 78.013     	 2 77.746     	20 78.508     	22 78.877     	21 78.984     	 5 79.579     	
Lap 45	29 76.527     	30 76.482     	42 77.484     	47 76.546     	53 77.779     	80 77.516     	 4 77.408     	94 77.444     	74 78.105     	31 78.094     	 3 78.161     	19 78.508     	98 78.895     	11 78.564     	41 77.696     	81 77.490     	44 78.826     	69 78.794     	 1 77.694     	 2 77.882     	22 79.023     	20 79.170     	21 78.398     	 5 79.637     	
Lap 46	29 76.954     	30 76.972     	42 77.566     	47 77.190     	80 77.503     	53 78.030     	 4 77.906     	94 77.352     	74 78.713     	31 78.764     	 3 78.687     	19 78.503     	98 78.995     	11 79.052     	41 78.177     	81 78.988     	44 79.065     	69 78.835     	 1 78.903     	 2 77.940     	20 78.796     	22 78.979     	21 79.238     	 5 79.787     	
Lap 47	29 77.402     	30 76.774     	42 77.128     	47 76.998     	80 77.820     	53 78.754     	 4 77.800     	94 77.201     	74 78.281     	31 78.668     	 3 78.751     	19 78.516     	98 79.062     	11 79.419     	41 77.919     	81 77.697     	69 78.592     	44 79.258     	 1 79.100     	 2 77.676     	22 78.819     	20 79.039     	21 78.937     	 5 80.509     	
Lap 48	29 76.612     	30 77.426     	42 77.742     	47 76.953     	80 77.931     	53 77.597     	 4 78.500     	94 77.757     	74 77.995     	 3 78.482     	31 78.864     	19 78.339     	11 78.672     	98 79.495     	41 77.518     	81 77.577     	44 78.413     	69 78.847     	 1 78.423     	 2 78.990     	22 78.883     	20 78.839     	21 78.508     	 5 79.895     	
Lap 49	29 76.998     	30 77.110     	42 77.489     	47 77.265     	80 78.761     	53 78.329     	 4 78.095     	94 78.456     	74 77.890     	 3 77.977     	31 78.474     	19 77.843     	11 78.459     	98 78.728     	41 77.727     	81 77.967     	44 78.553     	69 79.292     	 2 78.087     	 1 79.204     	22 78.689     	20 79.376     	21 97.607 DRY	 5 79.831     	
Lap 50	29 76.799     	30 77.216     	42 77.417     	47 77.491     	80 78.222     	53 79.206     	 4 78.543     	94 78.169     	74 77.458     	 3 78.144     	31 78.443     	19 77.562     	11 78.657     	41 78.388     	98 79.182     	81 77.912     	44 78.633     	69 79.157     	 1 79.082     	 2 79.390     	22 78.678     	20 79.472     	21 78.654     	 5 80.569     	
Lap 51	29 77.255     	30 76.667     	42 77.313     	47 76.876     	80 77.476     	53 77.095     	 4 78.090     	94 78.606     	74 77.820     	 3 78.378     	31 77.972     	19 78.559     	41 78.531     	11 78.749     	98 79.448     	81 79.079     	44 77.876     	69 79.289     	 2 78.987     	 1 79.489     	22 78.195     	20 78.599     	21 78.052     	 5 79.832     	
Lap 52	29 77.131     	30 77.133     	42 77.318     	47 77.008     	80 78.226     	53 78.417     	 4 78.560     	94 78.021     	74 77.811     	 3 78.067     	31 78.663     	19 78.335     	41 78.837     	11 79.132     	98 78.750     	81 81.018     	44 77.993     	69 79.133     	 2 79.528     	 1 79.528     	22 78.845     	20 78.536     	21 78.382     	 5 80.653     	
Lap 53	29 77.788     	30 77.238     	42 77.260     	47 77.412     	80 78.193     	53 77.775     	94 78.255     	 4 78.924     	74 78.155     	 3 78.057     	19 77.906     	41 78.859     	11 78.976     	98 78.774     	81 78.044     	44 78.059     	69 78.590     	31 96.715 DRY	 2 79.208     	 1 79.687     	22 78.701     	20 78.913     	21 77.972     	 5 80.402     	
Lap 54	29 77.131     	30 77.522     	42 77.351     	47 77.039     	53 79.137     	 4 78.745     	80 97.398 DRY	74 77.793     	 3 78.194     	19 77.854     	94 97.132 DRY	41 78.298     	11 79.115     	98 78.177     	81 78.214     	44 78.428     	31 78.339     	 2 79.546     	22 78.740     	69 97.171 DRY	 1 97.117 DRY	21 78.053     	20 97.423 DRY	 5 80.460     	
Lap 55	29 77.081     	30 77.214     	42 77.583     	47 77.781     	53 77.947     	80 76.849     	74 78.268     	 3 77.767     	19 77.917     	94 76.843     	 4 95.469 DRY	41 78.041     	11 78.952     	81 78.120     	44 78.896     	31 77.653     	22 78.342     	98 97.631 DRY	69 78.099     	 1 78.058     	 2 96.376 DRY	21 78.405     	20 77.791     	 5 80.398     	
Lap 56	29 77.794     	42 78.016     	47 77.857     	30 96.009 DRY	53 77.713     	80 77.088     	94 78.394     	 4 78.187     	41 77.941     	74 96.194 DRY	31 76.798     	 3 96.670 DRY	19 97.289 DRY	11 96.325 DRY	81 96.044 DRY	98 78.544     	44 96.790 DRY	69 77.481     	 2 78.183     	 1 78.405     	21 78.319     	20 77.704     	22 97.787 DRY	 5 98.059 DRY	
Lap 57	29 95.848 DRY	30 76.955     	42 95.995 DRY	47 95.610 DRY	80 76.912     	53 96.070 DRY	94 78.065     	 4 77.753     	41 78.031     	74 77.333     	 3 78.173     	31 78.367     	19 77.185     	11 78.216     	98 78.150     	81 78.809     	44 77.865     	69 77.643     	 1 78.250     	 2 78.851     	21 78.383     	20 78.914     	22 78.929     	 5 80.205     	
Lap 58	29 76.539     	30 76.542     	42 77.073     	47 76.882     	80 76.696     	53 76.936     	 4 77.576     	94 77.989     	41 77.407     	74 76.618     	 3 77.541     	31 77.415     	19 77.710     	11 78.027     	98 78.751     	81 78.470     	44 77.525     	69 77.713     	 1 77.947     	 2 78.569     	21 77.899     	22 78.436     	20 79.090     	 5 79.707     	
Lap 59	29 76.179     	30 76.361     	42 77.194     	47 76.811     	80 76.751     	53 76.692     	94 77.214     	 4 78.110     	41 77.547     	74 77.613     	31 78.013     	 3 78.065     	19 77.365     	11 77.394     	98 78.479     	81 78.707     	44 77.452     	69 77.183     	 1 77.500     	 2 77.534     	21 77.712     	22 78.853     	20 78.563     	 5 79.945     	
Lap 60	29 76.133     	30 76.248     	42 76.417     	47 76.372     	80 77.479     	53 76.562     	94 77.757     	 4 77.347     	41 77.749     	74 77.234     	31 77.794     	 3 78.049     	19 77.085     	11 77.069     	81 77.729     	98 78.578     	44 77.730     	69 77.136     	 1 77.373     	 2 77.813     	21 78.604     	22 78.607     	20 79.011     	 5 79.615     	
Lap 61	29 77.042     	30 76.741     	47 76.923     	42 78.752     	80 77.240     	53 77.342     	 4 77.402     	94 78.335     	41 77.934     	74 77.280     	31 77.969     	19 77.849     	 3 78.242     	11 77.318     	81 78.314     	44 78.176     	98 78.714     	69 77.482     	 1 77.863     	 2 77.643     	21 78.147     	22 78.603     	20 79.092     	 5 79.851     	
Lap 62	29 76.759     	30 76.416     	42 76.675     	47 77.480     	80 76.727     	53 77.154     	 4 77.594     	94 77.909     	41 77.603     	74 76.767     	31 78.191     	19 77.955     	 3 78.265     	11 77.103     	81 77.918     	44 78.336     	98 78.817     	69 77.446     	 1 77.285     	 2 77.273     	21 78.625     	22 77.995     	20 78.361     	 5 79.176     	
Lap 63	29 76.706     	30 76.731     	42 77.187     	47 77.141     	80 77.495     	53 77.390     	 4 78.252     	94 77.535     	41 77.609     	74 76.930     	31 77.931     	19 78.429     	 3 78.185     	11 77.294     	81 77.740     	44 77.950     	98 78.731     	69 78.706     	 1 77.957     	 2 78.223     	21 78.753     	22 78.343     	20 77.983     	 5 79.919     	
Lap 64	29 76.760     	30 76.320     	42 77.965     	47 77.531     	80 77.467     	53 77.235     	94 77.681     	 4 78.099     	74 76.799     	31 78.363     	19 78.737     	 3 78.700     	11 76.991     	41 96.108 DRY	81 77.748     	44 78.083     	98 77.945     	69 78.873     	 1 78.072     	 2 78.216     	21 78.420     	22 77.859     	20 77.535     	 5 79.982     	
Lap 65	29 76.644     	30 76.847     	42 77.223     	47 77.011     	80 76.935     	53 76.663     	 4 77.967     	94 78.440     	74 77.275     	31 77.907     	19 77.823     	 3 78.563     	11 77.976     	41 78.141     	81 77.135     	44 78.088     	98 78.492     	69 78.431     	 1 78.218     	 2 77.361     	21 77.882     	22 78.475     	20 78.785     	 5 79.481     	
Lap 66	29 77.075     	30 77.129     	42 77.279     	47 77.738     	80 77.140     	53 77.353     	 4 77.882     	94 77.641     	74 76.957     	31 78.308     	19 78.382     	 3 78.622     	41 78.008     	11 78.376     	81 77.216     	44 78.075     	98 78.626     	69 78.285     	 1 78.744     	 2 78.208     	21 78.721     	22 77.474     	20 77.812     	 5 79.281     	
Lap 67	29 76.826     	30 76.624     	42 77.544     	47 77.514     	80 77.324     	53 77.542     	 4 77.598     	94 77.878     	74 77.146     	31 77.282     	19 77.239     	 3 77.600     	41 77.811     	11 78.294     	81 77.212     	44 78.181     	98 78.996     	69 78.671     	 1 78.958     	 2 78.896     	21 78.491     	22 77.806     	20 78.249     	 5 79.469     	
Lap 68	29 76.446     	30 77.003     	42 77.717     	47 77.740     	80 77.295     	53 77.325     	 4 78.335     	94 78.145     	74 78.308     	31 77.829     	19 78.152     	 3 77.502     	41 78.416     	11 78.281     	81 77.458     	44 77.959     	98 78.888     	69 78.789     	 1 78.226     	 2 78.503     	21 78.752     	22 77.556     	20 77.839     	 5 79.337     	
Lap 69	29 76.338     	30 76.692     	47 77.395     	42 78.011     	80 77.316     	53 77.248     	 4 78.063     	94 78.507     	74 78.366     	31 77.478     	19 78.586     	 3 78.865     	41 78.210     	11 78.198     	81 77.926     	44 78.173     	69 78.382     	98 78.843     	 1 78.828     	 2 78.958     	22 78.914     	21 79.289     	20 78.287     	 5 79.506     	
Lap 70	29 77.245     	30 76.485     	42 76.393     	47 77.257     	80 77.193     	53 77.155     	 4 78.286     	74 77.430     	94 78.390     	31 77.932     	19 77.629     	 3 76.894     	41 78.435     	11 79.019     	81 77.801     	44 78.117     	69 78.412     	98 78.587     	 1 78.188     	 2 78.461     	22 78.703     	21 79.216     	20 77.997     	 5 79.918     	
Lap 71	29 77.140     	30 76.563     	42 77.774     	47 77.568     	80 77.368     	53 77.286     	 4 77.939     	74 78.414     	94 78.251     	31 78.057     	19 77.973     	 3 78.588     	41 77.504     	11 78.053     	81 77.732     	44 78.127     	69 78.969     	98 79.177     	 1 78.514     	 2 79.269     	22 79.292     	21 79.103     	20 78.966     	 5 80.211     	
Lap 72	29 76.881     	30 76.825     	42 77.714     	47 77.530     	80 77.613     	53 77.193     	 4 77.893     	94 77.868     	74 78.553     	31 77.367     	19 77.651     	 3 77.869     	41 77.687     	11 77.939     	81 77.661     	44 77.985     	69 78.841     	98 78.863     	 1 78.085     	 2 78.165     	22 78.651     	21 78.982     	20 79.205     	 5 79.828     	
Lap 73	29 76.477     	30 76.716     	47 77.243     	42 78.262     	80 77.808     	53 77.452     	 4 78.681     	94 77.904     	74 77.700     	31 77.544     	19 77.296     	 3 77.459     	41 77.132     	11 78.380     	81 78.299     	44 78.294     	69 78.944     	98 78.597     	 1 78.255     	 2 78.255     	22 79.027     	20 79.401     	21 79.796     	 5 80.306     	
Lap 74	29 77.215     	30 76.564     	42 76.875     	47 77.699     	80 77.442     	53 77.774     	 4 77.821     	74 77.637     	94 78.371     	31 77.960     	19 78.051     	 3 77.311     	41 77.114     	11 78.309     	81 78.435     	44 77.524     	98 78.452     	69 79.195     	 1 78.159     	 2 77.782     	22 78.398     	20 79.224     	21 79.577     	 5 80.195     	
Lap 75	29 77.160     	30 76.654     	47 77.706     	42 77.866     	80 77.197     	53 77.006     	 4 77.956     	74 78.492     	94 78.663     	31 77.624     	19 79.074     	 3 78.743     	41 77.872     	11 78.574     	81 78.336     	44 77.498     	98 78.527     	69 78.813     	 1 79.299     	 2 78.562     	22 78.416     	20 78.856     	21 79.157     	 5 79.681     	
Lap 76	29 78.105     	30 77.760     	42 76.611     	47 77.747     	80 77.834     	53 77.134     	 4 78.752     	74 78.505     	94 78.547     	31 78.071     	 3 78.295     	19 78.926     	41 77.159     	11 78.412     	81 79.050     	44 78.003     	98 78.888     	69 78.612     	 2 78.532     	 1 79.208     	22 78.699     	20 78.979     	21 79.501     	 5 79.782     	
Lap 77	29 77.336     	30 77.894     	42 77.291     	47 77.364     	80 77.972     	53 77.541     	 4 78.477     	74 78.160     	94 77.970     	31 78.135     	 3 78.619     	19 78.338     	41 77.366     	11 78.200     	81 77.817     	44 78.268     	98 79.230     	69 79.249     	 2 78.749     	 1 78.915     	22 78.494     	20 78.141     	21 96.833 DRY	 5 80.529     	
Lap 78	29 77.878     	30 77.538     	42 77.532     	47 77.664     	80 78.122     	53 77.344     	 4 78.401     	74 78.282     	94 78.174     	31 78.450     	19 78.496     	41 78.069     	 3 78.820     	11 79.199     	81 78.487     	44 78.371     	69 78.874     	98 79.412     	 2 78.647     	 1 79.536     	22 78.383     	20 78.203     	21 77.730     	 5 80.500     	
Lap 79	29 77.788     	30 77.826     	42 77.769     	47 77.631     	80 78.878     	53 79.037     	74 78.198     	 4 78.919     	94 79.017     	31 78.113     	41 78.613     	19 78.772     	 3 78.642     	11 78.476     	81 79.049     	44 78.127     	69 78.885     	98 79.212     	 1 78.146     	 2 79.662     	22 78.778     	20 78.868     	21 77.607     	 5 80.202     	
Lap 80	29 77.801     	30 77.847     	42 77.845     	47 77.830     	80 78.651     	53 78.836     	74 78.692     	 4 78.196     	94 78.416     	41 78.206     	19 78.427     	 3 78.432     	11 78.554     	81 79.242     	44 77.758     	31 96.867 DRY	98 78.907     	69 79.528     	 1 78.800     	 2 79.386     	22 78.770     	20 78.814     	21 78.515     	 5 80.361     	
Lap 81	30 77.373     	29 78.486     	42 77.572     	47 77.241     	53 79.208     	80 96.986 DRY	74 78.182     	 4 78.993     	41 78.476     	19 78.752     	 3 79.234     	94 97.472 DRY	11 77.926     	81 78.263     	44 78.205     	31 77.780     	69 78.795     	98 79.093     	 2 78.746     	22 78.751     	20 78.999     	 1 97.153 DRY	21 77.885     	 5 80.198     	
Lap 82	30 78.009     	29 78.041     	42 78.602     	47 77.873     	53 77.677     	80 77.192     	74 79.100     	 4 78.585     	41 78.391     	19 78.727     	 3 79.253     	94 76.965     	11 78.565     	81 78.086     	44 78.640     	31 77.186     	69 78.824     	 2 78.827     	22 78.238     	20 78.329     	 1 77.408     	98 97.805 DRY	21 78.257     	 5 80.746     	
Lap 83	30 78.124     	29 78.307     	42 77.866     	47 77.962     	53 77.718     	80 77.405     	74 78.712     	41 78.739     	94 77.536     	 4 96.818 DRY	11 77.886     	31 77.684     	44 79.397     	19 96.918 DRY	 3 96.948 DRY	81 95.960 DRY	 2 78.586     	22 79.081     	 1 77.887     	69 97.296 DRY	98 78.160     	21 78.347     	20 96.548 DRY	 5 98.853 DRY	
Lap 84	30 96.665 DRY	29 97.164 DRY	47 77.929     	42 78.127     	80 77.248     	53 95.717 DRY	41 77.268     	94 76.829     	 4 77.116     	74 96.271 DRY	11 77.975     	31 77.271     	19 77.988     	 3 77.135     	81 77.298     	 2 78.950     	44 95.808 DRY	22 78.963     	 1 77.135     	69 78.310     	98 78.839     	21 77.673     	20 77.768     	 5 80.211     	
Lap 85	30 77.086     	29 76.599     	42 77.183     	47 78.299     	80 76.750     	53 77.560     	41 78.140     	94 77.239     	 4 77.616     	74 77.460     	11 78.134     	31 77.638     	19 77.685     	 3 78.573     	81 77.150     	44 78.966     	 1 77.441     	69 77.944     	98 78.773     	 2 97.574 DRY	21 77.946     	20 77.281     	22 96.862 DRY	 5 79.420     	
Lap 86	30 77.144     	29 77.408     	42 96.097 DRY	47 95.191 DRY	80 76.615     	53 76.567     	94 76.705     	41 78.187     	74 76.916     	 4 77.700     	31 76.828     	19 77.200     	 3 77.488     	81 77.343     	11 97.003 DRY	44 77.881     	 1 78.019     	69 77.095     	98 77.825     	 2 77.826     	21 78.609     	20 78.292     	22 79.204     	 5 79.765     	
Lap 87	30 77.532     	29 76.974     	47 77.586     	42 77.808     	80 77.422     	53 77.388     	94 78.113     	41 78.352     	74 77.869     	 4 77.928     	31 77.137     	19 77.633     	 3 76.904     	81 76.984     	11 77.787     	44 77.146     	 1 78.082     	69 77.850     	98 77.172     	 2 77.427     	21 78.753     	20 78.790     	22 77.736     	 5 81.045     	
Lap 88	30 77.809     	29 77.537     	42 76.896     	47 77.044     	80 77.492     	53 76.719     	94 78.205     	41 78.745     	 4 77.370     	74 78.330     	31 77.019     	19 77.777     	 3 77.985     	81 77.566     	11 76.950     	44 78.039     	 1 77.731     	69 77.639     	98 78.025     	 2 77.849     	20 78.373     	21 79.251     	22 79.056     	 5 79.812     	
Lap 89	30 77.084     	29 77.807     	42 77.603     	47 77.540     	80 77.303     	53 76.749     	94 77.318     	41 77.560     	74 77.315     	 4 77.931     	31 77.213     	19 77.026     	 3 77.043     	81 76.988     	11 76.907     	44 77.738     	 1 77.772     	69 77.090     	98 77.345     	 2 77.863     	20 79.060     	22 78.451     	21 79.354     	 5 80.039     	
Lap 90	30 77.300     	29 77.865     	47 77.198     	42 77.329     	80 77.209     	53 77.442     	94 77.344     	41 78.514     	 4 77.558     	74 78.320     	31 77.746     	19 77.899     	 3 76.975     	81 76.975     	11 77.473     	44 77.930     	 1 77.806     	69 78.007     	98 77.517     	 2 77.245     	20 78.400     	22 78.359     	21 78.560     	 5 79.477     	
Lap 91	30 76.667     	29 76.835     	42 76.214     	47 77.475     	80 77.349     	53 76.929     	94 76.876     	 4 77.650     	41 78.662     	74 77.420     	31 77.466     	 3 78.264     	19 78.665     	81 77.856     	11 76.952     	44 77.363     	 1 77.682     	69 77.282     	98 77.389     	 2 77.527     	20 78.729     	22 78.924     	21 79.275     	 5 79.280     	
Lap 92	30 76.373     	29 76.572     	42 76.793     	47 76.866     	80 77.136     	53 77.138     	94 77.407     	74 77.456     	 4 77.999     	41 78.724     	31 77.253     	19 78.042     	 3 78.370     	81 76.996     	11 77.581     	44 77.625     	 1 78.164     	69 77.785     	98 77.491     	 2 77.293     	20 78.637     	22 78.902     	21 79.056     	 5 79.621     	
Lap 93	30 76.670     	29 76.286     	42 77.071     	47 77.075     	80 76.732     	53 76.623     	94 77.141     	74 78.012     	 4 78.011     	41 78.221     	31 77.421     	19 78.003     	 3 78.831     	81 77.592     	11 77.662     	44 77.541     	 1 77.982     	69 77.411     	98 78.079     	 2 77.409     	20 79.186     	22 78.677     	21 78.899     	 5 79.695     	
Lap 94	30 76.713     	29 76.908     	42 76.503     	47 76.873     	80 76.911     	53 77.553     	94 77.818     	74 77.936     	 4 78.416     	31 78.966     	19 78.514     	 3 78.716     	81 77.389     	11 77.780     	41 97.422 DRY	44 77.396     	 1 78.494     	69 78.839     	98 77.661     	20 79.256     	 2 77.926     	22 78.582     	21 78.852     	
Lap 95	30 77.018     	29 76.345     	42 76.963     	47 76.482     	80 77.685     	53 77.297     	94 77.781     	74 77.836     	 4 78.006     	31 77.859     	19 77.848     	81 77.882     	 3 78.580     	11 78.240     	41 78.013     	44 78.154     	 1 78.309     	69 78.301     	 2 77.837     	22 78.342     	20 78.678     	21 78.986     	 5 79.725     	

-- OFFICIAL RESULTS --
Pos	#No	Driver						Team					Time		Diff		Pits	Best
01	#30	WIS	Josh Wise				BONGATAR				2:3:00.846	-0.000		3		76.139
02	#29	ALU	Sago Aludetsei			Dotruga Formula Racing	2:3:01.746	-0.900		3		76.133
03	#42	OOS	Frank Oosterhout		Cows Go Moo Racing		2:3:27.411	-26.565		3		76.214
04	#47	PAV	ketila léqa pavúteka	Team Solea Racing		2:3:28.574	-27.728		3		76.372
05	#80	AYA	Ifloenne é Aya			Team V.V. Imperial		2:3:45.405	-44.559		3		76.486
06	#53	TÀC	Ešuro Tàcràɰë			Team Diigikwk Racers	2:3:46.884	-46.038		3		76.562
07	#94	NES	At'ipi Nesbeksë			Team Diigikwk Racers	2:4:20.944	-80.098		3		76.705
08	#74	KON	Bařàsiz Konoca			Team Diigikwk Racers	2:4:26.373	-85.527		3		76.618
09	# 4	BLA	Zaku Blaxon				Team Blaland Racing		2:4:27.087	-86.241		3		77.116
10	#31	ŠAŊ	xap'ít celentir šaŋév	Team Solea Racing		2:4:29.823	-88.977		3		76.798
11	#19	ZAI	khélok atep zailunaɰ	Team Solea Racing		2:4:42.948	-102.102	3		77.026
12	#81	KÆR	Lyǽs Kæræsekæræn		Team V.V. Imperial		2:4:44.178	-103.332	3		76.975
13	# 3	BOB	Bob						BONGATAR				2:4:44.754	-103.908	3		76.894
14	#11	KEG	Tuto Keget				Dotruga Formula Racing	2:4:47.303	-106.457	3		76.907
15	#41	CAN	Olga Candy				Cows Go Moo Racing		2:4:47.437	-106.591	4		76.878
16	#44	KAX	Kaxon Kaxutak			Team Blaland Racing		2:4:52.883	-112.037	3		77.146
17	# 1	ROT	Robbie Rotten			Team V.V. Imperial		2:5:07.402	-126.556	3		77.135
18	#69	SAN	Marisa Sanchez			Cows Go Moo Racing		2:5:08.256	-127.410	3		77.090
19	# 2	HID	Body Hide				BONGATAR				2:5:10.260	-129.414	3		77.245
20	#22	PHI	Philipe					Team Vincent			2:5:30.176	-149.330	3		77.474
21	#20	MAC	Mac						Team Vincent			2:5:31.037	-150.191	3		77.281
22	#21	ORS	Orson					Team Vincent			2:5:32.270	-151.424	3		77.607
23	# 5	NOX	Naxan Noxokolonaxon		Team Blaland Racing		2:7:35.340	-274.494	3		79.176
24	#98	MOT	Gorga Motxev			Dotruga Formula Racing	RETIRED		DNF			3		77.172

-- RACE INCIDENT REPORT --
Ifloenne é Aya made a mistake while attempting an overtake on lap 1.
Naxan Noxokolonaxon made a mistake while attempting an overtake on lap 2.
Naxan Noxokolonaxon made a mistake while attempting an overtake on lap 5.
Marisa Sanchez made a mistake while attempting an overtake on lap 15.
Josh Wise made a mistake while attempting an overtake on lap 17.
Orson made a pit stop to repair damage caused by a large incident while attempting an overtake on lap 21.
Zaku Blaxon made a mistake while attempting an overtake on lap 23.
Naxan Noxokolonaxon made a mistake while attempting an overtake on lap 24.
Lyǽs Kæræsekæræn made a mistake while attempting an overtake on lap 25.
xap'ít celentir šaŋév made a pit stop to repair damage caused by a large incident while attempting an overtake on lap 26.
Bařàsiz Konoca made a mistake while attempting an overtake on lap 32.
Olga Candy made a pit stop to repair damage caused by a large incident on lap 37.
Robbie Rotten made a mistake while attempting an overtake on lap 40.
At'ipi Nesbeksë made a mistake while attempting an overtake on lap 44.
Gorga Motxev made a mistake while attempting an overtake on lap 48.
Lyǽs Kæræsekæræn made a mistake while attempting an overtake on lap 52.
Frank Oosterhout made a mistake on lap 61.
Naxan Noxokolonaxon made a mistake while attempting an overtake on lap 87.
Gorga Motxev crashed out on lap 94.
