-- LAP TIMES --
Lap 0	29 0.000     	80 0.000     	42 0.100     	30 0.100     	47 0.200     	31 0.200     	94 0.300     	 4 0.300     	 1 0.400     	53 0.400     	 3 0.500     	74 0.500     	41 0.600     	81 0.600     	19 0.700     	11 0.700     	98 0.800     	44 0.800     	69 0.900     	 2 0.900     	20 1.000     	22 1.000     	21 1.100     	 5 1.100     	
Lap 1	42 85.660     	29 86.060     	30 86.176     	47 86.111     	80 86.370     	 4 86.388     	 3 86.206     	74 86.272     	31 86.592     	41 86.352     	11 86.357     	53 86.665     	94 86.861     	69 86.295     	44 86.497     	81 86.819     	 1 87.117     	 2 86.684     	22 86.692     	98 87.088     	19 87.356     	20 87.065     	21 87.527     	 5 88.315     	
Lap 2	42 86.059     	30 85.696     	29 85.957     	47 86.000     	80 86.617     	 3 86.420     	94 86.099     	 4 86.623     	53 86.286     	69 86.267     	41 86.556     	74 86.761     	81 86.217     	31 86.859     	 1 86.381     	44 86.664     	11 87.233     	98 86.567     	19 86.448     	22 86.848     	 2 87.289     	20 87.293     	21 87.132     	 5 88.125     	
Lap 3	29 85.810     	30 86.136     	42 86.303     	47 85.941     	80 86.133     	94 85.980     	69 86.287     	41 86.325     	53 86.578     	74 86.411     	 3 86.947     	81 86.727     	31 87.016     	19 86.336     	 1 86.954     	 4 87.816     	11 86.877     	44 87.309     	98 87.009     	22 86.967     	 2 87.567     	20 87.098     	21 87.235     	 5 88.143     	
Lap 4	29 86.044     	30 85.809     	47 85.848     	42 86.465     	80 86.751     	94 86.722     	53 86.216     	41 86.623     	69 86.892     	74 86.989     	 3 87.109     	 4 86.211     	81 87.087     	31 86.865     	11 86.496     	 1 86.920     	98 86.552     	44 87.441     	19 88.101     	22 87.658     	20 87.463     	21 87.260     	 2 88.936     	 5 88.185     	
Lap 5	42 85.020     	29 85.975     	30 85.945     	47 86.041     	80 86.013     	53 86.321     	94 86.681     	41 86.497     	74 86.770     	69 87.133     	 3 86.800     	31 86.582     	81 86.720     	 4 87.086     	11 87.294     	 1 87.178     	98 86.971     	44 86.652     	19 87.077     	21 87.313     	22 87.169     	20 87.620     	 2 86.109     	
Lap 6	42 85.871     	47 85.854     	29 86.355     	30 86.352     	53 86.227     	80 86.910     	94 86.411     	41 86.503     	31 86.185     	 3 86.600     	74 86.948     	69 87.013     	81 86.768     	 4 86.830     	 1 86.900     	98 86.997     	19 86.534     	44 87.407     	22 86.966     	 2 87.143     	20 87.621     	21 87.640     	 5 88.308     	
Lap 7	42 85.870     	47 86.070     	29 85.964     	30 86.017     	94 86.621     	53 87.009     	80 86.945     	41 86.375     	31 86.639     	 3 86.690     	74 86.622     	81 86.460     	69 87.167     	 4 86.743     	19 86.316     	 1 87.139     	98 87.263     	44 87.140     	22 87.099     	 2 87.378     	20 87.438     	21 87.787     	 5 88.611     	
Lap 8	42 86.093     	30 85.925     	47 86.146     	29 86.271     	41 86.454     	53 86.622     	94 87.069     	74 86.353     	31 86.781     	81 86.365     	80 88.277     	 3 87.060     	 4 86.407     	69 86.767     	 1 86.852     	98 86.692     	19 87.187     	44 86.971     	22 87.225     	 2 87.003     	20 87.226     	21 87.406     	 5 88.594     	
Lap 9	42 85.989     	29 85.616     	47 86.442     	30 86.671     	41 86.582     	53 86.785     	94 86.684     	74 86.345     	31 86.345     	81 86.383     	80 86.594     	 4 86.385     	69 86.988     	 3 87.404     	 1 86.989     	98 86.927     	19 87.118     	44 87.000     	22 87.336     	 2 87.834     	20 87.382     	21 87.141     	 5 88.058     	
Lap 10	30 84.767     	42 86.606     	47 86.055     	29 86.753     	41 86.390     	53 86.844     	94 86.691     	31 86.381     	80 86.287     	74 87.052     	81 86.984     	 4 87.046     	69 87.037     	 3 87.544     	19 86.838     	98 87.158     	 1 87.352     	44 87.804     	22 87.029     	 2 87.207     	21 87.120     	20 87.669     	 5 88.480     	
Lap 11	29 85.027     	30 86.323     	42 86.081     	47 86.539     	53 86.241     	41 87.392     	94 86.873     	80 86.809     	31 87.273     	81 86.708     	74 87.129     	 4 86.993     	69 87.025     	 3 87.061     	98 86.690     	19 87.046     	 1 87.411     	22 86.952     	44 87.257     	 2 87.100     	21 87.275     	20 87.554     	 5 88.218     	
Lap 12	29 86.078     	30 86.002     	47 85.575     	42 86.778     	53 86.838     	94 86.463     	41 87.341     	31 86.400     	80 86.728     	74 86.327     	81 87.195     	 4 87.300     	69 87.315     	 3 87.251     	19 86.771     	98 87.404     	 1 87.699     	22 87.491     	44 87.616     	 2 87.545     	21 87.534     	20 87.412     	 5 88.338     	
Lap 13	42 85.380     	30 86.496     	29 86.733     	47 86.484     	53 86.394     	94 86.504     	41 86.758     	74 86.485     	31 86.924     	80 86.692     	81 87.430     	 4 86.728     	69 86.801     	 3 87.536     	19 87.330     	98 87.425     	 1 86.755     	44 87.138     	22 87.305     	 2 87.394     	21 87.473     	20 87.248     	 5 88.647     	
Lap 14	42 86.318     	30 86.596     	47 86.111     	29 87.015     	53 86.818     	94 86.410     	80 86.626     	74 86.894     	41 87.165     	31 86.931     	 4 85.994     	69 85.788     	81 87.367     	19 86.780     	 3 87.200     	98 86.972     	 1 87.404     	22 86.996     	44 87.762     	 2 87.856     	20 87.737     	21 87.937     	 5 88.905     	
Lap 15	42 86.524     	29 85.603     	30 86.439     	47 86.298     	94 86.522     	53 86.697     	80 86.363     	31 86.678     	74 87.321     	41 87.341     	 4 86.677     	69 87.395     	81 87.251     	 3 86.710     	19 87.156     	98 86.905     	 1 87.088     	44 87.272     	22 88.026     	 2 87.548     	20 87.254     	21 87.562     	 5 88.141     	
Lap 16	29 86.267     	30 86.143     	42 86.746     	47 86.397     	94 86.653     	53 87.161     	80 86.767     	31 87.158     	74 87.292     	41 87.483     	 4 87.273     	81 86.675     	69 87.256     	 3 87.267     	19 87.515     	98 87.270     	 1 86.654     	22 86.918     	44 87.842     	 2 87.378     	20 87.404     	21 87.268     	 5 88.272     	
Lap 17	30 86.305     	29 86.741     	47 86.369     	42 86.976     	94 87.270     	53 87.191     	80 86.973     	31 86.715     	74 87.105     	41 87.373     	 4 87.555     	69 86.767     	81 87.563     	 3 87.171     	19 87.578     	98 87.701     	 1 87.967     	22 87.906     	44 87.684     	 2 88.107     	20 88.060     	21 88.009     	 5 88.196     	
Lap 18	29 86.234     	30 86.621     	42 85.940     	47 87.145     	94 87.486     	53 87.118     	80 86.567     	31 87.624     	74 87.103     	41 87.163     	 4 87.029     	81 87.017     	69 87.602     	 3 87.428     	98 86.915     	19 87.510     	 1 88.004     	22 87.412     	44 88.061     	20 87.344     	 2 88.023     	21 88.113     	 5 88.481     	
Lap 19	29 86.351     	42 86.317     	30 86.716     	47 86.813     	80 86.762     	94 86.913     	53 87.111     	31 87.071     	74 86.915     	 4 86.977     	41 87.274     	81 87.577     	69 87.612     	98 87.097     	 3 87.699     	19 87.165     	 1 87.090     	22 86.594     	44 86.872     	 2 87.675     	20 88.249     	21 87.994     	 5 89.158     	
Lap 20	30 85.856     	29 86.378     	42 86.338     	47 85.857     	80 86.979     	94 87.462     	53 88.088     	74 87.140     	31 87.585     	41 87.451     	 4 87.717     	81 87.237     	69 87.123     	19 86.697     	98 87.444     	 3 87.883     	 1 86.292     	22 87.490     	44 86.574     	 2 87.667     	20 87.969     	21 88.180     	 5 88.286     	
Lap 21	42 86.499     	29 86.922     	30 87.298     	47 86.947     	80 86.693     	94 87.271     	53 87.395     	74 87.213     	31 88.049     	 4 87.255     	41 87.667     	81 87.052     	69 87.414     	 1 86.668     	19 87.783     	 3 87.028     	98 87.806     	22 87.602     	44 87.704     	 2 87.613     	20 87.563     	21 87.738     	 5 88.458     	
Lap 22	42 86.994     	30 86.571     	29 87.339     	47 87.261     	80 85.832     	94 86.454     	53 86.873     	74 87.269     	31 87.024     	41 87.307     	 4 87.725     	81 87.710     	69 87.441     	 1 87.300     	19 87.561     	98 87.335     	22 88.037     	44 88.133     	 2 87.729     	20 87.917     	21 86.953     	 3 107.049 DRY	 5 88.600     	
Lap 23	30 86.645     	42 87.111     	29 87.354     	47 86.692     	80 85.893     	94 86.034     	53 86.636     	74 87.903     	31 87.519     	41 87.650     	 4 87.622     	81 87.241     	69 87.308     	 1 87.638     	19 87.365     	98 87.585     	22 88.035     	44 87.746     	 2 87.912     	21 87.719     	20 88.436     	 3 86.267     	 5 88.458     	
Lap 24	42 86.823     	47 87.161     	80 86.868     	53 86.991     	74 87.553     	 4 87.538     	30 104.873 DRY	29 105.192 DRY	 1 87.918     	98 87.881     	22 87.905     	44 87.957     	94 105.528 DRY	20 88.085     	31 105.926 DRY	41 106.323 DRY	81 105.878 DRY	69 105.493 DRY	 3 85.855     	19 105.519 DRY	 2 106.885 DRY	21 106.605 DRY	 5 106.557 DRY	
Lap 25	47 86.802     	80 86.697     	53 87.073     	30 85.187     	42 103.977 DRY	29 85.084     	44 88.359     	94 85.985     	31 85.797     	74 104.755 DRY	69 86.621     	41 86.771     	 4 105.559 DRY	81 87.344     	 3 85.730     	19 85.645     	 1 105.637 DRY	98 106.699 DRY	22 106.957 DRY	 2 87.170     	20 105.385 DRY	21 87.721     	 5 87.922     	
Lap 26	47 86.279     	80 87.030     	53 86.908     	30 84.996     	29 85.895     	42 86.330     	94 86.150     	31 86.324     	74 86.470     	41 86.205     	 4 86.479     	69 86.833     	19 85.360     	81 86.502     	 3 87.259     	 1 85.966     	98 85.741     	22 86.287     	44 105.766 DRY	 2 87.217     	20 87.669     	21 87.535     	 5 88.160     	
Lap 27	30 85.120     	42 86.053     	29 86.242     	47 104.902 DRY	94 85.267     	80 104.981 DRY	53 105.644 DRY	74 86.502     	31 87.023     	41 87.011     	19 86.197     	 4 87.040     	69 86.803     	81 86.758     	 3 86.749     	 1 85.566     	98 85.832     	22 86.558     	44 85.904     	 2 85.857     	20 87.137     	21 87.498     	 5 88.269     	
Lap 28	30 85.333     	29 85.692     	42 85.971     	47 85.899     	94 86.872     	80 86.171     	53 85.834     	74 86.629     	31 86.833     	 4 86.331     	41 86.707     	19 86.986     	81 86.363     	69 86.691     	 3 87.170     	 1 86.424     	98 85.695     	22 87.290     	44 86.965     	 2 86.603     	20 87.553     	21 87.407     	 5 88.199     	
Lap 29	30 85.837     	29 85.902     	42 86.038     	47 85.456     	80 85.635     	94 86.586     	53 85.195     	74 86.442     	31 86.744     	 4 86.201     	81 86.635     	69 86.615     	19 86.815     	41 87.205     	 1 86.654     	 3 86.998     	98 87.068     	22 86.829     	44 87.719     	 2 86.256     	20 87.323     	21 86.997     	 5 88.605     	
Lap 30	30 85.166     	29 85.962     	42 85.986     	47 85.728     	80 86.439     	94 86.588     	53 86.076     	74 86.365     	31 86.696     	 4 86.841     	19 86.342     	69 86.987     	81 87.148     	41 87.014     	 1 86.738     	98 86.282     	 3 87.272     	22 86.542     	44 86.375     	 2 86.652     	20 87.141     	21 87.841     	 5 88.001     	
Lap 31	30 85.037     	29 86.123     	42 86.292     	47 84.912     	80 85.213     	94 86.061     	53 85.675     	74 86.284     	31 87.455     	 4 87.117     	19 87.174     	69 86.746     	41 86.626     	81 87.252     	98 86.386     	 1 87.126     	 3 86.874     	22 86.112     	44 86.106     	 2 86.797     	20 87.184     	21 87.409     	 5 88.612     	
Lap 32	30 85.815     	29 85.978     	42 86.465     	47 85.833     	80 85.372     	94 85.953     	53 86.156     	74 85.329     	31 86.341     	 4 86.532     	69 86.568     	19 86.692     	41 86.817     	81 86.445     	 1 86.618     	98 87.209     	 3 87.207     	22 86.011     	44 85.847     	 2 86.749     	20 87.306     	21 87.765     	 5 88.068     	
Lap 33	30 85.297     	29 85.630     	42 86.201     	47 86.008     	80 85.989     	94 85.285     	53 85.268     	74 85.723     	31 86.236     	19 86.579     	 4 87.268     	41 86.355     	69 87.120     	81 86.858     	 1 87.312     	98 87.126     	 3 87.601     	22 86.364     	44 86.524     	 2 86.313     	20 86.105     	21 86.975     	 5 88.190     	
Lap 34	30 85.991     	29 85.688     	47 85.542     	42 85.978     	80 85.515     	94 85.719     	53 86.047     	74 85.759     	31 86.072     	19 86.726     	 4 86.968     	69 86.502     	41 87.234     	81 87.276     	 1 87.210     	 3 85.970     	98 87.093     	22 86.068     	44 86.371     	 2 86.049     	20 86.131     	21 86.414     	 5 88.056     	
Lap 35	30 85.436     	29 85.251     	42 85.591     	47 86.608     	80 85.928     	94 85.753     	53 85.861     	74 85.899     	31 85.793     	 4 86.455     	19 86.889     	41 86.839     	69 87.258     	81 87.099     	98 86.638     	 1 87.229     	 3 87.156     	22 86.805     	44 86.847     	 2 86.101     	20 86.673     	21 86.955     	 5 87.959     	
Lap 36	30 85.391     	29 85.231     	42 86.051     	47 85.833     	80 86.088     	94 85.666     	53 85.382     	74 86.000     	31 85.663     	 4 87.166     	41 86.653     	19 87.212     	69 86.584     	81 86.764     	 1 86.670     	98 87.108     	 3 87.379     	22 87.084     	44 86.645     	 2 86.493     	20 86.848     	21 86.754     	 5 87.992     	
Lap 37	30 85.584     	29 85.537     	47 85.571     	42 86.656     	80 85.963     	94 86.317     	53 85.930     	74 85.600     	31 86.091     	19 86.787     	41 87.117     	 4 87.404     	69 87.180     	81 86.248     	 1 86.862     	98 86.999     	 3 87.675     	22 86.528     	44 86.563     	 2 86.567     	20 86.769     	21 87.177     	 5 88.464     	
Lap 38	30 85.405     	29 85.244     	42 85.037     	47 85.986     	80 85.990     	94 85.783     	53 85.588     	74 85.620     	31 85.791     	19 86.831     	81 86.670     	 4 87.147     	41 87.229     	69 87.463     	 1 87.625     	98 87.670     	 3 86.287     	22 86.754     	44 86.039     	 2 87.049     	20 87.017     	21 86.430     	 5 88.586     	
Lap 39	30 85.966     	29 85.603     	42 86.568     	47 86.591     	80 85.355     	94 86.232     	53 85.943     	74 86.355     	31 85.908     	81 86.624     	 4 86.574     	19 87.462     	41 87.354     	69 87.610     	 1 86.938     	98 87.022     	 3 87.498     	22 87.751     	44 87.492     	 2 86.418     	20 87.024     	21 86.553     	 5 88.645     	
Lap 40	30 85.825     	29 85.441     	42 86.290     	47 86.324     	80 85.827     	94 85.815     	53 86.326     	74 86.525     	31 86.382     	81 87.095     	 4 86.846     	41 86.808     	19 87.577     	69 87.167     	98 86.818     	 1 87.416     	 3 87.646     	22 87.281     	44 87.210     	 2 86.734     	20 86.524     	21 86.742     	 5 88.515     	
Lap 41	30 86.209     	29 85.440     	42 86.727     	47 86.680     	80 85.597     	94 85.889     	53 85.655     	74 85.774     	31 85.724     	81 86.907     	 4 87.070     	41 87.511     	19 87.464     	69 87.872     	98 87.097     	 3 86.103     	 1 87.273     	22 87.632     	44 87.586     	 2 86.399     	20 86.891     	21 86.799     	 5 88.182     	
Lap 42	30 86.292     	29 85.929     	47 86.048     	42 87.033     	80 85.704     	94 86.499     	53 85.757     	74 86.528     	31 86.509     	 4 86.168     	81 87.649     	41 87.392     	19 87.327     	69 86.772     	 1 87.012     	 3 87.226     	98 87.626     	44 87.265     	22 87.966     	 2 87.780     	20 86.742     	21 87.241     	 5 88.985     	
Lap 43	30 86.342     	29 85.495     	47 86.478     	42 86.057     	80 86.269     	94 85.857     	53 85.771     	74 86.361     	31 85.932     	 4 86.592     	81 86.905     	19 87.117     	69 87.710     	41 89.578     	 1 87.576     	98 87.364     	 3 87.976     	44 87.180     	22 88.120     	 2 88.143     	20 86.841     	21 86.932     	 5 88.707     	
Lap 44	30 85.659     	29 86.438     	42 85.984     	47 86.827     	80 85.790     	94 85.797     	53 85.663     	74 86.745     	31 86.199     	 4 86.811     	81 86.051     	19 86.047     	69 86.614     	41 87.169     	98 87.334     	 1 87.746     	 3 87.807     	44 86.502     	 2 87.917     	22 88.192     	20 86.724     	21 87.058     	 5 88.452     	
Lap 45	30 86.172     	29 85.800     	47 86.214     	42 87.270     	80 85.724     	94 86.237     	53 86.635     	74 85.949     	31 85.989     	 4 87.091     	81 87.542     	19 86.642     	69 86.873     	41 87.034     	98 87.318     	 1 87.691     	 3 87.995     	44 87.015     	 2 87.451     	22 87.708     	20 87.148     	21 87.027     	 5 88.634     	
Lap 46	30 85.980     	29 86.353     	42 86.012     	47 86.744     	80 86.586     	94 86.482     	53 86.007     	74 86.087     	31 86.653     	 4 86.634     	81 87.326     	19 86.936     	69 86.734     	41 86.142     	98 87.339     	 1 87.907     	 3 88.204     	44 86.899     	 2 88.098     	22 88.006     	20 86.719     	21 87.296     	 5 88.751     	
Lap 47	30 86.552     	29 86.110     	47 86.305     	42 87.226     	80 86.039     	94 86.317     	53 85.971     	74 86.317     	31 86.318     	 4 86.398     	81 87.177     	19 87.245     	69 86.634     	41 86.244     	98 86.574     	 1 86.726     	44 87.131     	 3 87.827     	 2 88.252     	22 89.495     	20 87.306     	21 87.427     	 5 89.104     	
Lap 48	30 86.373     	29 86.038     	47 86.784     	42 86.455     	80 86.307     	53 87.858     	74 86.459     	31 86.264     	94 106.067 DRY	 4 86.463     	81 88.155     	69 87.655     	98 87.156     	 1 87.354     	44 87.386     	22 87.874     	20 88.451     	19 105.918 DRY	41 107.167 DRY	 3 106.897 DRY	 2 105.000 DRY	21 105.168 DRY	 5 88.672     	
Lap 49	47 87.088     	80 86.301     	30 105.091 DRY	29 104.529 DRY	53 86.813     	42 105.136 DRY	94 85.411     	74 105.218 DRY	31 104.922 DRY	81 87.754     	69 88.037     	98 87.368     	44 87.309     	 4 104.562 DRY	22 88.170     	19 85.726     	20 87.864     	41 85.868     	 1 104.662 DRY	 3 85.724     	 2 86.625     	21 86.242     	 5 88.658     	
Lap 50	47 86.489     	80 86.306     	30 85.916     	29 85.920     	53 86.464     	42 85.320     	94 85.929     	74 86.132     	31 86.977     	69 87.228     	98 87.374     	 4 85.553     	19 86.164     	20 88.023     	41 86.273     	81 106.096 DRY	 1 86.475     	 3 85.671     	44 104.874 DRY	 2 86.158     	22 105.943 DRY	21 86.649     	 5 106.617 DRY	
Lap 51	47 85.906     	80 86.667     	30 84.859     	29 85.342     	42 85.128     	94 86.088     	53 104.154 DRY	74 85.937     	31 86.103     	98 86.888     	 4 85.312     	19 85.874     	41 86.455     	81 86.916     	69 105.774 DRY	 1 85.632     	 3 87.063     	44 86.861     	 2 86.359     	21 87.368     	22 87.547     	20 105.668 DRY	 5 88.478     	
Lap 52	30 85.190     	80 87.383     	29 85.120     	42 85.124     	47 103.931 DRY	94 85.698     	53 86.050     	74 86.026     	31 85.379     	 4 85.915     	19 85.831     	41 87.164     	81 86.430     	69 87.158     	 1 87.239     	98 105.645 DRY	 3 86.938     	44 86.765     	 2 86.749     	22 87.197     	21 87.655     	20 87.276     	 5 87.675     	
Lap 53	30 85.382     	29 86.031     	42 85.395     	47 85.361     	80 105.625 DRY	94 85.739     	53 85.866     	74 85.391     	31 85.984     	 4 86.273     	19 86.090     	41 86.350     	81 86.600     	69 87.128     	 1 86.859     	98 85.989     	44 85.975     	 3 87.135     	 2 86.348     	22 86.740     	21 86.985     	20 86.928     	 5 88.218     	
Lap 54	30 85.651     	29 84.893     	42 85.645     	47 85.681     	94 85.905     	80 86.778     	53 86.103     	74 85.706     	31 85.939     	 4 85.879     	19 85.414     	81 86.339     	41 87.072     	69 86.593     	 1 86.647     	98 87.187     	44 86.764     	 3 87.264     	 2 86.121     	22 87.495     	21 87.606     	20 87.574     	 5 87.789     	
Lap 55	30 85.717     	29 85.632     	42 85.368     	47 85.545     	94 86.361     	80 85.988     	53 85.338     	74 85.867     	31 85.365     	 4 85.484     	19 86.005     	81 86.876     	41 86.668     	69 86.784     	 1 87.054     	98 85.864     	44 85.812     	 3 85.948     	 2 86.608     	22 86.876     	21 87.038     	20 87.665     	 5 87.704     	
Lap 56	30 85.513     	29 85.482     	42 85.899     	47 85.245     	80 85.924     	94 86.553     	53 86.129     	74 85.346     	31 86.154     	 4 85.834     	19 85.555     	41 86.467     	81 86.814     	69 86.710     	 1 86.900     	44 85.795     	98 87.288     	 3 85.823     	 2 86.257     	22 87.011     	21 87.012     	20 86.554     	 5 88.003     	
Lap 57	30 85.419     	29 85.335     	42 85.899     	47 85.091     	80 86.063     	94 86.009     	53 85.994     	74 85.695     	31 85.750     	 4 86.028     	19 85.895     	41 86.990     	81 87.120     	69 86.798     	 1 86.607     	98 86.873     	44 87.501     	 3 86.154     	 2 86.533     	22 86.949     	20 87.210     	21 87.983     	 5 87.934     	
Lap 58	30 85.093     	29 85.814     	42 85.460     	47 85.075     	94 85.969     	80 86.648     	53 85.692     	74 85.526     	31 86.090     	 4 85.528     	19 86.460     	41 86.881     	81 87.075     	69 87.097     	 1 86.959     	98 87.022     	44 86.769     	 3 86.751     	 2 86.601     	22 86.739     	21 87.141     	20 87.789     	 5 87.826     	
Lap 59	30 85.670     	29 85.515     	47 85.497     	42 86.279     	94 86.462     	80 86.501     	53 86.997     	74 85.895     	31 85.891     	 4 85.691     	19 85.798     	81 86.533     	41 87.231     	69 87.368     	 1 87.429     	44 86.893     	98 87.384     	 3 87.146     	 2 86.980     	22 86.930     	21 87.289     	20 87.674     	 5 88.675     	
Lap 60	30 85.355     	29 85.644     	42 85.025     	47 86.581     	94 86.510     	80 86.071     	53 85.331     	74 86.293     	31 86.213     	 4 86.492     	19 86.008     	41 86.938     	81 87.258     	69 87.031     	 1 87.469     	98 87.007     	44 87.414     	 3 87.584     	 2 86.863     	22 86.204     	20 87.025     	21 88.084     	 5 87.925     	
Lap 61	30 85.858     	29 85.566     	42 85.875     	47 85.606     	80 86.108     	94 86.349     	53 87.688     	74 85.901     	31 86.231     	 4 85.727     	19 86.044     	41 86.831     	81 86.831     	69 87.027     	 1 87.332     	98 87.196     	44 87.549     	 3 87.262     	 2 87.032     	22 86.646     	20 87.374     	21 87.784     	 5 88.651     	
Lap 62	30 85.515     	29 85.645     	42 85.472     	47 85.102     	94 86.317     	80 86.925     	53 86.024     	74 85.618     	31 85.681     	 4 86.432     	19 86.121     	41 86.731     	81 86.882     	69 86.612     	 1 86.789     	98 87.433     	 3 86.690     	44 87.773     	 2 86.889     	22 86.194     	20 87.411     	21 88.060     	 5 87.981     	
Lap 63	30 85.194     	29 85.774     	42 86.192     	47 86.008     	80 85.881     	94 86.427     	53 86.261     	74 86.246     	31 86.553     	 4 85.954     	19 86.130     	41 87.335     	81 87.137     	69 85.770     	 1 87.122     	98 86.670     	44 86.559     	 3 87.477     	 2 86.770     	22 86.980     	20 86.240     	21 86.830     	 5 88.453     	
Lap 64	30 85.945     	29 85.725     	47 85.966     	42 86.977     	80 86.384     	94 86.434     	53 85.600     	74 85.859     	31 85.769     	 4 85.735     	19 86.254     	41 87.277     	81 87.303     	69 86.532     	98 86.967     	 1 87.524     	44 86.879     	 3 87.326     	 2 87.013     	22 86.934     	20 86.924     	21 86.923     	 5 88.395     	
Lap 65	30 86.141     	29 85.844     	42 85.760     	47 86.531     	80 86.325     	94 86.541     	53 87.838     	74 86.528     	31 86.046     	 4 86.697     	19 85.961     	81 86.611     	69 86.813     	41 87.541     	98 87.042     	 1 87.104     	44 87.170     	 3 87.055     	 2 86.895     	22 86.528     	20 86.384     	21 87.052     	 5 88.901     	
Lap 66	30 85.584     	29 85.692     	42 86.259     	47 86.078     	94 86.214     	80 86.733     	53 86.931     	74 86.999     	31 86.127     	 4 86.172     	19 86.272     	81 87.186     	41 86.970     	69 88.888     	98 87.115     	 1 87.506     	44 87.700     	 3 87.622     	 2 86.629     	22 86.481     	20 86.702     	21 87.307     	 5 88.781     	
Lap 67	30 85.800     	29 85.768     	47 86.460     	42 86.653     	80 86.507     	94 86.906     	53 86.723     	74 86.514     	31 86.668     	 4 85.877     	19 86.402     	81 87.101     	41 86.580     	69 86.632     	98 86.968     	 1 87.282     	44 87.295     	 3 87.115     	 2 87.435     	22 86.776     	20 86.881     	21 86.849     	 5 88.333     	
Lap 68	30 85.444     	29 85.806     	42 86.159     	47 86.475     	94 86.688     	80 86.939     	74 86.561     	53 86.926     	31 86.629     	 4 86.285     	19 86.324     	81 87.348     	41 87.524     	98 86.222     	 1 87.565     	44 87.457     	 2 86.816     	 3 87.708     	22 86.900     	20 86.543     	69 105.541 DRY	21 87.006     	 5 88.651     	

-- OFFICIAL RESULTS --
Pos	#No	Driver						Team					Time		Diff		Pits	Best
01	#30	WIS	Josh Wise				BONGATAR				1:37:55.778	-0.000		2		84.767
02	#29	ALU	Sago Aludetsei			Dotruga Formula Racing	1:37:59.221	-3.443		2		84.893
03	#42	OOS	Frank Oosterhout		Cows Go Moo Racing		1:38:14.132	-18.354		2		85.020
04	#47	PAV	ketila léqa pavúteka	Team Solea Racing		1:38:14.424	-18.646		2		84.912
05	#94	NES	At'ipi Nesbeksë			Team Diigikwk Racers	1:38:29.647	-33.868		2		85.267
06	#80	AYA	Ifloenne é Aya			Team V.V. Imperial		1:38:29.710	-33.932		2		85.213
07	#74	KON	Bařàsiz Konoca			Team Diigikwk Racers	1:38:32.413	-36.635		2		85.329
08	#53	TÀC	Ešuro Tàcràɰë			Team Diigikwk Racers	1:38:32.650	-36.872		2		85.195
09	#31	ŠAŊ	xap'ít celentir šaŋév	Team Solea Racing		1:38:36.530	-40.752		2		85.365
10	# 4	BLA	Zaku Blaxon				Team Blaland Racing		1:38:46.801	-51.023		2		85.312
11	#19	ZAI	khélok atep zailunaɰ	Team Solea Racing		1:38:52.084	-56.305		2		85.360
12	#81	KÆR	Lyǽs Kæræsekæræn		Team V.V. Imperial		1:39:12.028	-76.250		2		86.051
13	#41	CAN	Olga Candy				Cows Go Moo Racing		1:39:12.268	-76.490		2		85.868
14	#98	MOT	Gorga Motxev			Dotruga Formula Racing	1:39:15.146	-79.368		2		85.695
15	# 1	ROT	Robbie Rotten			Team V.V. Imperial		1:39:17.503	-81.725		2		85.566
16	#44	KAX	Kaxon Kaxutak			Team Blaland Racing		1:39:18.113	-82.335		2		85.795
17	# 2	HID	Body Hide				BONGATAR				1:39:18.229	-82.451		2		85.857
18	# 3	BOB	Bob						BONGATAR				1:39:18.651	-82.873		2		85.671
19	#22	PHI	Philipe					Team Vincent			1:39:26.111	-90.333		2		86.011
20	#20	MAC	Mac						Team Vincent			1:39:31.427	-95.649		2		86.105
21	#69	SAN	Marisa Sanchez			Cows Go Moo Racing		1:39:32.216	-96.438		3		85.770
22	#21	ORS	Orson					Team Vincent			1:39:35.004	-99.226		2		86.242
23	# 5	NOX	Naxan Noxokolonaxon		Team Blaland Racing		1:40:46.469	-170.691	2		87.675
24	#11	KEG	Tuto Keget				Dotruga Formula Racing	RETIRED		DNF			0		86.357

-- RACE INCIDENT REPORT --
khélok atep zailunaɰ made a mistake while attempting an overtake on lap 1.
Zaku Blaxon made a mistake while attempting an overtake on lap 3.
khélok atep zailunaɰ made a mistake while attempting an overtake on lap 4.
Body Hide made a mistake while attempting an overtake on lap 4.
Tuto Keget crashed out while attempting an overtake on lap 5.
Ifloenne é Aya made a mistake while attempting an overtake on lap 8.
Bob made a pit stop to repair damage caused by a large incident while attempting an overtake on lap 22.
Kaxon Kaxutak made a mistake on lap 35.
Olga Candy made a mistake while attempting an overtake on lap 43.
Philipe made a mistake while attempting an overtake on lap 47.
Olga Candy made a mistake while attempting an overtake on lap 48.
Marisa Sanchez made a mistake while attempting an overtake on lap 66.
Marisa Sanchez made a pit stop to repair damage caused by a large incident on lap 68.
