-- LAP TIMES --
Lap 0	29 0.000     	30 0.000     	80 0.100     	 4 0.100     	47 0.200     	53 0.200     	74 0.300     	94 0.300     	31 0.400     	42 0.400     	19 0.500     	44 0.500     	11 0.600     	81 0.600     	 3 0.700     	 1 0.700     	98 0.800     	41 0.800     	 2 0.900     	20 0.900     	69 1.000     	21 1.000     	22 1.100     	 5 1.100     	
Lap 1	80 119.528     	30 119.880     	29 120.044     	 4 120.201     	47 120.388     	53 120.510     	81 120.153     	44 120.286     	94 120.515     	42 120.481     	74 120.814     	31 120.818     	19 120.942     	 3 120.745     	 1 120.756     	11 120.907     	41 121.187     	98 121.274     	20 121.403     	22 121.323     	 2 121.733     	21 122.303     	69 122.591     	 5 122.809     	
Lap 2	80 120.006     	29 119.607     	30 120.144     	 4 120.255     	53 120.336     	47 120.538     	44 120.680     	42 120.644     	74 120.602     	94 121.018     	81 121.094     	 3 120.476     	31 120.775     	11 120.641     	19 120.799     	 1 120.986     	98 121.119     	41 121.261     	20 121.865     	22 122.118     	 2 121.991     	21 121.753     	69 121.597     	 5 122.221     	
Lap 3	29 119.502     	80 119.913     	30 119.794     	 4 120.178     	53 119.824     	47 119.873     	42 120.134     	81 120.194     	74 120.789     	44 121.061     	94 120.989     	31 121.082     	 3 121.268     	19 120.955     	11 121.194     	 1 121.115     	41 120.610     	98 121.339     	22 121.249     	 2 121.483     	20 122.010     	69 121.419     	21 122.185     	 5 122.808     	
Lap 4	29 119.984     	30 119.709     	80 120.057     	 4 119.788     	53 119.887     	47 119.919     	42 120.571     	74 120.519     	81 121.146     	44 120.688     	31 120.579     	11 120.406     	94 121.092     	 3 120.840     	19 120.968     	41 120.688     	 1 121.118     	98 121.722     	22 121.499     	 2 121.735     	20 121.771     	69 121.723     	21 121.929     	 5 122.276     	
Lap 5	29 119.789     	80 119.958     	30 120.235     	 4 138.511 WET	47 138.530 WET	53 139.116 WET	42 138.948 WET	31 138.641 WET	74 139.440 WET	44 139.958 WET	81 140.218 WET	11 139.698 WET	94 139.560 WET	19 139.694 WET	 3 139.942 WET	41 139.849 WET	98 138.147 WET	 1 140.604 WET	22 140.474 WET	 2 140.125 WET	69 139.889 WET	20 140.773 WET	21 140.801 WET	 5 140.687 WET	
Lap 6	29 139.175 WET	30 138.788 WET	80 139.043 WET	 4 121.686     	47 121.866     	53 121.682     	42 120.718     	74 122.331     	31 122.732     	81 122.580     	94 122.651     	44 123.118     	11 123.016     	19 122.739     	 3 122.723     	98 122.692     	41 123.491     	 1 122.991     	22 123.123     	20 122.858     	 2 123.948     	69 123.739     	21 122.687     	 5 124.429     	
Lap 7	29 121.212     	80 121.189     	30 121.918     	47 121.062     	 4 121.666     	53 121.699     	42 121.859     	74 122.102     	31 122.891     	44 121.837     	81 122.232     	94 122.263     	19 122.443     	11 122.635     	 3 122.932     	98 123.061     	 1 122.516     	41 123.151     	22 123.661     	20 123.206     	69 123.224     	 2 123.495     	21 123.224     	 5 124.707     	
Lap 8	29 120.571     	30 120.553     	80 121.682     	 4 121.209     	47 121.917     	53 121.532     	42 121.911     	74 120.657     	31 122.506     	44 122.586     	94 122.446     	81 122.994     	19 122.436     	 3 122.490     	11 123.174     	98 122.525     	 1 122.906     	41 123.211     	22 122.965     	20 123.720     	69 123.402     	 2 123.539     	21 124.010     	 5 124.074     	
Lap 9	29 119.880     	30 120.956     	80 121.165     	 4 121.022     	47 122.077     	53 121.989     	42 121.904     	74 121.370     	44 122.089     	31 122.546     	94 122.635     	81 122.270     	19 122.571     	11 122.911     	 3 123.124     	98 123.761     	 1 123.216     	41 123.383     	22 123.177     	20 123.467     	 2 123.259     	69 123.784     	21 123.443     	 5 124.899     	
Lap 10	29 120.252     	30 120.900     	80 121.093     	 4 120.535     	47 121.454     	53 121.549     	42 121.767     	74 121.590     	44 122.321     	31 122.253     	94 122.210     	81 122.463     	19 122.364     	 3 123.196     	11 123.270     	98 123.482     	 1 123.279     	41 122.627     	22 121.849     	20 123.439     	69 123.047     	 2 123.887     	21 123.576     	 5 124.732     	
Lap 11	29 119.668     	30 121.604     	80 121.345     	 4 119.994     	47 121.548     	53 121.828     	42 121.359     	74 121.112     	31 122.469     	94 122.257     	81 123.082     	19 122.824     	44 124.592     	11 121.910     	 3 122.604     	98 122.748     	 1 123.374     	41 123.569     	22 122.863     	20 123.444     	69 123.777     	 2 123.418     	21 123.844     	 5 125.143     	
Lap 12	29 119.646     	 4 120.869     	80 121.136     	30 121.776     	47 122.136     	53 122.075     	42 122.094     	74 122.011     	94 122.102     	31 123.253     	81 122.957     	44 122.322     	19 123.027     	 3 122.844     	98 123.122     	 1 123.156     	11 126.631     	41 123.542     	22 122.899     	20 123.557     	69 123.257     	 2 123.393     	21 123.281     	 5 124.997     	
Lap 13	29 119.569     	30 120.627     	 4 121.470     	80 121.928     	47 121.549     	53 122.213     	42 122.965     	74 122.519     	94 122.958     	31 123.728     	81 122.697     	19 122.586     	44 123.080     	 3 121.653     	98 122.867     	11 122.818     	 1 123.517     	41 123.639     	22 123.340     	20 123.223     	69 123.748     	 2 123.813     	21 122.908     	 5 124.497     	
Lap 14	29 120.213     	30 121.257     	80 120.356     	 4 121.546     	47 120.763     	53 121.307     	42 122.285     	74 122.399     	94 121.390     	19 122.522     	31 122.713     	81 123.089     	44 123.212     	 3 123.167     	98 121.995     	11 122.883     	 1 123.766     	41 123.844     	22 123.417     	20 123.309     	69 123.258     	 2 123.538     	21 124.171     	 5 124.532     	
Lap 15	29 120.061     	30 121.249     	80 121.704     	 4 121.240     	47 120.960     	53 121.321     	42 122.315     	74 122.743     	94 121.266     	19 122.778     	31 123.148     	81 122.974     	44 122.513     	 3 123.260     	98 122.447     	11 122.272     	 1 123.339     	41 123.233     	22 123.554     	20 124.142     	69 123.864     	 2 124.463     	21 124.481     	 5 124.889     	
Lap 16	29 120.027     	30 121.124     	 4 121.542     	80 122.155     	47 120.846     	53 121.309     	42 122.684     	74 122.098     	94 121.467     	19 123.147     	44 122.685     	31 123.040     	81 123.277     	 3 122.462     	98 122.408     	11 122.159     	 1 123.814     	41 123.657     	22 123.699     	20 123.578     	69 124.678     	 2 123.867     	21 124.142     	 5 125.026     	
Lap 17	29 120.606     	30 120.124     	 4 121.460     	80 121.320     	47 120.564     	53 121.466     	74 122.126     	42 123.135     	94 121.224     	19 122.812     	31 123.196     	44 123.242     	81 123.243     	 3 123.145     	98 122.166     	11 122.720     	 1 124.070     	41 123.961     	22 123.493     	20 122.917     	69 124.056     	21 123.182     	 2 124.630     	 5 125.318     	
Lap 18	29 120.519     	30 120.408     	80 120.827     	 4 121.979     	47 121.396     	53 121.363     	42 122.202     	74 123.316     	94 121.645     	44 122.946     	19 123.647     	31 123.654     	98 123.270     	 3 123.431     	81 123.847     	11 122.200     	 1 124.175     	41 123.796     	22 123.979     	20 122.626     	69 124.555     	21 124.382     	 2 124.902     	 5 125.901     	
Lap 19	29 120.380     	30 120.603     	80 121.919     	 4 121.843     	47 121.070     	53 121.399     	94 121.427     	42 123.128     	74 123.176     	19 123.337     	44 123.663     	31 123.471     	 3 123.350     	98 123.582     	81 123.880     	11 126.543     	41 123.536     	22 123.571     	 1 124.268     	20 123.311     	69 124.256     	21 124.981     	 2 124.507     	 5 125.170     	
Lap 20	29 120.175     	30 120.140     	 4 121.547     	80 122.533     	47 120.852     	53 121.191     	94 123.049     	42 123.112     	74 122.676     	44 122.912     	19 123.553     	31 123.595     	 3 123.909     	98 124.385     	41 124.327     	22 124.332     	 1 124.140     	20 123.024     	21 124.374     	81 142.193 WET	11 141.662 WET	69 142.440 WET	 2 144.442 WET	 5 168.715 WET	
Lap 21	29 120.507     	30 120.958     	 4 122.250     	47 121.827     	80 122.547     	53 121.789     	74 122.719     	94 123.724     	44 123.498     	19 123.393     	98 123.605     	42 143.233 WET	41 124.699     	20 123.579     	22 124.832     	81 122.550     	31 143.273 WET	 3 142.888 WET	21 124.663     	11 121.476     	 1 142.503 WET	69 122.618     	 2 122.865     	 5 124.564     	
Lap 22	29 120.431     	30 120.880     	80 121.253     	 4 122.322     	47 123.054     	53 122.192     	94 122.957     	19 123.146     	44 123.588     	42 121.267     	74 142.485 WET	41 124.259     	22 124.235     	81 121.412     	31 122.535     	 3 123.184     	98 142.739 WET	11 123.541     	21 125.493     	 1 121.812     	20 143.469 WET	69 121.508     	 2 122.628     	 5 124.615     	
Lap 23	29 120.167     	30 120.940     	80 121.959     	 4 122.350     	47 121.206     	53 122.455     	44 123.684     	19 124.532     	42 121.972     	74 122.531     	94 141.751 WET	22 124.574     	41 125.271     	81 121.411     	31 120.847     	 3 122.678     	11 122.744     	98 122.885     	 1 121.130     	20 122.746     	69 122.301     	 2 122.729     	21 143.210 WET	 5 124.392     	
Lap 24	29 120.652     	30 120.535     	47 121.541     	80 122.717     	 4 122.678     	53 141.737 WET	42 120.939     	74 121.895     	94 122.152     	81 122.191     	31 121.766     	 3 122.889     	44 143.347 WET	11 122.661     	98 123.012     	19 143.754 WET	 1 121.535     	20 122.397     	69 122.452     	41 144.319 WET	22 144.699 WET	 2 122.102     	21 122.316     	 5 124.724     	
Lap 25	29 120.643     	30 120.908     	80 122.525     	47 123.423     	 4 141.826 WET	53 120.765     	42 121.424     	74 122.284     	94 121.618     	81 121.152     	31 121.426     	 3 122.665     	11 122.464     	44 122.929     	98 122.810     	19 123.123     	 1 121.885     	20 122.084     	69 121.810     	22 122.731     	41 123.221     	 2 122.643     	21 122.731     	 5 124.227     	
Lap 26	29 121.036     	30 121.105     	80 122.716     	47 123.104     	 4 120.446     	53 120.654     	42 121.183     	94 121.579     	74 121.998     	81 121.020     	31 121.008     	 3 122.644     	11 122.565     	44 122.470     	98 122.602     	19 122.467     	 1 121.502     	20 122.441     	69 122.354     	41 122.657     	22 123.323     	 2 123.921     	21 122.262     	 5 124.337     	
Lap 27	29 120.832     	30 120.873     	 4 120.081     	53 120.620     	80 141.782 WET	47 141.786 WET	42 121.536     	94 121.815     	74 121.599     	81 122.000     	31 121.777     	44 122.104     	 3 122.966     	11 122.722     	 1 121.420     	98 123.377     	19 123.003     	20 122.090     	69 121.955     	41 123.297     	22 123.163     	 2 123.050     	21 122.416     	 5 125.231     	
Lap 28	29 121.086     	30 121.178     	 4 119.945     	80 121.572     	53 122.309     	47 121.392     	42 121.104     	94 121.961     	74 122.133     	81 121.757     	31 121.330     	44 122.360     	11 122.161     	 3 123.080     	 1 123.155     	19 123.169     	98 123.396     	20 123.804     	69 124.333     	41 122.797     	22 123.093     	 2 122.239     	21 122.239     	 5 124.735     	
Lap 29	29 121.035     	30 121.773     	 4 120.394     	80 121.596     	47 120.897     	53 121.948     	42 121.513     	94 122.639     	74 122.425     	81 123.147     	31 122.961     	44 122.084     	11 122.966     	 3 123.454     	 1 122.884     	19 123.152     	98 123.448     	20 122.035     	69 122.928     	41 123.463     	22 123.956     	 2 123.930     	21 123.036     	 5 124.764     	
Lap 30	29 140.982 WET	30 140.574 WET	 4 120.298     	80 121.430     	47 121.826     	53 123.921     	42 121.242     	94 122.060     	74 122.522     	81 123.160     	31 123.155     	44 121.384     	11 121.943     	 3 122.703     	 1 123.115     	19 123.001     	98 123.564     	20 122.052     	69 122.628     	41 122.649     	22 123.339     	21 122.784     	 2 124.852     	 5 124.789     	
Lap 31	29 120.028     	30 120.606     	 4 120.260     	80 121.602     	47 121.322     	53 120.673     	42 121.868     	94 122.157     	74 122.282     	31 122.697     	81 123.286     	44 121.602     	11 121.870     	 3 122.105     	 1 123.046     	19 122.770     	98 123.894     	20 122.496     	69 122.263     	41 121.588     	22 122.746     	21 124.383     	 2 124.847     	 5 125.161     	
Lap 32	29 119.746     	30 119.860     	 4 120.896     	47 120.754     	80 121.071     	53 121.128     	42 121.404     	94 122.931     	74 122.501     	31 123.235     	81 123.451     	44 121.091     	11 121.907     	 3 122.002     	19 122.383     	 1 123.502     	98 122.117     	20 122.483     	69 125.713     	41 122.461     	22 122.849     	21 123.639     	 2 124.645     	 5 124.856     	
Lap 33	29 119.656     	30 119.673     	 4 119.994     	80 120.135     	47 122.109     	53 121.478     	42 121.898     	94 122.242     	74 122.087     	31 123.157     	81 123.715     	44 121.596     	11 121.913     	 3 121.971     	19 123.323     	98 121.956     	 1 124.046     	20 122.356     	69 123.166     	41 122.092     	22 122.416     	21 122.481     	 2 122.757     	 5 125.306     	
Lap 34	29 120.065     	30 120.352     	 4 120.062     	80 119.929     	47 120.369     	53 121.581     	42 121.233     	74 122.614     	94 122.794     	31 123.411     	44 122.669     	81 123.503     	11 122.617     	 3 122.564     	19 123.450     	 1 122.807     	98 123.985     	20 123.222     	41 123.041     	69 124.029     	22 122.143     	21 122.991     	 2 123.408     	 5 125.973     	
Lap 35	29 120.010     	30 119.926     	 4 120.122     	80 120.364     	47 120.630     	53 121.231     	42 121.480     	94 122.344     	74 122.659     	44 122.516     	31 123.561     	81 123.078     	11 122.720     	 3 122.235     	19 123.588     	 1 123.582     	98 124.283     	20 123.143     	41 123.244     	69 124.882     	22 123.056     	21 123.444     	 2 123.337     	 5 125.505     	
Lap 36	29 120.030     	30 120.236     	 4 120.691     	80 120.870     	53 121.074     	42 122.351     	47 142.708 WET	94 122.709     	74 122.805     	44 123.459     	31 123.335     	81 123.317     	 3 122.596     	19 122.802     	 1 123.866     	98 124.618     	20 123.088     	41 122.590     	11 142.753 WET	69 124.520     	22 123.956     	21 122.758     	 2 123.446     	 5 125.809     	
Lap 37	29 120.146     	30 120.384     	 4 120.353     	80 120.847     	53 121.725     	47 121.039     	74 122.716     	94 123.337     	42 141.506 WET	44 123.316     	31 123.975     	 3 122.807     	19 122.344     	 1 123.095     	98 124.088     	20 123.957     	81 142.237 WET	41 123.696     	11 123.622     	22 123.603     	69 125.100     	21 123.692     	 2 143.454 WET	 5 144.458 WET	
Lap 38	29 119.871     	30 120.598     	 4 120.559     	80 120.595     	53 121.305     	47 120.233     	94 123.132     	74 123.675     	42 120.704     	44 123.295     	31 123.883     	19 122.302     	 1 123.453     	98 124.000     	20 124.607     	81 121.793     	11 122.654     	 3 142.222 WET	41 124.069     	22 123.126     	69 124.272     	21 123.864     	 2 123.046     	 5 124.588     	
Lap 39	29 119.606     	30 120.466     	 4 120.493     	80 120.599     	53 121.477     	47 120.367     	94 122.864     	42 120.683     	44 122.585     	74 144.676 WET	19 122.107     	98 123.155     	81 123.080     	31 141.841 WET	11 122.481     	 3 122.758     	41 123.149     	22 122.971     	 1 142.122 WET	21 123.746     	20 143.736 WET	69 143.081 WET	 2 121.847     	 5 124.393     	
Lap 40	29 119.710     	30 120.353     	 4 121.422     	80 121.050     	53 122.073     	47 120.323     	94 122.155     	42 121.255     	44 121.901     	74 120.783     	19 122.663     	81 121.160     	31 121.357     	11 123.133     	 3 123.414     	41 122.839     	22 122.715     	 1 123.293     	98 142.364 WET	20 122.285     	69 122.189     	 2 122.693     	21 143.762 WET	 5 124.059     	
Lap 41	29 120.349     	30 120.277     	 4 121.231     	80 121.048     	53 122.000     	47 120.408     	42 121.259     	44 122.350     	94 142.034 WET	74 121.409     	19 122.851     	81 121.364     	31 121.101     	11 122.318     	 3 123.049     	41 123.936     	22 123.707     	 1 122.048     	98 121.602     	20 122.492     	69 122.006     	 2 122.854     	21 122.459     	 5 124.112     	
Lap 42	29 120.050     	30 119.946     	 4 121.421     	80 120.567     	47 120.987     	53 141.515 WET	42 121.392     	44 122.671     	74 121.796     	94 122.140     	19 122.773     	81 121.672     	31 121.653     	11 121.168     	 3 121.856     	41 123.010     	22 123.035     	 1 121.759     	98 121.665     	20 121.902     	69 122.152     	 2 123.751     	21 123.475     	 5 124.967     	
Lap 43	29 119.946     	30 120.183     	 4 121.015     	80 121.299     	47 120.816     	53 121.357     	42 120.988     	44 122.793     	74 121.861     	94 121.648     	19 123.140     	81 121.783     	31 121.408     	11 122.028     	 3 121.848     	 1 121.572     	98 121.326     	20 121.886     	41 143.201 WET	69 121.636     	22 143.399 WET	21 123.131     	 2 123.815     	 5 124.588     	
Lap 44	29 120.488     	30 120.352     	80 120.988     	 4 139.638 WET	47 120.221     	53 120.386     	42 121.202     	74 121.866     	94 122.180     	81 121.789     	31 121.649     	44 141.266 WET	11 121.311     	 3 122.097     	19 142.324 WET	 1 121.352     	98 121.895     	20 122.314     	41 123.114     	69 123.199     	22 122.111     	21 123.433     	 2 123.593     	 5 124.634     	
Lap 45	29 120.905     	30 120.186     	80 121.158     	 4 120.676     	47 120.671     	53 120.877     	42 121.527     	94 122.049     	74 122.471     	81 121.293     	31 121.151     	44 121.161     	11 122.347     	 3 121.869     	 1 123.123     	19 123.214     	98 121.925     	20 122.101     	41 123.091     	22 121.878     	69 123.738     	21 123.977     	 2 124.289     	 5 124.821     	
Lap 46	29 120.904     	30 120.249     	80 121.618     	 4 119.705     	47 121.010     	53 120.816     	42 121.542     	94 122.008     	74 122.413     	81 122.004     	31 121.165     	44 121.040     	11 121.630     	 3 122.202     	19 122.462     	 1 123.013     	98 122.070     	20 122.263     	41 123.047     	22 123.045     	69 123.624     	21 123.549     	 2 123.800     	 5 124.745     	
Lap 47	29 120.916     	30 120.609     	80 120.995     	 4 120.429     	47 120.513     	53 120.474     	42 121.387     	74 121.758     	94 122.904     	81 123.358     	31 122.989     	44 121.342     	11 122.260     	 3 122.095     	19 122.116     	 1 123.118     	98 123.268     	20 122.207     	41 123.047     	22 122.886     	69 122.698     	21 122.307     	 2 122.709     	 5 124.825     	
Lap 48	29 120.867     	30 120.497     	80 121.674     	 4 120.519     	47 120.756     	53 120.862     	42 121.430     	74 122.555     	94 121.882     	81 122.764     	44 121.709     	31 123.405     	11 122.323     	 3 122.301     	19 121.358     	 1 121.870     	98 121.998     	20 122.985     	41 122.900     	22 123.364     	69 122.776     	21 122.555     	 2 123.061     	 5 125.374     	
Lap 49	29 120.982     	30 121.300     	80 121.792     	 4 120.401     	47 120.791     	53 120.813     	42 121.801     	94 122.006     	74 122.952     	44 122.787     	81 123.541     	31 123.100     	11 122.692     	 3 121.724     	19 121.886     	 1 122.600     	98 121.744     	20 122.755     	41 122.864     	22 123.793     	69 123.958     	21 122.744     	 2 123.070     	 5 124.945     	
Lap 50	29 120.616     	30 121.176     	 4 120.266     	47 121.096     	80 140.575 WET	53 120.813     	42 121.685     	94 122.573     	74 122.640     	44 122.204     	81 123.165     	31 123.503     	11 122.571     	 3 122.231     	19 121.127     	 1 123.747     	98 124.027     	20 122.935     	41 121.527     	22 123.656     	69 123.962     	21 122.689     	 2 122.741     	 5 125.061     	
Lap 51	29 120.542     	30 121.551     	 4 120.334     	47 121.139     	80 120.413     	53 121.396     	42 121.980     	94 122.521     	74 122.067     	44 121.446     	81 123.846     	31 123.132     	11 122.215     	 3 122.279     	19 121.880     	 1 123.251     	98 123.806     	20 122.901     	41 121.804     	22 122.763     	69 122.936     	21 122.997     	 2 123.229     	 5 125.483     	
Lap 52	30 121.139     	29 140.810 WET	 4 120.570     	80 120.140     	47 122.711     	53 121.428     	42 121.839     	94 122.821     	74 122.868     	44 121.630     	31 123.331     	81 123.851     	11 122.488     	 3 122.688     	19 121.455     	 1 122.249     	98 122.756     	20 123.067     	41 122.075     	22 122.286     	69 122.940     	21 123.502     	 2 123.201     	 5 125.201     	
Lap 53	30 120.982     	29 120.530     	 4 120.247     	80 120.143     	47 121.126     	53 121.033     	42 122.168     	94 122.534     	74 122.809     	44 121.704     	31 123.083     	81 123.302     	11 123.746     	 3 121.952     	19 121.489     	 1 122.304     	98 122.511     	20 123.185     	41 122.152     	22 122.624     	69 123.022     	21 123.135     	 2 123.618     	 5 125.294     	
Lap 54	29 119.441     	30 141.016 WET	 4 120.596     	80 120.548     	47 121.832     	53 121.324     	42 141.620 WET	94 123.237     	74 122.464     	44 121.744     	31 123.734     	81 124.233     	11 124.038     	 3 124.245     	19 121.307     	 1 122.157     	98 122.180     	20 123.085     	41 122.176     	22 122.553     	69 123.256     	21 123.257     	 2 142.879 WET	 5 125.654     	
Lap 55	29 119.756     	30 119.849     	 4 120.280     	80 120.792     	47 121.109     	53 121.237     	42 121.140     	94 122.622     	74 123.081     	44 121.312     	31 122.178     	19 122.191     	 1 122.503     	98 122.311     	20 122.931     	81 142.621 WET	 3 143.249 WET	11 143.672 WET	41 122.583     	22 122.703     	69 123.635     	21 123.424     	 2 122.223     	 5 144.933 WET	

-- OFFICIAL RESULTS --
Pos	#No	Driver						Team					Time		Diff		Pits	Best
01	#29	ALU	Sago Aludetsei			Dotruga Formula Racing	1:51:14.222	-0.000		3		119.441
02	#30	WIS	Josh Wise				BONGATAR				1:51:33.283	-19.060		3		119.673
03	# 4	BLA	Zaku Blaxon				Team Blaland Racing		1:51:43.410	-29.188		3		119.705
04	#80	AYA	Ifloenne é Aya			Team V.V. Imperial		1:51:59.864	-45.641		3		119.528
05	#47	PAV	ketila léqa pavúteka	Team Solea Racing		1:52:04.607	-50.385		3		119.873
06	#53	TÀC	Ešuro Tàcràɰë			Team Diigikwk Racers	1:52:12.258	-58.035		3		119.824
07	#42	OOS	Frank Oosterhout		Cows Go Moo Racing		1:52:47.372	-93.149		4		120.134
08	#94	NES	At'ipi Nesbeksë			Team Diigikwk Racers	1:52:58.543	-104.321	3		120.515
09	#74	KON	Bařàsiz Konoca			Team Diigikwk Racers	1:52:59.089	-104.866	3		120.519
10	#44	KAX	Kaxon Kaxutak			Team Blaland Racing		1:53:04.928	-110.706	3		120.286
11	#31	ŠAŊ	xap'ít celentir šaŋév	Team Solea Racing		1:53:14.602	-120.380	3		120.579
12	#19	ZAI	khélok atep zailunaɰ	Team Solea Racing		1:53:18.686	-124.463	3		120.799
13	# 1	ROT	Robbie Rotten			Team V.V. Imperial		1:53:28.221	-133.999	3		120.756
14	#98	MOT	Gorga Motxev			Dotruga Formula Racing	1:53:29.893	-135.671	3		121.119
15	#20	MAC	Mac						Team Vincent			1:53:35.622	-141.400	3		121.403
16	#81	KÆR	Lyǽs Kæræsekæræn		Team V.V. Imperial		1:53:36.188	-141.966	4		120.153
17	# 3	BOB	Bob						BONGATAR				1:53:37.771	-143.549	4		120.476
18	#11	KEG	Tuto Keget				Dotruga Formula Racing	1:53:37.964	-143.742	4		120.406
19	#41	CAN	Olga Candy				Cows Go Moo Racing		1:53:43.290	-149.068	3		120.610
20	#22	PHI	Philipe					Team Vincent			1:53:49.016	-154.793	3		121.249
21	#69	SAN	Marisa Sanchez			Cows Go Moo Racing		1:53:52.941	-158.719	3		121.419
22	#21	ORS	Orson					Team Vincent			1:53:59.198	-164.976	3		121.753
23	# 2	HID	Body Hide				BONGATAR				1:54:20.340	-186.118	4		121.483
24	# 5	NOX	Naxan Noxokolonaxon		Team Blaland Racing		1:56:00.054	-285.832	5		122.221

-- RACE INCIDENT REPORT --
Marisa Sanchez made a mistake while attempting an overtake on lap 1.
It began to rain on lap 4.
Kaxon Kaxutak made a mistake while attempting an overtake on lap 11.
Tuto Keget made a mistake while attempting an overtake on lap 12.
Tuto Keget made a mistake while attempting an overtake on lap 19.
Naxan Noxokolonaxon made a pit stop to repair damage caused by a large incident while attempting an overtake on lap 20.
Ešuro Tàcràɰë made a mistake while attempting an overtake on lap 30.
Marisa Sanchez made a mistake on lap 32.
ketila léqa pavúteka made a pit stop to repair damage caused by a large incident on lap 36.
Bařàsiz Konoca made a mistake while attempting an overtake on lap 39.
