-- LAP TIMES --
Lap 0	29 0.000     	30 0.000     	47 0.100     	53 0.100     	42 0.200     	 3 0.200     	74 0.300     	 4 0.300     	31 0.400     	41 0.400     	80 0.500     	94 0.500     	19 0.600     	81 0.600     	11 0.700     	 1 0.700     	69 0.800     	44 0.800     	98 0.900     	 2 0.900     	20 1.000     	22 1.000     	21 1.100     	 5 1.100     	
Lap 1	30 121.610     	29 121.792     	47 121.835     	42 122.021     	 3 122.397     	53 122.606     	 4 122.561     	80 122.630     	74 123.135     	94 123.104     	11 123.060     	31 123.399     	41 123.407     	19 123.233     	69 123.070     	81 123.282     	 1 123.320     	 2 123.364     	44 123.596     	98 123.508     	20 124.222     	21 124.276     	22 124.606     	 5 124.920     	
Lap 2	29 121.701     	30 121.917     	47 122.277     	42 122.332     	53 122.369     	 4 122.383     	80 122.412     	 3 123.137     	94 122.368     	74 122.728     	41 122.668     	11 122.892     	81 122.901     	69 122.927     	31 123.342     	 1 123.150     	44 122.821     	19 123.639     	98 123.541     	 2 123.778     	20 124.352     	21 124.435     	22 124.645     	 5 124.829     	
Lap 3	30 121.660     	29 121.840     	47 121.907     	42 122.422     	80 122.226     	53 122.876     	 4 122.975     	 3 122.569     	74 122.367     	94 122.896     	41 122.954     	11 122.858     	81 122.801     	69 123.056     	 1 123.347     	31 123.406     	44 123.600     	19 123.740     	98 123.427     	 2 123.807     	20 124.110     	22 124.413     	21 125.196     	 5 124.920     	
Lap 4	30 121.872     	29 122.202     	47 122.614     	42 122.618     	80 122.245     	53 122.133     	 4 122.537     	 3 122.820     	74 123.278     	94 123.392     	11 122.860     	41 123.011     	81 123.391     	31 123.244     	44 122.980     	69 124.003     	 1 123.799     	19 123.242     	98 123.745     	 2 124.098     	20 124.025     	22 124.657     	21 124.982     	 5 125.742     	
Lap 5	30 121.664     	29 122.407     	47 122.389     	42 122.098     	80 122.958     	53 122.896     	 3 123.213     	74 122.934     	11 122.904     	94 123.308     	41 123.537     	81 123.273     	31 122.864     	44 123.902     	69 124.016     	 1 123.902     	19 123.822     	98 123.625     	 2 124.071     	20 122.987     	22 124.731     	21 124.915     	 5 125.104     	 4 140.736 DRY	
Lap 6	30 121.385     	29 120.973     	42 120.867     	47 122.303     	80 122.447     	53 123.867     	 3 122.990     	74 122.669     	94 122.856     	11 123.680     	81 122.750     	41 123.181     	31 122.816     	44 123.083     	69 123.441     	19 123.367     	 1 123.562     	98 124.143     	 2 123.431     	20 124.283     	22 124.806     	21 124.630     	 5 124.105     	 4 122.976     	
Lap 7	30 121.687     	29 122.208     	47 121.500     	42 123.075     	80 121.187     	53 122.328     	74 121.956     	 3 123.009     	94 123.442     	81 122.877     	11 123.196     	41 123.784     	31 124.116     	44 123.878     	69 123.885     	19 123.743     	 1 124.218     	98 124.076     	 2 123.783     	20 123.027     	22 124.977     	21 125.143     	 5 124.758     	 4 122.150     	
Lap 8	30 121.036     	29 120.863     	47 122.420     	42 123.152     	80 122.725     	53 122.769     	74 122.718     	 3 123.275     	81 122.927     	11 123.103     	94 123.392     	41 123.663     	31 123.841     	44 123.789     	19 123.146     	69 123.468     	 1 123.592     	98 123.250     	 2 124.328     	20 124.805     	22 124.683     	 4 122.696     	21 125.079     	 5 126.827     	
Lap 9	30 121.030     	29 120.693     	47 121.382     	42 122.470     	80 122.373     	74 122.513     	53 122.740     	 3 121.782     	94 122.804     	81 123.507     	11 123.089     	41 123.664     	31 123.941     	19 123.238     	44 123.461     	69 124.306     	 1 123.424     	 2 122.674     	98 124.258     	20 123.788     	 4 122.291     	22 124.749     	21 124.426     	 5 125.927     	
Lap 10	30 122.180     	29 122.796     	47 121.116     	80 122.255     	42 122.796     	53 122.407     	74 123.540     	 3 123.449     	94 123.530     	81 123.449     	11 123.634     	41 122.701     	31 123.848     	19 123.922     	44 123.833     	 1 124.035     	69 124.188     	 2 124.041     	98 124.158     	20 123.942     	 4 121.480     	22 125.143     	21 125.383     	 5 125.315     	
Lap 11	30 121.128     	29 121.348     	47 121.528     	42 121.985     	80 123.058     	53 121.420     	74 123.464     	 3 123.668     	94 123.449     	11 123.419     	81 124.040     	41 123.380     	31 123.753     	19 123.368     	44 123.711     	 1 123.655     	69 124.398     	 2 124.664     	98 124.752     	20 123.869     	 4 121.801     	22 124.146     	21 123.601     	 5 125.556     	
Lap 12	30 121.460     	29 121.789     	47 121.876     	80 122.339     	42 123.401     	53 121.925     	74 123.113     	 3 124.483     	11 123.350     	94 123.738     	81 123.716     	41 123.661     	19 123.524     	31 124.158     	44 124.123     	 1 124.409     	69 123.936     	 2 124.710     	 4 123.087     	98 124.687     	20 124.738     	22 124.662     	21 125.373     	 5 126.022     	
Lap 13	30 121.475     	29 121.333     	47 122.147     	53 121.789     	42 122.798     	80 123.442     	74 122.617     	 3 122.303     	94 124.036     	81 123.564     	41 123.546     	11 125.770     	19 123.717     	31 123.633     	44 124.419     	 1 123.742     	69 123.788     	 4 122.915     	 2 124.140     	98 123.739     	20 123.655     	22 123.488     	21 124.735     	 5 126.587     	
Lap 14	30 122.019     	29 121.560     	47 122.253     	42 122.787     	53 122.978     	80 122.787     	74 122.325     	 3 122.498     	94 123.443     	81 123.921     	41 124.131     	11 124.701     	19 123.890     	31 124.436     	44 124.444     	 1 124.058     	69 124.101     	 4 123.112     	98 124.199     	 2 124.364     	20 125.191     	22 123.719     	21 124.607     	 5 126.230     	
Lap 15	30 122.010     	29 121.663     	47 121.844     	42 122.963     	80 122.474     	53 123.380     	74 122.091     	 3 122.365     	94 123.549     	81 123.824     	41 124.056     	11 124.028     	31 122.641     	19 124.407     	 4 122.620     	44 124.208     	 1 124.777     	69 124.643     	98 123.993     	 2 125.010     	20 124.319     	22 124.411     	21 124.655     	 5 126.714     	
Lap 16	30 121.880     	29 121.607     	47 121.980     	42 123.766     	80 123.809     	53 124.519     	74 122.173     	 3 122.693     	94 122.548     	81 124.321     	41 123.423     	11 124.425     	31 124.315     	19 124.328     	 4 122.924     	44 124.735     	 1 124.283     	69 124.684     	98 122.866     	 2 123.453     	20 123.880     	22 123.801     	21 124.483     	 5 126.507     	
Lap 17	29 123.471     	80 123.653     	42 124.025     	53 124.087     	74 123.374     	30 141.406 DRY	 3 123.280     	47 140.518 DRY	11 124.296     	31 124.051     	 4 123.170     	19 124.494     	44 124.565     	98 125.022     	 2 123.557     	94 140.313 DRY	41 142.264 DRY	81 142.503 DRY	21 125.056     	 1 143.328 DRY	69 143.366 DRY	20 142.326 DRY	22 142.694 DRY	 5 126.976     	
Lap 18	29 122.028     	30 121.446     	74 123.795     	53 124.273     	 3 122.885     	47 121.725     	 4 122.921     	31 124.030     	42 141.777 DRY	80 142.131 DRY	44 123.231     	 2 125.148     	94 122.085     	41 123.248     	81 123.695     	11 142.007 DRY	19 142.266 DRY	21 125.142     	 1 123.867     	69 123.372     	98 142.998 DRY	20 123.070     	22 123.485     	 5 144.077 DRY	
Lap 19	29 122.203     	30 120.450     	47 120.355     	74 124.210     	53 125.330     	 3 124.364     	 4 123.778     	80 122.236     	42 122.635     	31 124.686     	94 121.552     	41 123.363     	81 123.482     	11 122.384     	19 121.976     	44 141.016 DRY	 1 123.499     	69 123.462     	98 123.846     	 2 142.065 DRY	20 124.273     	22 123.303     	21 142.931 DRY	 5 125.178     	
Lap 20	30 120.420     	29 140.703 DRY	47 121.309     	42 121.847     	80 122.850     	 4 123.588     	74 141.923 DRY	94 121.665     	53 142.440 DRY	 3 143.837 DRY	41 122.718     	81 123.270     	11 121.814     	19 121.503     	44 122.502     	31 143.039 DRY	 1 123.379     	69 123.205     	98 123.819     	 2 123.577     	20 124.628     	22 122.709     	21 123.672     	 5 125.091     	
Lap 21	30 120.720     	29 122.052     	47 121.943     	42 122.631     	80 122.793     	 4 122.873     	74 122.604     	94 122.699     	53 121.529     	 3 121.551     	41 121.931     	81 123.343     	11 123.299     	19 123.059     	44 122.059     	31 122.574     	69 123.459     	 1 123.581     	98 123.409     	 2 123.431     	20 123.294     	22 123.560     	21 123.408     	 5 125.398     	
Lap 22	30 121.036     	29 121.773     	47 121.749     	42 122.207     	80 122.482     	 4 123.198     	74 122.577     	94 122.673     	53 123.198     	 3 121.915     	41 122.085     	81 122.820     	11 123.644     	19 123.296     	44 122.207     	31 122.036     	69 123.650     	 1 123.977     	98 123.805     	 2 124.278     	20 123.452     	22 122.904     	21 123.702     	 5 125.005     	
Lap 23	30 121.096     	29 121.557     	47 121.962     	42 121.042     	80 121.694     	74 122.366     	53 122.043     	94 122.940     	 3 122.842     	41 121.662     	81 123.471     	11 123.348     	44 121.688     	19 123.303     	 4 140.832 DRY	31 122.057     	 1 123.178     	69 123.598     	98 123.735     	20 124.206     	22 122.935     	21 123.941     	 2 145.218 DRY	 5 125.955     	
Lap 24	30 120.881     	29 121.991     	47 122.184     	42 121.577     	80 121.783     	74 121.224     	53 121.971     	 3 121.526     	94 123.043     	41 121.905     	81 123.200     	19 122.679     	11 123.311     	44 123.614     	 4 122.549     	31 123.387     	 1 123.315     	69 123.464     	98 122.666     	20 123.100     	22 123.784     	21 123.163     	 2 122.870     	 5 125.197     	
Lap 25	30 121.274     	29 121.781     	47 121.905     	42 121.527     	80 121.882     	74 121.509     	53 121.733     	94 122.337     	 3 122.713     	41 122.257     	81 123.226     	 4 122.174     	19 123.496     	11 123.265     	44 123.683     	31 122.026     	69 123.281     	 1 123.654     	98 122.025     	20 123.823     	22 123.336     	21 123.653     	 2 122.626     	 5 125.798     	
Lap 26	30 121.258     	29 122.042     	47 122.747     	42 121.535     	80 121.986     	74 121.451     	53 121.055     	 3 123.167     	94 123.565     	41 121.840     	 4 122.373     	81 123.141     	19 123.277     	31 122.743     	11 123.956     	44 123.712     	 1 123.529     	69 124.081     	98 124.241     	20 123.881     	22 123.939     	21 123.627     	 2 122.425     	 5 125.397     	
Lap 27	30 120.836     	29 121.407     	47 121.145     	42 121.418     	80 121.460     	74 121.364     	53 121.449     	94 122.492     	 3 123.546     	41 122.605     	 4 122.926     	81 123.548     	31 123.287     	19 123.962     	11 123.964     	44 123.421     	 1 123.726     	69 123.780     	98 124.249     	20 123.931     	22 123.955     	21 124.054     	 2 122.560     	 5 125.602     	
Lap 28	30 121.321     	29 121.234     	47 121.738     	42 121.512     	80 122.232     	74 121.954     	53 121.873     	94 123.691     	 3 123.344     	41 122.885     	 4 122.842     	81 123.719     	31 123.098     	19 124.015     	44 123.475     	11 123.693     	98 122.221     	 1 123.961     	69 123.983     	20 123.743     	22 123.931     	21 123.600     	 2 122.332     	 5 126.006     	
Lap 29	30 121.144     	29 121.368     	47 121.941     	42 121.607     	80 121.560     	74 122.052     	53 122.025     	94 123.528     	 3 123.344     	41 122.223     	 4 121.197     	81 123.790     	31 123.881     	19 123.649     	44 123.826     	11 124.179     	 1 123.761     	98 124.085     	69 124.545     	20 123.527     	22 124.012     	 2 122.398     	21 124.443     	 5 126.116     	
Lap 30	30 121.404     	29 121.340     	47 121.418     	42 121.925     	80 121.864     	74 122.519     	53 121.515     	 3 123.001     	94 123.617     	41 123.419     	 4 122.010     	81 123.573     	31 123.971     	19 123.954     	44 123.588     	11 123.634     	 1 123.835     	98 124.073     	69 124.554     	20 124.403     	22 124.058     	 2 124.247     	21 124.723     	 5 125.513     	
Lap 31	30 121.952     	29 121.301     	47 121.408     	42 121.481     	80 121.889     	74 122.905     	53 124.172     	94 122.085     	 3 123.735     	41 123.171     	 4 121.745     	81 122.959     	31 124.062     	44 123.794     	19 124.452     	11 124.148     	 1 123.789     	98 124.165     	69 123.275     	20 124.103     	22 123.727     	 2 123.534     	21 125.337     	 5 126.163     	
Lap 32	30 121.268     	29 121.312     	47 121.698     	42 122.369     	80 122.590     	74 121.963     	53 122.019     	94 122.154     	 3 123.357     	41 123.377     	 4 121.984     	81 122.809     	31 123.498     	44 124.433     	19 124.513     	11 124.909     	 1 123.936     	98 124.404     	69 125.118     	20 124.219     	22 124.450     	 2 122.809     	21 124.189     	 5 126.603     	
Lap 33	30 121.751     	29 121.003     	47 121.640     	42 121.764     	80 122.279     	74 122.731     	53 121.922     	94 123.138     	 3 123.212     	41 123.086     	 4 121.401     	81 123.144     	31 122.409     	44 124.148     	19 124.086     	11 124.311     	 1 123.666     	98 123.127     	69 123.494     	20 124.412     	22 123.900     	 2 122.552     	21 124.295     	 5 126.764     	
Lap 34	30 122.408     	29 121.248     	42 122.492     	47 140.319 DRY	80 122.399     	74 122.324     	53 121.633     	 3 123.775     	 4 122.045     	31 123.077     	94 140.596 DRY	44 124.646     	41 141.814 DRY	19 124.707     	11 124.526     	98 124.374     	69 123.498     	81 141.244 DRY	22 124.910     	 2 122.831     	 1 143.323 DRY	21 124.171     	20 142.214 DRY	 5 126.002     	
Lap 35	30 122.497     	29 121.793     	47 121.147     	74 123.984     	53 124.669     	42 140.975 DRY	80 140.410 DRY	 4 121.476     	 3 124.238     	31 123.514     	94 123.555     	41 123.285     	44 124.211     	11 124.879     	98 124.614     	81 121.689     	22 124.935     	19 142.171 DRY	 2 123.282     	 1 122.844     	69 142.551 DRY	21 124.392     	20 123.518     	 5 126.522     	
Lap 36	30 121.995     	29 121.789     	47 121.425     	74 122.951     	53 122.368     	42 121.585     	80 121.237     	 4 121.999     	 3 122.342     	94 121.937     	31 123.987     	41 123.070     	44 124.457     	11 122.951     	81 122.745     	98 124.854     	19 123.795     	22 125.903     	 2 123.267     	 1 122.571     	69 122.971     	20 122.958     	21 143.106 DRY	 5 126.515     	
Lap 37	30 140.448 DRY	29 140.019 DRY	47 121.062     	74 123.595     	42 121.192     	80 120.940     	 4 122.457     	53 142.550 DRY	94 121.451     	41 121.977     	 3 141.165 DRY	81 121.789     	98 123.942     	31 141.749 DRY	19 121.591     	44 142.669 DRY	11 143.614 DRY	 2 125.055     	 1 122.663     	69 122.536     	20 123.460     	22 144.017 DRY	21 124.277     	 5 144.534 DRY	
Lap 38	30 121.057     	29 121.161     	47 121.083     	42 121.540     	80 121.807     	 4 122.153     	53 121.226     	74 140.970 DRY	94 121.778     	41 122.838     	 3 123.163     	81 121.513     	31 122.224     	19 122.218     	44 122.800     	11 123.892     	 2 124.568     	 1 123.936     	69 122.252     	98 142.113 DRY	20 123.727     	22 123.437     	21 123.500     	 5 125.475     	
Lap 39	30 120.949     	29 121.012     	47 121.372     	42 121.674     	80 121.235     	 4 122.212     	74 122.475     	53 122.843     	94 122.237     	41 122.952     	 3 123.315     	81 122.059     	31 121.887     	19 122.316     	44 121.606     	11 122.346     	 1 123.833     	 2 124.665     	69 123.934     	98 122.391     	20 123.137     	22 123.434     	21 123.503     	 5 125.718     	
Lap 40	30 120.876     	29 120.449     	47 120.993     	42 120.876     	80 121.577     	74 122.325     	53 123.874     	94 122.091     	 4 139.744 DRY	41 121.755     	 3 121.641     	81 121.918     	31 121.387     	19 122.395     	44 121.679     	11 121.620     	 1 123.827     	69 124.016     	 2 125.233     	98 122.264     	20 123.499     	22 123.355     	21 123.118     	 5 125.364     	
Lap 41	30 121.183     	29 120.722     	47 121.580     	42 121.000     	80 121.230     	74 121.852     	53 120.821     	94 121.866     	 4 121.911     	41 122.129     	 3 121.964     	81 121.890     	31 121.732     	19 122.549     	44 122.500     	11 121.523     	 1 122.455     	69 123.929     	98 123.518     	20 123.871     	22 122.751     	 2 144.101 DRY	21 123.384     	 5 125.503     	
Lap 42	30 120.440     	29 120.445     	47 121.419     	42 121.853     	80 121.090     	74 122.588     	53 123.426     	94 121.475     	 4 121.330     	41 122.206     	 3 121.374     	81 122.150     	31 122.118     	19 122.772     	44 122.180     	11 122.424     	 1 122.187     	69 123.760     	98 123.827     	20 123.112     	22 123.489     	 2 122.488     	21 124.072     	 5 125.885     	
Lap 43	30 120.664     	29 120.620     	47 121.146     	42 121.634     	80 121.331     	74 121.695     	53 121.634     	94 122.391     	 4 121.434     	 3 123.518     	41 123.998     	81 121.765     	31 121.626     	19 121.936     	44 122.292     	11 121.851     	 1 122.606     	69 123.396     	98 123.374     	20 123.099     	22 123.473     	 2 122.159     	21 123.815     	 5 125.732     	
Lap 44	30 120.780     	29 121.420     	47 121.923     	42 121.867     	80 121.647     	74 122.026     	53 121.159     	94 122.198     	 4 121.758     	41 122.205     	 3 122.596     	81 122.009     	31 122.052     	19 122.198     	44 122.002     	11 122.452     	 1 122.650     	69 123.487     	98 123.843     	20 123.394     	22 123.409     	 2 122.821     	21 123.690     	 5 125.985     	
Lap 45	30 120.574     	29 121.148     	47 121.100     	42 121.340     	80 121.678     	74 123.148     	53 124.030     	94 122.635     	 4 121.077     	 3 123.018     	41 123.196     	81 121.880     	31 121.935     	19 122.370     	44 121.996     	11 122.006     	 1 122.351     	69 122.579     	98 122.847     	20 124.066     	22 123.582     	 2 122.076     	21 123.956     	 5 125.292     	
Lap 46	30 120.672     	29 120.646     	47 121.916     	42 122.002     	80 121.391     	74 121.584     	53 122.054     	 4 122.593     	94 123.868     	41 122.624     	 3 123.188     	81 122.186     	31 122.073     	19 122.181     	44 122.024     	11 122.236     	 1 122.952     	69 123.093     	98 122.058     	20 124.274     	22 123.977     	 2 122.095     	21 124.170     	 5 125.667     	
Lap 47	30 121.615     	29 120.951     	47 121.383     	42 122.211     	80 122.109     	74 122.441     	53 121.296     	 4 123.260     	94 123.113     	41 123.814     	 3 123.675     	81 122.595     	31 121.985     	19 122.192     	44 122.469     	11 122.593     	 1 122.471     	98 123.668     	69 124.393     	20 124.149     	22 124.846     	 2 124.490     	21 123.829     	 5 126.001     	
Lap 48	30 120.922     	29 120.860     	47 122.313     	42 122.048     	80 122.356     	74 122.973     	53 123.684     	 4 123.196     	94 122.878     	 3 122.940     	41 123.534     	81 123.245     	31 122.297     	19 122.304     	44 122.449     	11 122.591     	 1 122.881     	98 124.112     	69 124.398     	20 124.359     	22 124.836     	 2 124.736     	21 123.683     	 5 126.246     	
Lap 49	30 121.196     	29 121.050     	47 122.165     	42 121.626     	80 122.507     	74 122.451     	53 121.465     	 4 122.977     	94 123.308     	 3 123.952     	41 123.806     	81 124.372     	31 122.284     	19 122.381     	44 122.761     	11 122.181     	 1 123.101     	98 124.003     	69 124.238     	20 123.982     	 2 124.455     	22 125.462     	21 124.062     	 5 125.517     	
Lap 50	30 121.662     	29 121.262     	47 121.615     	42 121.772     	80 122.537     	74 123.032     	53 124.694     	 4 122.906     	94 123.334     	 3 123.229     	41 123.404     	81 122.666     	31 122.822     	19 123.084     	44 122.601     	11 122.794     	 1 123.751     	98 123.837     	69 125.030     	20 123.913     	 2 124.319     	22 125.078     	21 124.555     	 5 125.767     	

-- OFFICIAL RESULTS --
Pos	#No	Driver						Team					Time		Diff		Pits	Best
01	#30	WIS	Josh Wise				BONGATAR				1:41:45.614	-0.000		2		120.420
02	#29	ALU	Sago Aludetsei			Dotruga Formula Racing	1:41:51.934	-6.320		2		120.445
03	#47	PAV	ketila léqa pavúteka	Team Solea Racing		1:42:02.817	-17.203		2		120.355
04	#42	OOS	Frank Oosterhout		Cows Go Moo Racing		1:42:22.321	-36.707		2		120.867
05	#80	AYA	Ifloenne é Aya			Team V.V. Imperial		1:42:26.713	-41.099		2		120.940
06	#74	KON	Bařàsiz Konoca			Team Diigikwk Racers	1:42:46.861	-61.247		2		121.224
07	#53	TÀC	Ešuro Tàcràɰë			Team Diigikwk Racers	1:42:49.165	-63.551		2		120.821
08	# 4	BLA	Zaku Blaxon				Team Blaland Racing		1:42:55.631	-70.017		3		121.077
09	#94	NES	At'ipi Nesbeksë			Team Diigikwk Racers	1:42:56.644	-71.030		2		121.451
10	# 3	BOB	Bob						BONGATAR				1:43:07.562	-81.948		2		121.374
11	#41	CAN	Olga Candy				Cows Go Moo Racing		1:43:07.817	-82.203		2		121.662
12	#81	KÆR	Lyǽs Kæræsekæræn		Team V.V. Imperial		1:43:08.550	-82.936		2		121.513
13	#31	ŠAŊ	xap'ít celentir šaŋév	Team Solea Racing		1:43:11.735	-86.121		2		121.387
14	#19	ZAI	khélok atep zailunaɰ	Team Solea Racing		1:43:20.065	-94.451		2		121.503
15	#44	KAX	Kaxon Kaxutak			Team Blaland Racing		1:43:21.689	-96.075		2		121.606
16	#11	KEG	Tuto Keget				Dotruga Formula Racing	1:43:24.308	-98.694		2		121.523
17	# 1	ROT	Robbie Rotten			Team V.V. Imperial		1:43:34.358	-108.744	2		122.187
18	#98	MOT	Gorga Motxev			Dotruga Formula Racing	1:43:44.397	-118.783	2		122.025
19	#69	SAN	Marisa Sanchez			Cows Go Moo Racing		1:43:46.457	-120.843	2		122.252
20	#20	MAC	Mac						Team Vincent			1:43:51.318	-125.704	2		122.958
21	# 2	HID	Body Hide				BONGATAR				1:44:02.886	-137.272	3		122.076
22	#22	PHI	Philipe					Team Vincent			1:44:04.216	-138.602	2		122.709
23	#21	ORS	Orson					Team Vincent			1:44:11.235	-145.621	2		123.118
24	# 5	NOX	Naxan Noxokolonaxon		Team Blaland Racing		1:45:25.726	-220.112	2		124.105

-- RACE INCIDENT REPORT --
Zaku Blaxon made a pit stop to repair damage caused by a large incident while attempting an overtake on lap 5.
Tuto Keget made a mistake while attempting an overtake on lap 13.
Kaxon Kaxutak made a mistake while attempting an overtake on lap 16.
Bob made a mistake on lap 22.
Body Hide made a pit stop to repair damage caused by a large incident while attempting an overtake on lap 23.
It began to rain on lap 33.
The track dried on lap 33.
At'ipi Nesbeksë made a mistake while attempting an overtake on lap 35.
The rain ceased on lap 46.
