-- LAP TIMES --
Lap 0	47 0.000     	53 0.000     	42 0.100     	94 0.100     	30 0.200     	80 0.200     	29 0.300     	 4 0.300     	31 0.400     	74 0.400     	19 0.500     	44 0.500     	11 0.600     	 1 0.600     	98 0.700     	41 0.700     	69 0.800     	81 0.800     	 2 0.900     	 3 0.900     	20 1.000     	22 1.000     	21 1.100     	 5 1.100     	
Lap 1	42 102.655     	30 102.883     	29 103.020     	47 103.372     	94 103.471     	80 103.485     	53 103.713     	 4 103.510     	31 103.610     	 1 103.560     	19 103.672     	74 103.803     	41 103.568     	44 103.791     	11 103.822     	81 103.725     	 3 103.741     	69 103.843     	98 104.013     	22 103.925     	 2 104.074     	20 104.112     	21 104.376     	 5 105.404     	
Lap 2	42 103.259     	29 102.733     	30 103.094     	80 102.826     	47 103.449     	94 103.563     	31 103.271     	19 103.266     	53 103.725     	 4 103.727     	74 103.527     	11 103.735     	 1 104.021     	81 103.699     	41 103.996     	44 104.089     	 3 103.790     	69 104.001     	22 103.888     	 2 104.066     	98 104.343     	20 104.618     	21 104.618     	 5 105.359     	
Lap 3	42 103.080     	29 103.107     	47 102.620     	30 103.390     	80 103.576     	94 103.003     	31 103.500     	 4 103.265     	19 103.449     	53 103.472     	74 103.341     	 1 103.603     	 3 103.375     	41 103.592     	81 104.035     	11 104.158     	44 104.077     	98 103.432     	22 104.021     	69 104.266     	 2 104.052     	20 104.561     	21 104.918     	 5 105.115     	
Lap 4	29 102.988     	42 103.299     	30 103.176     	47 103.306     	94 103.012     	80 103.197     	31 103.157     	 4 103.175     	53 103.183     	19 103.582     	74 103.588     	 3 103.694     	 1 103.856     	41 103.933     	81 103.647     	11 103.758     	44 104.073     	98 104.097     	69 104.149     	 2 104.542     	22 104.903     	20 104.192     	21 104.299     	 5 105.503     	
Lap 5	29 102.926     	42 103.327     	47 103.185     	30 103.385     	94 103.696     	80 103.779     	31 103.613     	 4 103.672     	19 103.300     	53 103.707     	74 103.562     	 3 103.644     	 1 103.703     	81 103.559     	41 104.003     	11 104.106     	98 103.636     	44 103.860     	69 104.193     	22 104.256     	 2 104.402     	20 104.858     	21 104.990     	 5 105.320     	
Lap 6	29 103.135     	42 102.987     	47 103.015     	30 103.311     	94 103.138     	 4 103.273     	80 103.881     	53 103.209     	74 103.279     	19 103.822     	31 104.137     	 3 104.075     	81 103.933     	41 103.751     	 1 104.433     	98 103.951     	44 103.955     	11 104.174     	69 103.691     	22 104.869     	 2 104.910     	20 104.195     	21 104.339     	 5 104.848     	
Lap 7	29 103.602     	42 103.185     	47 103.438     	30 103.205     	94 103.624     	 4 103.100     	53 103.034     	80 103.443     	74 103.432     	19 103.985     	31 104.514     	 3 103.461     	41 103.597     	81 104.153     	 1 104.045     	98 104.040     	44 104.220     	11 104.405     	69 104.046     	 2 104.174     	22 104.982     	21 103.421     	20 104.817     	 5 105.811     	
Lap 8	42 103.232     	29 103.711     	47 103.483     	30 103.357     	53 103.289     	94 103.812     	80 103.187     	 4 103.709     	74 104.063     	19 103.586     	31 104.116     	 3 103.883     	41 103.721     	 1 104.243     	81 103.510     	98 103.618     	11 104.427     	44 104.017     	69 103.743     	 2 104.248     	22 104.194     	21 105.050     	20 104.798     	
Lap 9	30 102.345     	29 102.853     	42 103.661     	47 102.968     	 4 102.846     	53 103.437     	80 103.433     	94 103.877     	74 103.410     	19 104.309     	31 103.620     	 3 103.910     	81 104.065     	98 104.095     	44 103.506     	69 103.636     	 1 104.429     	11 104.836     	 2 104.422     	22 104.327     	20 104.373     	21 104.963     	 5 105.660     	
Lap 10	30 103.006     	47 103.229     	29 103.806     	42 103.525     	 4 103.571     	94 102.950     	80 103.765     	53 104.097     	74 104.482     	19 103.505     	31 103.889     	 3 104.140     	81 104.120     	98 104.034     	44 103.917     	69 104.045     	 1 104.121     	11 102.619     	 2 104.543     	22 104.195     	20 104.412     	21 105.014     	 5 105.445     	
Lap 11	30 103.106     	42 102.689     	29 103.461     	47 103.757     	 4 103.577     	94 103.606     	80 103.539     	53 104.242     	74 103.619     	19 103.891     	31 103.678     	 3 103.854     	81 103.901     	44 103.658     	98 104.035     	69 103.778     	 1 104.594     	11 104.712     	 2 104.922     	20 103.590     	22 104.984     	21 103.749     	 5 105.580     	
Lap 12	42 103.080     	30 103.701     	29 103.569     	47 103.541     	 4 103.566     	94 104.192     	80 103.926     	53 104.487     	74 104.121     	19 104.458     	31 103.984     	 3 103.844     	81 103.976     	44 104.586     	69 104.109     	98 104.652     	 1 104.107     	11 104.127     	22 104.699     	 2 104.993     	21 103.724     	20 105.136     	 5 105.828     	
Lap 13	30 102.447     	42 103.700     	29 103.606     	47 103.643     	 4 104.037     	94 103.756     	80 103.645     	53 102.914     	74 104.364     	19 104.028     	31 104.402     	 3 104.177     	81 103.791     	44 103.819     	69 103.991     	98 104.515     	 1 104.032     	11 104.757     	20 104.511     	22 105.045     	21 104.734     	 2 105.083     	 5 105.248     	
Lap 14	30 102.079     	42 102.346     	47 103.076     	29 103.829     	 4 104.330     	94 104.272     	80 104.246     	53 105.092     	74 103.554     	31 104.041     	19 104.596     	81 103.094     	 3 104.238     	44 104.590     	98 104.635     	 1 104.593     	69 106.064     	11 104.859     	20 104.903     	22 105.250     	21 105.420     	 2 105.533     	 5 105.360     	
Lap 15	30 102.601     	42 102.848     	29 102.073     	47 103.652     	80 103.246     	 4 104.216     	94 104.441     	53 104.071     	74 103.931     	81 103.872     	19 104.016     	31 104.618     	 3 104.792     	44 103.244     	98 104.596     	 1 104.666     	69 104.430     	11 104.490     	20 105.361     	22 105.010     	21 105.141     	 2 105.154     	 5 105.702     	
Lap 16	30 103.089     	42 102.433     	29 102.997     	47 102.589     	80 103.681     	94 103.446     	 4 104.149     	53 104.031     	74 104.083     	31 103.845     	19 104.542     	81 104.730     	44 103.214     	 3 104.401     	69 104.048     	98 104.837     	 1 104.730     	11 104.600     	20 105.414     	22 105.263     	21 105.184     	 2 105.603     	
Lap 17	30 102.540     	42 103.343     	29 103.720     	47 103.640     	80 104.117     	 4 104.175     	94 104.255     	74 103.662     	53 104.530     	31 104.212     	19 104.294     	81 104.709     	44 104.838     	 3 104.729     	69 104.808     	98 104.714     	 1 105.060     	11 105.071     	20 104.681     	21 104.997     	 2 105.739     	 5 105.872     	
Lap 18	30 102.437     	42 102.656     	29 103.686     	47 103.930     	80 102.731     	94 103.203     	 4 103.699     	74 104.713     	53 105.531     	31 103.974     	19 104.197     	81 104.714     	44 104.970     	 3 104.667     	69 104.672     	98 104.891     	 1 104.898     	11 105.018     	20 104.761     	 2 104.379     	21 105.928     	 5 106.141     	
Lap 19	30 103.254     	42 102.870     	29 104.445     	47 103.772     	80 103.490     	94 104.319     	 4 104.314     	74 104.115     	53 104.085     	31 104.290     	19 104.504     	81 104.207     	 3 104.365     	44 105.073     	69 104.652     	98 105.335     	 1 104.956     	11 104.990     	20 104.725     	 2 105.253     	21 105.133     	 5 106.072     	
Lap 20	30 102.821     	42 103.229     	47 103.976     	29 104.334     	 4 104.137     	81 104.674     	44 105.596     	69 103.778     	 1 105.605     	80 121.871 DRY	94 123.467 DRY	74 122.542 DRY	53 123.092 DRY	31 123.323 DRY	19 123.146 DRY	 3 122.779 DRY	11 121.458 DRY	98 123.377 DRY	20 122.686 DRY	 2 123.824 DRY	21 124.118 DRY	 5 123.883 DRY	
Lap 21	29 103.499     	30 121.068 DRY	42 121.440 DRY	47 122.575 DRY	80 102.505     	 4 120.501 DRY	94 102.183     	74 102.702     	53 102.976     	31 103.424     	19 103.825     	 3 102.725     	81 122.646 DRY	44 121.558 DRY	69 122.658 DRY	11 103.757     	 1 122.285 DRY	98 104.768     	20 103.412     	21 104.377     	 2 104.876     	 5 105.527     	
Lap 22	29 102.936     	30 102.167     	42 102.764     	47 102.352     	80 101.858     	94 102.325     	 4 103.291     	74 102.332     	53 102.360     	31 103.813     	19 103.735     	81 103.088     	 3 103.855     	44 103.383     	69 102.774     	11 102.387     	98 104.116     	 1 104.303     	20 103.481     	21 104.141     	 2 104.617     	 5 104.650     	
Lap 23	30 102.086     	42 102.372     	47 102.328     	80 102.058     	29 121.734 DRY	 4 102.860     	94 103.622     	74 102.208     	53 102.740     	31 103.453     	19 103.701     	81 103.302     	 3 103.435     	44 102.647     	69 103.596     	11 103.809     	98 104.074     	 1 104.318     	20 103.037     	21 104.634     	 2 104.717     	 5 105.231     	
Lap 24	30 101.564     	42 102.151     	47 103.528     	29 102.544     	80 103.056     	94 102.839     	 4 103.436     	74 102.964     	53 102.498     	31 102.714     	19 103.426     	81 103.499     	44 102.657     	 3 103.860     	69 104.284     	11 103.923     	98 103.432     	 1 104.385     	20 102.940     	21 104.710     	 2 104.377     	 5 105.235     	
Lap 25	30 101.963     	42 102.296     	80 102.854     	47 103.419     	29 103.264     	94 103.034     	 4 103.404     	74 102.810     	53 102.583     	31 102.482     	81 103.302     	19 103.497     	 3 103.444     	44 104.032     	69 103.739     	11 104.410     	98 103.337     	 1 103.170     	20 103.505     	21 104.598     	 2 104.354     	 5 104.934     	
Lap 26	30 102.292     	42 102.425     	29 102.049     	47 102.834     	80 103.428     	94 103.127     	 4 102.993     	74 103.335     	53 102.852     	31 102.355     	81 103.403     	44 102.626     	19 103.788     	 3 103.562     	69 103.376     	11 102.819     	98 102.555     	 1 103.091     	20 103.896     	 2 104.291     	21 105.183     	 5 105.444     	
Lap 27	30 101.823     	42 102.462     	80 102.123     	29 103.412     	47 102.950     	94 103.255     	 4 103.051     	74 102.197     	53 102.646     	31 102.230     	81 103.574     	44 103.699     	19 104.142     	 3 104.590     	69 103.600     	11 104.045     	98 103.376     	 1 102.629     	20 103.563     	 2 104.538     	21 105.089     	 5 104.845     	
Lap 28	30 101.915     	42 102.082     	80 103.193     	29 103.009     	47 102.973     	74 103.367     	 4 103.632     	94 104.016     	53 102.643     	31 102.786     	81 103.517     	44 103.430     	 3 102.772     	19 104.101     	69 103.354     	11 102.879     	98 104.254     	 1 104.509     	20 103.645     	 2 103.210     	21 103.480     	 5 105.831     	
Lap 29	30 102.027     	42 102.523     	47 102.617     	29 103.630     	80 104.059     	74 103.341     	 4 103.838     	94 103.925     	53 104.152     	31 102.504     	81 103.709     	44 103.472     	 3 103.658     	19 103.507     	69 103.932     	11 104.225     	98 102.845     	 1 102.882     	20 103.271     	 2 103.193     	21 103.900     	 5 105.361     	
Lap 30	30 102.006     	42 102.708     	47 102.896     	29 102.758     	80 103.867     	74 104.192     	 4 103.878     	94 103.971     	53 104.489     	31 103.182     	81 103.789     	44 103.781     	19 103.167     	 3 103.612     	69 103.629     	11 104.280     	98 103.617     	 1 103.657     	20 104.124     	 2 103.361     	21 103.553     	 5 105.057     	
Lap 31	30 101.954     	42 102.378     	29 102.548     	47 103.362     	80 102.851     	94 102.943     	74 103.932     	 4 103.785     	31 103.750     	53 104.201     	81 103.543     	44 104.395     	19 104.412     	 3 104.637     	69 102.669     	11 104.512     	98 104.283     	 1 103.429     	20 103.239     	 2 103.480     	21 103.791     	 5 105.605     	
Lap 32	30 102.422     	42 102.583     	29 102.858     	47 103.661     	80 102.649     	 4 103.049     	74 103.610     	94 104.234     	31 103.518     	53 104.442     	81 103.872     	44 104.177     	19 103.859     	 3 104.186     	69 103.342     	11 104.367     	98 104.696     	 1 104.821     	20 103.280     	 2 104.144     	21 104.171     	 5 105.368     	
Lap 33	30 102.707     	42 102.099     	29 102.861     	80 102.235     	47 103.063     	 4 103.663     	74 103.838     	94 103.854     	31 102.557     	53 103.129     	81 103.000     	19 103.765     	44 104.131     	 3 103.918     	69 103.794     	11 104.263     	98 103.882     	 1 104.765     	20 104.082     	 2 103.636     	21 103.656     	 5 105.877     	
Lap 34	30 102.167     	42 102.808     	29 102.500     	47 102.967     	80 103.512     	 4 103.332     	94 103.689     	74 104.232     	53 102.498     	31 104.818     	81 103.581     	19 103.856     	44 104.097     	 3 104.235     	69 103.976     	11 103.911     	 1 102.917     	98 105.200     	20 103.665     	 2 103.544     	21 104.397     	 5 105.418     	
Lap 35	30 102.379     	42 102.347     	29 102.109     	80 103.105     	47 103.919     	 4 102.442     	94 104.361     	74 104.495     	53 104.133     	31 104.729     	81 103.701     	19 104.469     	44 104.588     	69 103.642     	 3 104.656     	11 104.474     	 1 104.562     	98 104.098     	20 104.882     	 2 103.955     	21 104.643     	 5 105.749     	
Lap 36	30 102.380     	42 102.590     	29 102.966     	47 103.004     	80 103.803     	 4 102.822     	94 104.025     	74 104.426     	31 103.138     	53 104.549     	81 103.702     	44 104.161     	19 104.732     	69 104.847     	 3 104.561     	11 104.433     	 1 104.825     	98 104.800     	20 104.244     	 2 104.151     	21 104.683     	 5 105.849     	
Lap 37	30 103.020     	42 103.248     	29 102.795     	80 103.005     	47 103.357     	 4 103.191     	94 104.642     	31 103.988     	74 104.092     	53 104.790     	81 103.591     	44 104.482     	19 104.448     	69 104.868     	 3 105.082     	11 103.801     	 1 104.455     	98 104.845     	20 104.210     	 2 104.281     	21 104.179     	 5 106.002     	
Lap 38	30 102.960     	42 103.246     	29 102.735     	47 103.312     	80 103.863     	 4 102.833     	94 104.197     	31 104.280     	74 104.661     	53 105.656     	81 103.230     	44 104.147     	19 104.617     	69 104.187     	 3 104.625     	11 103.729     	 1 105.208     	98 104.638     	20 105.544     	 2 104.011     	21 104.913     	 5 106.180     	
Lap 39	30 102.801     	42 102.861     	29 102.605     	80 103.238     	47 104.261     	 4 103.053     	94 104.342     	31 104.109     	74 103.905     	53 103.474     	81 103.803     	44 104.987     	19 104.549     	69 104.242     	 3 105.139     	11 103.875     	 1 104.557     	98 104.804     	20 104.171     	 2 104.368     	21 104.867     	 5 105.942     	
Lap 40	30 102.648     	42 103.165     	29 102.587     	47 103.870     	 4 102.793     	74 104.154     	94 104.680     	31 104.551     	80 122.925 DRY	81 104.047     	19 104.567     	69 103.855     	44 105.208     	53 121.126 DRY	 1 104.542     	 3 122.037 DRY	11 121.558 DRY	21 105.140     	98 123.762 DRY	20 123.224 DRY	 2 122.481 DRY	 5 124.423 DRY	
Lap 41	42 103.084     	30 120.989 DRY	29 102.919     	47 103.650     	 4 103.551     	94 104.584     	80 102.442     	44 104.707     	53 102.418     	31 122.581 DRY	74 123.025 DRY	 1 103.657     	81 121.534 DRY	19 122.564 DRY	 3 102.539     	69 122.959 DRY	11 102.851     	21 104.322     	98 103.764     	20 104.202     	 2 103.137     	 5 105.540     	
Lap 42	42 103.200     	30 102.449     	29 102.879     	47 103.077     	80 102.798     	 4 121.358 DRY	53 102.726     	31 103.873     	74 103.686     	94 123.347 DRY	81 103.279     	19 103.905     	 3 104.004     	69 104.067     	44 122.286 DRY	11 103.987     	 1 122.239 DRY	98 104.116     	20 104.225     	 2 103.718     	21 123.267 DRY	 5 104.839     	
Lap 43	42 103.610     	30 101.449     	29 102.936     	80 101.867     	47 121.834 DRY	 4 102.734     	53 102.352     	74 102.955     	31 103.608     	94 102.591     	81 102.500     	19 103.505     	 3 103.763     	44 103.492     	69 103.967     	11 103.449     	 1 103.261     	98 103.469     	20 104.323     	 2 103.267     	21 103.696     	 5 105.407     	
Lap 44	30 101.890     	42 121.245 DRY	29 121.471 DRY	80 102.539     	47 102.550     	 4 102.378     	53 102.315     	74 103.548     	94 102.994     	31 103.882     	81 102.724     	19 103.628     	 3 103.394     	44 103.495     	69 103.529     	11 103.963     	 1 103.304     	98 102.830     	20 103.522     	 2 102.964     	21 103.531     	 5 104.765     	
Lap 45	30 101.582     	42 102.259     	29 101.812     	80 102.805     	47 102.205     	 4 102.442     	53 102.806     	74 103.942     	94 103.609     	31 103.891     	81 103.878     	19 103.454     	44 103.245     	 3 104.178     	69 103.690     	11 104.671     	 1 102.939     	98 103.317     	20 103.508     	 2 102.980     	21 104.056     	 5 105.317     	
Lap 46	30 101.806     	42 101.616     	29 102.108     	80 102.743     	47 102.264     	 4 102.098     	53 102.911     	94 103.566     	74 104.016     	81 103.511     	31 104.010     	19 103.542     	44 104.040     	 3 103.729     	69 103.497     	11 103.345     	 1 102.568     	98 102.555     	20 103.292     	 2 103.650     	21 103.332     	 5 105.024     	
Lap 47	30 101.789     	42 101.990     	29 102.302     	80 102.249     	47 101.949     	 4 102.188     	53 102.115     	94 103.163     	74 103.757     	81 103.945     	31 103.987     	19 103.037     	44 103.373     	 3 103.365     	69 103.658     	11 103.137     	 1 102.733     	98 102.940     	20 103.018     	 2 103.423     	21 103.700     	 5 105.761     	
Lap 48	30 101.683     	42 101.618     	29 102.536     	80 102.707     	47 102.314     	 4 102.826     	53 102.720     	94 103.205     	74 104.010     	81 103.654     	31 103.674     	19 103.034     	 3 103.786     	44 103.942     	69 103.620     	11 103.322     	 1 103.401     	98 103.426     	20 103.775     	 2 103.417     	21 103.789     	 5 105.385     	
Lap 49	30 102.405     	42 101.770     	29 102.494     	80 102.139     	47 102.567     	 4 102.197     	53 102.168     	94 103.021     	74 103.521     	31 103.344     	81 104.227     	19 102.801     	69 103.740     	44 104.125     	 3 104.246     	11 104.283     	 1 103.245     	98 103.292     	20 103.102     	 2 103.214     	21 103.330     	 5 105.828     	
Lap 50	30 102.643     	42 102.080     	29 102.418     	80 102.509     	47 102.173     	 4 102.749     	53 102.178     	94 102.709     	74 103.290     	31 103.367     	81 104.097     	19 102.505     	 3 103.595     	69 103.876     	44 104.308     	11 103.329     	 1 103.638     	98 102.959     	20 103.501     	 2 103.475     	21 103.813     	 5 105.861     	
Lap 51	30 102.625     	42 102.034     	29 102.174     	80 102.684     	47 102.471     	 4 102.869     	53 102.234     	94 102.763     	74 103.653     	31 104.374     	81 103.308     	 3 104.473     	19 103.206     	69 104.080     	44 104.361     	11 104.164     	 1 103.131     	98 103.402     	20 103.894     	 2 104.070     	21 104.104     	
Lap 52	30 102.652     	42 101.918     	29 101.923     	80 102.397     	47 102.127     	 4 102.791     	53 102.685     	94 102.761     	31 103.892     	81 103.726     	19 102.778     	69 104.268     	44 103.741     	 3 104.310     	11 104.330     	 1 103.850     	98 103.721     	20 104.188     	 2 103.543     	21 104.007     	 5 106.061     	
Lap 53	30 102.776     	42 102.659     	29 102.540     	47 103.163     	80 104.263     	 4 102.305     	53 102.397     	94 103.028     	31 103.870     	81 103.880     	19 103.304     	 3 103.682     	69 104.374     	44 104.527     	 1 104.468     	11 104.772     	98 103.496     	20 104.148     	 2 103.699     	21 103.903     	 5 106.134     	
Lap 54	30 102.193     	42 102.858     	29 102.417     	80 102.932     	47 103.588     	 4 103.143     	53 102.815     	94 102.803     	31 103.678     	81 104.266     	19 103.468     	 3 103.818     	44 103.721     	69 104.628     	 1 104.177     	11 104.599     	98 104.482     	20 103.504     	 2 103.410     	21 103.788     	 5 106.160     	
Lap 55	30 102.722     	42 102.667     	29 102.514     	47 103.122     	80 103.828     	 4 102.323     	53 102.847     	94 102.600     	31 103.930     	81 104.436     	19 102.898     	 3 104.324     	44 104.300     	69 104.295     	 1 104.756     	11 104.634     	98 105.008     	20 104.373     	 2 103.850     	21 103.566     	 5 105.976     	
Lap 56	30 102.135     	42 102.941     	29 102.611     	47 103.168     	80 103.203     	 4 102.392     	53 102.671     	94 102.687     	31 102.934     	81 103.485     	19 103.362     	 3 104.541     	44 103.952     	69 103.987     	11 104.034     	 1 104.922     	98 104.669     	20 103.829     	 2 103.740     	21 103.879     	 5 106.316     	
Lap 57	30 102.453     	42 102.128     	29 102.630     	80 103.015     	47 103.944     	 4 102.974     	53 103.163     	94 103.180     	31 103.468     	81 103.830     	19 103.241     	 3 104.066     	44 104.201     	69 103.830     	 1 104.096     	11 104.940     	98 105.024     	20 104.535     	 2 104.044     	21 103.947     	 5 105.547     	
Lap 58	30 102.633     	42 102.987     	29 102.947     	47 103.307     	80 104.625     	 4 103.418     	53 103.553     	94 102.767     	31 102.916     	81 103.615     	19 103.789     	44 104.149     	69 104.189     	 3 105.030     	 1 104.657     	11 104.769     	98 104.040     	20 104.300     	 2 103.926     	21 104.351     	 5 106.271     	
Lap 59	30 102.853     	42 102.828     	29 102.376     	47 103.860     	80 103.197     	 4 102.827     	53 103.516     	94 102.926     	31 103.313     	81 103.560     	19 103.573     	44 104.127     	69 104.692     	 3 105.025     	 1 104.687     	11 105.122     	98 105.083     	20 104.375     	 2 103.838     	21 104.545     	 5 105.984     	
Lap 60	30 102.761     	42 104.682     	29 102.651     	80 102.807     	47 104.263     	 4 102.995     	94 103.087     	53 122.274 DRY	31 103.890     	81 103.625     	19 104.031     	44 104.279     	69 105.177     	 3 104.795     	 1 104.654     	11 105.120     	98 104.795     	20 104.639     	 2 104.360     	21 104.385     	 5 106.748     	
Lap 61	42 102.779     	30 121.266 DRY	29 102.925     	 4 102.893     	47 103.830     	80 121.830 DRY	94 103.046     	53 103.004     	31 121.315 DRY	44 103.951     	81 122.162 DRY	 3 104.783     	 1 104.137     	19 122.631 DRY	98 105.435     	 2 105.528     	69 123.590 DRY	21 104.095     	11 123.066 DRY	20 123.564 DRY	 5 106.119     	
Lap 62	42 102.834     	30 101.839     	29 102.397     	47 103.352     	 4 104.262     	80 102.263     	53 102.259     	94 121.491 DRY	31 102.834     	81 104.053     	 3 104.962     	19 102.734     	44 121.071 DRY	69 103.135     	 1 121.885 DRY	11 102.549     	21 104.982     	98 122.736 DRY	20 103.778     	 2 123.543 DRY	 5 124.787 DRY	
Lap 63	42 103.380     	30 102.413     	29 103.032     	 4 103.555     	47 104.456     	80 102.239     	53 101.900     	94 102.774     	31 102.863     	81 102.661     	19 103.082     	 3 105.422     	44 102.490     	69 102.537     	 1 103.092     	11 102.416     	98 102.599     	20 103.294     	 2 103.663     	21 123.250 DRY	 5 105.737     	
Lap 64	30 101.796     	29 103.272     	42 121.055 DRY	 4 104.740     	80 102.258     	47 122.213 DRY	53 102.157     	94 102.189     	31 102.809     	81 102.955     	19 102.897     	44 102.673     	69 102.760     	 1 103.960     	11 103.833     	98 102.555     	 3 122.976 DRY	20 103.336     	 2 103.378     	21 103.858     	 5 104.703     	
Lap 65	30 101.860     	29 103.492     	42 101.952     	80 102.698     	47 102.013     	 4 121.265 DRY	53 102.456     	94 102.652     	31 102.613     	81 102.934     	19 102.349     	44 102.830     	69 102.591     	 1 104.360     	11 104.500     	98 103.215     	 3 102.819     	20 103.040     	 2 103.360     	21 103.061     	 5 105.128     	

-- OFFICIAL RESULTS --
Pos	#No	Driver						Team					Time		Diff		Pits	Best
01	#30	WIS	Josh Wise				BONGATAR				1:51:57.436	-0.000		3		101.449
02	#29	ALU	Sago Aludetsei			Dotruga Formula Racing	1:52:07.077	-9.641		2		101.812
03	#42	OOS	Frank Oosterhout		Cows Go Moo Racing		1:52:14.231	-16.795		3		101.616
04	#80	AYA	Ifloenne é Aya			Team V.V. Imperial		1:52:38.490	-41.054		3		101.858
05	#47	PAV	ketila léqa pavúteka	Team Solea Racing		1:52:44.347	-46.911		3		101.949
06	# 4	BLA	Zaku Blaxon				Team Blaland Racing		1:52:45.469	-48.033		3		102.098
07	#53	TÀC	Ešuro Tàcràɰë			Team Diigikwk Racers	1:52:49.519	-52.083		3		101.900
08	#94	NES	At'ipi Nesbeksë			Team Diigikwk Racers	1:53:00.007	-62.571		3		102.183
09	#31	ŠAŊ	xap'ít celentir šaŋév	Team Solea Racing		1:53:11.491	-74.055		3		102.230
10	#81	KÆR	Lyǽs Kæræsekæræn		Team V.V. Imperial		1:53:16.657	-79.221		3		102.500
11	#19	ZAI	khélok atep zailunaɰ	Team Solea Racing		1:53:18.130	-80.694		3		102.349
12	#44	KAX	Kaxon Kaxutak			Team Blaland Racing		1:53:30.639	-93.203		3		102.490
13	#69	SAN	Marisa Sanchez			Cows Go Moo Racing		1:53:33.845	-96.409		3		102.537
14	# 1	ROT	Robbie Rotten			Team V.V. Imperial		1:53:38.984	-101.548	3		102.568
15	#11	KEG	Tuto Keget				Dotruga Formula Racing	1:53:39.360	-101.924	3		102.387
16	#98	MOT	Gorga Motxev			Dotruga Formula Racing	1:53:39.858	-102.422	3		102.555
17	# 3	BOB	Bob						BONGATAR				1:53:40.671	-103.234	3		102.539
18	#20	MAC	Mac						Team Vincent			1:53:42.382	-104.945	3		102.940
19	# 2	HID	Body Hide				BONGATAR				1:53:45.598	-108.162	3		102.964
20	#21	ORS	Orson					Team Vincent			1:53:59.879	-122.443	3		103.061
21	# 5	NOX	Naxan Noxokolonaxon		Team Blaland Racing		1:55:19.241	-201.805	3		104.650
22	#22	PHI	Philipe					Team Vincent			RETIRED		DNF			0		103.888
23	#74	KON	Bařàsiz Konoca			Team Diigikwk Racers	RETIRED		DNF			2		102.197
24	#41	CAN	Olga Candy				Cows Go Moo Racing		RETIRED		DNF			0		103.568

-- RACE INCIDENT REPORT --
Olga Candy crashed out while attempting an overtake on lap 8.
Bařàsiz Konoca made a mistake on lap 10.
Marisa Sanchez made a mistake while attempting an overtake on lap 14.
Philipe crashed out while attempting an overtake on lap 16.
Kaxon Kaxutak made a mistake while attempting an overtake on lap 20.
Bařàsiz Konoca crashed out while attempting an overtake on lap 51.
Frank Oosterhout made a mistake on lap 60.
