-- LAP TIMES --
Lap 0	29 0.000     	80 0.000     	47 0.100     	31 0.100     	19 0.200     	42 0.200     	 4 0.300     	44 0.300     	30 0.400     	53 0.400     	98 0.500     	81 0.500     	 1 0.600     	94 0.600     	69 0.700     	74 0.700     	20 0.800     	22 0.800     	11 0.900     	 3 0.900     	41 1.000     	21 1.000     	 2 1.100     	 5 1.100     	
Lap 1	29 100.783     	 4 100.556     	19 101.052     	80 101.273     	47 101.184     	42 101.184     	81 101.036     	30 101.153     	31 101.556     	 1 101.086     	98 101.194     	44 101.663     	53 101.587     	 3 101.339     	74 101.546     	69 101.582     	20 101.576     	41 101.417     	94 101.844     	22 101.707     	21 101.776     	11 101.967     	 5 102.117     	 2 102.620     	
Lap 2	 4 100.732     	29 101.086     	80 100.631     	47 101.198     	42 101.161     	30 101.005     	19 101.348     	81 101.254     	31 101.471     	98 101.566     	74 101.380     	 1 101.961     	44 101.742     	53 101.840     	41 101.445     	94 101.425     	11 101.261     	 3 102.091     	69 102.108     	20 102.151     	22 102.523     	21 102.287     	 5 102.893     	 2 102.498     	
Lap 3	80 100.529     	 4 101.216     	29 101.125     	30 100.772     	47 100.885     	42 100.868     	19 101.481     	81 101.757     	44 100.986     	31 101.599     	98 101.528     	74 101.180     	53 101.205     	 1 101.390     	94 101.761     	 3 101.441     	41 102.064     	69 101.595     	11 102.036     	20 102.281     	22 102.467     	21 102.529     	 2 102.250     	 5 102.898     	
Lap 4	80 101.035     	29 100.662     	 4 101.238     	47 101.014     	42 101.112     	30 101.397     	19 100.905     	81 100.822     	31 100.729     	98 100.894     	44 101.404     	 1 101.292     	53 101.729     	74 102.044     	94 101.298     	 3 101.939     	11 101.750     	69 102.155     	41 102.263     	20 101.464     	21 101.916     	22 102.132     	 2 102.387     	 5 102.661     	
Lap 5	29 100.661     	80 101.195     	42 100.963     	 4 101.474     	47 101.530     	30 101.327     	19 101.117     	31 101.490     	81 101.753     	98 101.589     	 1 101.458     	44 101.799     	74 101.339     	53 101.935     	94 101.893     	69 101.340     	41 101.389     	20 101.375     	 3 102.038     	11 101.860     	21 102.286     	22 102.490     	 2 102.610     	 5 102.738     	
Lap 6	80 100.801     	29 101.315     	 4 100.899     	42 101.703     	47 101.476     	30 101.407     	19 101.385     	31 101.550     	81 101.630     	98 101.763     	 1 101.309     	44 101.221     	74 101.933     	53 101.860     	94 101.965     	69 101.596     	 3 101.520     	11 101.530     	41 101.879     	20 102.145     	21 101.840     	22 102.347     	 2 102.227     	 5 102.694     	
Lap 7	29 100.851     	80 101.361     	 4 101.561     	47 101.321     	42 101.518     	30 101.317     	19 102.044     	31 101.058     	81 101.400     	 1 101.251     	98 101.443     	44 101.771     	74 101.929     	94 101.270     	53 101.865     	69 101.477     	11 101.496     	 3 101.638     	20 101.558     	41 102.326     	21 102.497     	22 101.689     	 2 101.693     	 5 102.551     	
Lap 8	80 101.179     	29 101.640     	 4 100.984     	47 101.428     	42 101.779     	30 101.778     	31 101.281     	81 101.001     	19 101.816     	98 101.195     	44 101.422     	 1 102.114     	74 101.832     	94 101.944     	53 101.980     	69 102.271     	11 102.031     	 3 101.967     	41 101.896     	20 102.390     	21 102.040     	22 102.492     	 2 101.807     	 5 103.007     	
Lap 9	80 100.996     	29 100.935     	 4 101.208     	47 100.907     	42 101.043     	31 101.045     	30 101.571     	81 101.237     	98 101.379     	19 101.915     	44 101.672     	 1 101.868     	74 101.739     	94 101.800     	53 101.476     	 3 101.830     	11 101.952     	20 101.554     	69 102.485     	41 102.445     	22 102.358     	21 102.840     	 2 103.373     	 5 103.056     	
Lap 10	80 100.938     	29 101.342     	 4 101.181     	47 101.551     	42 101.621     	30 101.521     	31 101.885     	81 101.796     	98 101.388     	19 101.652     	44 101.518     	 1 101.318     	94 101.515     	53 101.461     	74 102.021     	11 101.815     	 3 102.204     	20 101.707     	69 101.920     	41 101.676     	21 102.310     	22 102.658     	 2 101.781     	 5 102.639     	
Lap 11	80 101.063     	29 101.388     	 4 101.312     	47 101.570     	42 101.631     	31 101.445     	30 101.884     	98 101.366     	81 102.016     	19 101.716     	44 101.229     	 1 102.089     	94 101.753     	53 102.354     	74 102.327     	11 102.383     	69 102.013     	 3 102.469     	20 102.434     	41 102.292     	21 102.524     	22 102.621     	 2 103.135     	 5 102.636     	
Lap 12	80 101.867     	29 101.626     	 4 101.538     	47 101.487     	31 101.031     	42 101.662     	98 101.293     	30 101.944     	19 101.256     	81 101.981     	44 101.820     	 1 101.242     	94 101.716     	53 101.740     	74 102.101     	11 101.897     	69 101.891     	 3 102.177     	20 102.592     	41 102.799     	22 102.001     	21 102.482     	 2 101.940     	 5 102.715     	
Lap 13	80 101.838     	29 101.354     	 4 101.871     	47 101.626     	31 101.866     	42 102.039     	98 101.429     	30 101.588     	81 101.278     	19 101.883     	44 101.533     	 1 101.502     	94 102.126     	74 101.684     	53 102.354     	11 101.786     	69 102.384     	20 101.861     	 3 102.413     	41 102.933     	21 102.232     	22 102.775     	 2 101.898     	 5 102.698     	
Lap 14	29 101.550     	80 101.634     	 4 100.277     	47 101.117     	31 101.529     	98 101.754     	30 101.553     	42 102.241     	81 101.791     	19 101.511     	 1 101.786     	44 102.208     	94 101.451     	53 101.606     	74 102.523     	11 101.840     	69 102.077     	20 102.877     	41 100.981     	 3 103.304     	21 102.277     	22 102.228     	 2 103.475     	 5 103.368     	
Lap 15	 4 100.825     	29 101.304     	80 102.015     	47 100.748     	31 101.587     	98 101.540     	30 101.319     	81 101.759     	42 102.297     	19 101.923     	 1 102.215     	44 102.318     	94 101.494     	53 101.706     	74 102.168     	69 101.522     	11 102.955     	41 102.186     	 3 102.375     	20 102.930     	21 102.557     	22 102.725     	 2 101.992     	 5 102.817     	
Lap 16	29 101.460     	 4 101.925     	80 102.050     	47 101.815     	31 101.484     	30 101.735     	98 101.957     	19 101.446     	42 102.045     	81 102.406     	44 101.959     	94 101.055     	 1 102.647     	53 101.233     	74 102.608     	69 102.193     	11 102.860     	41 102.315     	20 101.611     	 3 103.600     	21 102.635     	22 103.243     	 2 103.273     	 5 103.324     	
Lap 17	29 101.712     	 4 101.867     	47 101.130     	80 101.816     	31 102.304     	30 102.172     	98 102.180     	19 102.277     	42 102.352     	81 102.127     	44 101.850     	94 101.967     	 1 102.040     	53 100.846     	74 102.134     	69 102.435     	41 102.992     	11 102.278     	20 102.588     	 3 101.652     	21 101.619     	22 102.430     	 2 103.964     	
Lap 18	80 100.261     	 4 101.662     	29 102.084     	47 101.460     	30 101.537     	31 102.390     	98 102.364     	19 102.103     	81 101.601     	42 101.779     	94 102.009     	 1 102.272     	53 103.537     	74 102.026     	69 102.979     	11 102.274     	20 103.140     	41 103.046     	 3 102.960     	21 101.914     	22 102.102     	 2 101.862     	 5 103.727     	
Lap 19	 4 101.629     	80 101.801     	29 101.653     	47 101.310     	30 102.218     	31 102.346     	42 101.037     	19 101.718     	98 102.497     	81 102.064     	94 102.510     	 1 102.241     	53 101.230     	74 101.854     	69 102.202     	11 103.255     	41 102.499     	20 102.915     	 3 103.027     	21 102.414     	22 102.442     	 2 102.779     	 5 103.533     	
Lap 20	80 101.671     	 4 101.949     	29 102.053     	47 102.260     	30 102.008     	31 101.909     	42 102.559     	98 102.056     	19 102.272     	81 102.683     	 1 102.695     	94 103.543     	53 103.298     	74 101.843     	69 101.993     	11 101.806     	20 102.457     	41 102.810     	21 101.980     	 3 103.853     	22 102.384     	 2 102.013     	 5 103.434     	
Lap 21	 4 101.828     	80 102.372     	47 101.580     	30 102.043     	19 102.638     	98 102.927     	94 102.976     	74 101.795     	53 104.875     	11 101.528     	29 119.976 DRY	41 102.718     	21 103.686     	 3 103.389     	22 102.449     	31 121.005 DRY	 2 102.473     	42 121.050 DRY	81 120.640 DRY	 1 121.037 DRY	69 120.546 DRY	20 121.707 DRY	 5 121.312 DRY	
Lap 22	 4 101.917     	47 101.880     	30 101.418     	98 102.742     	29 101.166     	80 120.890 DRY	22 102.047     	31 101.192     	42 101.505     	81 101.237     	19 120.671 DRY	 1 101.239     	74 119.852 DRY	94 120.775 DRY	53 120.249 DRY	69 101.186     	11 120.649 DRY	20 101.553     	41 121.448 DRY	 3 120.898 DRY	21 121.748 DRY	 2 121.514 DRY	 5 103.182     	
Lap 23	30 101.414     	29 99.479     	80 100.165     	 4 120.534 DRY	47 120.380 DRY	31 101.678     	42 101.581     	81 101.646     	19 101.507     	98 119.618 DRY	 1 100.683     	74 101.632     	94 101.960     	53 101.287     	69 101.854     	11 101.188     	20 100.938     	41 101.031     	21 101.236     	 3 102.494     	22 121.304 DRY	 2 101.439     	 5 102.121     	
Lap 24	29 99.767     	80 99.962     	47 100.204     	 4 101.042     	31 100.191     	30 120.014 DRY	42 101.531     	81 101.098     	19 100.925     	 1 100.103     	98 101.689     	94 100.973     	74 102.022     	53 101.769     	69 101.387     	11 101.994     	20 101.080     	41 101.155     	21 102.581     	 3 101.754     	22 101.322     	 2 101.336     	 5 102.754     	
Lap 25	29 99.932     	80 100.453     	 4 99.653     	47 100.821     	30 100.789     	31 101.656     	42 101.630     	19 101.443     	81 101.740     	 1 101.685     	98 101.945     	74 100.970     	94 101.578     	53 101.798     	69 101.991     	11 100.737     	20 101.025     	41 101.090     	22 100.723     	 3 101.401     	21 102.030     	 2 101.663     	 5 102.830     	
Lap 26	29 100.018     	80 100.529     	 4 100.705     	47 100.887     	30 100.875     	31 101.855     	42 100.924     	81 100.891     	19 101.382     	 1 101.989     	98 101.739     	94 101.290     	74 101.404     	53 102.035     	69 101.734     	11 101.630     	20 100.438     	41 100.647     	 3 101.736     	21 101.342     	22 102.172     	 2 101.706     	 5 102.506     	
Lap 27	29 100.533     	80 99.810     	47 100.322     	 4 101.350     	30 100.410     	31 100.138     	19 100.615     	42 101.453     	81 101.409     	 1 101.673     	98 101.286     	74 101.292     	94 101.471     	53 101.437     	69 101.804     	11 102.045     	20 100.996     	41 100.972     	 3 102.064     	22 102.137     	21 102.548     	 2 101.512     	 5 102.787     	
Lap 28	29 99.918     	80 99.686     	 4 100.363     	47 100.993     	30 101.428     	31 101.956     	19 101.217     	42 100.998     	81 101.212     	98 101.239     	 1 101.789     	94 100.911     	74 101.722     	53 101.628     	69 101.677     	11 101.967     	20 101.936     	41 100.821     	 3 101.693     	22 102.410     	21 102.090     	 2 101.894     	 5 102.972     	
Lap 29	29 99.892     	80 100.155     	47 100.318     	 4 100.973     	30 99.809     	31 100.288     	19 101.646     	42 101.847     	81 101.642     	98 101.729     	 1 101.998     	94 101.294     	74 101.592     	53 101.417     	69 102.173     	11 101.905     	20 101.995     	41 102.443     	 3 100.930     	22 102.211     	21 102.735     	 2 102.697     	 5 103.058     	
Lap 30	29 100.150     	80 99.932     	 4 99.855     	47 101.217     	30 100.169     	31 100.069     	81 101.386     	19 101.741     	42 101.918     	98 101.344     	 1 102.252     	94 100.971     	74 100.809     	53 100.665     	11 101.638     	69 102.131     	20 102.110     	41 102.710     	 3 101.458     	22 102.412     	21 102.257     	 2 102.684     	 5 102.843     	
Lap 31	29 100.705     	80 100.091     	 4 100.527     	47 100.269     	30 100.166     	31 100.575     	19 101.490     	81 101.812     	42 101.518     	98 100.125     	94 101.248     	74 101.046     	 1 102.329     	53 100.363     	11 101.914     	69 102.213     	20 101.532     	41 101.074     	 3 100.808     	22 101.982     	21 102.400     	 2 101.855     	 5 103.298     	
Lap 32	29 100.362     	80 100.282     	 4 100.667     	47 100.506     	30 100.220     	31 100.614     	81 101.172     	19 101.703     	98 101.451     	42 101.981     	94 101.432     	74 101.545     	53 100.405     	 1 102.208     	11 101.816     	69 101.841     	41 100.846     	20 102.012     	 3 101.161     	22 102.274     	21 102.875     	 2 102.633     	 5 102.515     	
Lap 33	29 100.197     	80 100.436     	47 100.525     	 4 101.492     	30 99.918     	31 100.188     	81 101.976     	19 101.838     	42 101.495     	98 101.887     	94 101.285     	74 101.940     	 1 101.499     	53 101.970     	11 101.645     	41 101.607     	69 102.123     	20 101.982     	 3 101.010     	22 101.852     	21 102.399     	 2 103.097     	 5 102.720     	
Lap 34	29 100.454     	80 100.438     	 4 100.414     	47 101.340     	30 100.498     	31 100.883     	81 101.648     	19 101.586     	98 101.610     	42 102.185     	94 101.103     	74 102.048     	 1 102.070     	53 102.835     	11 101.835     	20 101.497     	69 101.885     	41 102.281     	 3 100.814     	22 101.456     	21 101.719     	 2 101.379     	 5 103.291     	
Lap 35	29 100.453     	80 100.551     	 4 101.261     	47 101.137     	30 100.245     	31 100.961     	19 102.148     	81 102.209     	98 101.754     	42 102.012     	94 100.444     	74 102.139     	53 101.059     	 1 102.686     	11 101.991     	41 101.751     	20 102.427     	69 102.617     	 3 101.632     	22 101.998     	21 102.718     	 2 103.440     	 5 102.712     	
Lap 36	29 100.296     	80 100.031     	 4 101.133     	47 100.850     	30 100.279     	31 100.714     	19 101.882     	42 101.401     	81 102.323     	98 102.244     	94 102.083     	53 102.005     	74 102.547     	 1 102.143     	11 102.418     	41 102.270     	20 102.835     	69 102.968     	 3 101.448     	22 101.625     	21 101.181     	 2 102.045     	 5 103.402     	
Lap 37	29 100.785     	80 100.991     	30 100.135     	47 101.158     	 4 101.790     	31 100.491     	19 101.884     	42 101.940     	81 101.946     	98 101.678     	94 102.021     	53 102.081     	74 102.360     	 1 102.580     	11 101.852     	41 102.439     	69 101.907     	20 102.626     	 3 102.195     	22 101.777     	21 101.778     	 2 102.465     	 5 103.545     	
Lap 38	29 100.480     	80 101.140     	 4 100.913     	47 101.405     	30 101.837     	31 100.581     	19 102.087     	81 101.685     	42 101.903     	98 101.967     	94 102.368     	53 101.859     	74 102.062     	 1 102.487     	11 101.367     	41 101.038     	69 102.351     	20 102.347     	 3 102.734     	22 102.147     	21 102.027     	 2 101.768     	 5 103.108     	
Lap 39	29 100.789     	80 100.958     	30 100.208     	 4 101.309     	47 101.801     	31 101.357     	81 102.200     	19 102.471     	42 102.293     	98 102.123     	94 100.854     	74 101.671     	53 102.555     	 1 101.459     	11 102.199     	41 103.760     	69 102.188     	20 103.135     	 3 102.941     	22 101.842     	21 101.963     	 2 102.142     	 5 103.412     	
Lap 40	29 100.971     	80 100.988     	30 101.804     	 4 101.910     	47 101.582     	31 101.020     	94 101.610     	42 102.090     	81 102.595     	19 102.524     	98 102.522     	74 102.853     	53 102.732     	 1 102.797     	11 101.321     	41 102.655     	69 102.368     	20 102.564     	 3 102.904     	22 101.686     	21 101.938     	 2 102.548     	 5 103.432     	
Lap 41	29 100.531     	80 101.072     	30 101.454     	47 101.294     	 4 102.173     	31 101.518     	94 102.019     	42 102.694     	98 102.261     	81 102.611     	19 102.583     	74 102.893     	53 102.875     	 1 102.894     	11 101.724     	41 102.644     	69 102.311     	20 101.664     	 3 102.049     	22 101.765     	21 101.790     	 2 102.447     	 5 103.593     	
Lap 42	80 100.694     	30 102.304     	 4 101.088     	47 102.247     	31 100.961     	29 119.299 DRY	94 100.928     	19 101.826     	98 102.310     	81 102.230     	74 102.723     	53 102.745     	11 101.349     	41 102.310     	69 103.264     	 3 102.098     	42 120.032 DRY	22 102.200     	21 102.127     	 1 121.570 DRY	 2 102.750     	20 120.773 DRY	 5 103.899     	
Lap 43	80 100.776     	 4 102.005     	47 101.864     	31 100.957     	29 100.196     	30 120.540 DRY	94 101.849     	98 102.561     	53 102.860     	11 103.212     	41 102.236     	69 102.759     	42 100.417     	19 120.622 DRY	81 120.681 DRY	22 101.880     	74 121.007 DRY	 1 101.548     	20 101.081     	 3 121.950 DRY	21 121.124 DRY	 2 122.375 DRY	 5 121.080 DRY	
Lap 44	 4 101.723     	29 100.807     	47 102.549     	80 119.307 DRY	30 101.542     	94 102.446     	31 121.023 DRY	98 101.459     	41 101.893     	42 100.566     	19 101.864     	81 101.990     	53 119.419 DRY	74 102.111     	 1 102.120     	11 119.818 DRY	20 100.631     	 3 100.987     	69 121.711 DRY	22 120.921 DRY	21 101.265     	 2 102.157     	 5 102.718     	
Lap 45	29 101.164     	47 101.946     	80 100.632     	30 100.364     	 4 120.319 DRY	31 101.265     	94 102.583     	98 101.252     	42 100.604     	19 100.791     	81 101.151     	53 101.656     	74 101.948     	 1 101.971     	11 102.003     	20 101.050     	41 119.543 DRY	69 101.316     	 3 102.137     	22 100.913     	21 101.198     	 2 101.442     	 5 102.796     	
Lap 46	29 100.361     	80 100.083     	30 99.936     	 4 100.237     	47 119.555 DRY	31 101.538     	42 100.577     	19 101.025     	81 101.123     	94 120.821 DRY	98 121.157 DRY	53 100.071     	74 101.335     	 1 101.506     	11 101.965     	20 100.466     	41 101.225     	69 101.882     	 3 102.538     	22 100.776     	21 100.842     	 2 101.541     	 5 102.713     	
Lap 47	29 99.807     	80 99.930     	30 100.609     	 4 99.815     	31 100.333     	47 101.332     	42 100.441     	19 100.713     	94 101.168     	81 101.793     	98 100.655     	53 100.639     	74 101.537     	 1 101.478     	11 101.864     	20 101.108     	41 100.509     	69 101.674     	 3 101.795     	22 100.932     	21 101.428     	 2 101.547     	 5 102.296     	
Lap 48	29 100.119     	80 99.823     	30 100.394     	 4 99.794     	47 100.242     	31 100.772     	42 99.912     	19 99.931     	94 101.383     	81 101.174     	98 101.301     	53 100.666     	74 101.247     	 1 101.925     	11 101.850     	20 101.447     	41 100.722     	69 101.983     	22 101.345     	 3 101.832     	21 101.180     	 2 101.618     	 5 102.402     	
Lap 49	29 99.831     	80 100.553     	30 101.073     	 4 101.002     	31 101.125     	47 101.521     	42 99.960     	19 100.236     	98 100.990     	94 101.779     	81 101.511     	53 101.051     	74 100.695     	 1 100.765     	20 101.996     	11 102.070     	41 101.127     	69 101.621     	22 102.562     	 3 102.305     	21 101.722     	 2 101.932     	 5 102.360     	
Lap 50	29 100.561     	80 99.956     	 4 101.010     	30 101.716     	47 100.335     	31 101.700     	42 100.224     	19 100.681     	98 101.354     	81 101.623     	94 101.912     	53 101.135     	74 100.560     	 1 101.009     	11 101.380     	20 101.745     	41 101.601     	69 100.478     	22 102.038     	 3 102.494     	21 101.731     	 2 101.484     	 5 102.671     	
Lap 51	29 99.983     	80 100.671     	30 100.203     	 4 101.580     	47 100.403     	31 100.091     	42 100.923     	19 100.000     	98 101.154     	94 100.485     	81 101.851     	53 100.496     	74 101.127     	 1 100.963     	11 101.929     	20 102.155     	41 102.600     	69 101.263     	22 102.439     	 3 102.503     	21 101.280     	 2 101.877     	 5 103.024     	
Lap 52	29 100.106     	80 99.938     	30 100.509     	 4 100.119     	31 101.162     	47 102.139     	42 100.484     	19 100.188     	94 100.898     	81 100.148     	98 101.443     	53 100.756     	74 101.092     	 1 100.599     	11 102.140     	20 102.473     	41 102.734     	69 100.453     	21 101.410     	 3 101.657     	22 102.436     	 2 101.245     	 5 102.990     	
Lap 53	29 100.104     	80 100.695     	30 101.610     	 4 101.217     	47 100.871     	31 101.691     	42 100.187     	19 100.228     	94 101.246     	98 101.346     	81 101.655     	53 100.314     	74 101.917     	 1 102.319     	11 101.921     	41 101.925     	20 103.001     	69 101.400     	22 101.451     	21 102.230     	 3 102.240     	 2 101.858     	 5 103.199     	
Lap 54	29 100.370     	80 99.944     	 4 100.960     	30 101.891     	31 100.637     	47 101.339     	42 100.548     	19 100.252     	94 101.942     	98 101.861     	53 100.776     	81 102.251     	74 101.285     	 1 100.589     	11 102.256     	41 101.948     	69 100.719     	20 102.143     	22 102.536     	21 102.286     	 3 102.243     	 2 102.106     	 5 102.822     	
Lap 55	29 100.063     	80 99.962     	 4 101.024     	30 100.899     	31 101.262     	47 101.413     	42 100.898     	19 101.034     	94 101.541     	53 101.510     	98 101.696     	81 101.947     	74 102.111     	 1 102.535     	11 100.951     	41 101.541     	20 101.903     	69 102.298     	22 102.485     	21 102.368     	 3 102.362     	 2 101.962     	 5 103.408     	
Lap 56	29 100.900     	80 100.821     	30 100.641     	 4 101.164     	47 101.015     	31 101.366     	42 101.009     	19 100.698     	94 101.701     	98 101.488     	53 102.123     	81 102.413     	74 100.870     	 1 101.570     	11 100.703     	41 101.871     	20 102.045     	69 102.028     	22 102.457     	21 102.969     	 3 103.012     	 2 101.978     	 5 102.876     	
Lap 57	29 100.478     	80 100.770     	30 101.210     	 4 101.719     	47 100.963     	31 101.462     	42 101.214     	19 100.499     	94 101.374     	98 101.808     	81 100.761     	53 102.598     	74 101.047     	 1 101.087     	11 101.244     	41 102.213     	20 102.611     	69 102.549     	22 102.702     	 3 102.344     	21 103.136     	 2 102.301     	 5 103.422     	
Lap 58	29 100.497     	80 100.055     	30 101.433     	 4 101.314     	47 101.505     	31 101.272     	42 101.347     	19 100.398     	94 102.031     	98 101.349     	81 101.594     	53 102.210     	74 101.168     	 1 101.387     	11 100.654     	41 101.005     	20 102.662     	69 102.922     	21 101.362     	22 102.838     	 3 102.705     	 2 102.190     	 5 102.668     	
Lap 59	29 100.398     	80 100.967     	30 102.196     	 4 102.001     	31 101.435     	47 101.981     	42 101.401     	19 101.114     	94 101.387     	98 101.383     	53 100.739     	81 102.182     	74 101.259     	 1 101.113     	11 101.672     	41 102.787     	20 102.976     	69 102.605     	22 102.528     	21 103.250     	 3 103.205     	 2 102.319     	 5 102.802     	
Lap 60	29 100.928     	80 100.181     	 4 101.576     	30 102.034     	47 101.433     	31 101.899     	42 101.218     	19 100.922     	94 102.200     	98 102.445     	53 102.002     	81 102.138     	74 101.512     	 1 101.656     	11 100.818     	41 101.225     	69 102.973     	20 103.124     	22 102.399     	21 102.618     	 3 102.640     	 2 102.635     	 5 103.578     	
Lap 61	29 100.414     	80 101.187     	30 101.039     	 4 101.701     	47 101.280     	31 101.773     	42 101.350     	19 101.530     	94 101.943     	98 102.297     	81 102.197     	53 102.661     	74 101.184     	 1 101.694     	11 101.768     	41 101.512     	69 102.175     	20 102.054     	22 102.473     	21 102.962     	 3 103.309     	 2 102.463     	 5 103.189     	
Lap 62	29 100.876     	80 100.640     	 4 101.388     	30 102.079     	47 101.252     	31 100.987     	42 101.261     	19 100.764     	94 101.603     	98 101.818     	81 102.631     	74 101.574     	53 103.062     	 1 101.360     	11 101.456     	41 101.391     	20 102.303     	69 103.028     	22 103.150     	 3 101.578     	21 103.051     	 2 102.255     	 5 103.855     	
Lap 63	29 101.475     	80 100.970     	 4 101.562     	30 101.377     	47 101.722     	31 101.655     	19 102.695     	94 101.316     	98 101.319     	42 121.086 DRY	81 102.010     	74 103.019     	 1 101.216     	53 103.425     	11 101.992     	41 101.393     	69 102.724     	 3 102.371     	22 103.166     	21 102.320     	 2 102.183     	20 121.548 DRY	 5 104.023     	
Lap 64	80 102.247     	29 119.399 DRY	30 101.559     	 4 101.918     	47 101.826     	31 101.811     	19 101.151     	94 101.346     	98 100.909     	42 100.378     	81 101.068     	 1 103.263     	53 103.538     	11 101.956     	41 101.862     	69 101.592     	74 121.452 DRY	21 102.983     	22 103.655     	20 100.957     	 3 121.276 DRY	 2 120.758 DRY	 5 121.331 DRY	
Lap 65	29 99.760     	80 119.445 DRY	 4 102.419     	47 101.699     	31 101.372     	19 101.924     	30 120.331 DRY	94 102.611     	42 101.449     	98 102.195     	81 101.943     	53 102.920     	11 101.473     	41 101.251     	74 100.387     	69 101.752     	 1 121.742 DRY	21 103.363     	20 100.640     	 3 100.536     	22 121.251 DRY	 2 102.009     	 5 102.550     	
Lap 66	29 99.729     	80 100.469     	31 101.920     	47 102.348     	30 100.546     	 4 119.308 DRY	42 101.601     	94 102.105     	98 103.003     	19 119.564 DRY	53 102.167     	41 102.001     	81 119.840 DRY	74 101.231     	 1 100.528     	11 120.486 DRY	20 100.888     	69 121.935 DRY	 3 100.897     	22 101.269     	21 121.187 DRY	 2 101.033     	 5 102.207     	
Lap 67	29 100.386     	80 100.420     	31 102.986     	30 100.132     	 4 100.368     	47 120.088 DRY	42 100.837     	94 102.299     	19 102.193     	41 101.606     	81 100.282     	98 121.268 DRY	74 100.514     	 1 100.065     	11 100.827     	53 120.455 DRY	20 101.384     	69 100.806     	 3 100.360     	22 100.721     	21 101.013     	 2 101.283     	 5 102.178     	
Lap 68	29 100.092     	80 100.440     	30 100.386     	 4 99.698     	47 100.057     	31 119.897 DRY	42 100.635     	19 100.356     	94 101.708     	81 100.350     	98 101.522     	74 101.816     	 1 100.810     	11 101.547     	53 102.251     	41 119.551 DRY	20 100.633     	69 101.005     	 3 101.028     	22 100.784     	21 101.126     	 2 101.337     	 5 103.073     	
Lap 69	29 99.812     	80 100.148     	30 101.167     	 4 100.978     	47 99.560     	31 100.115     	42 100.352     	19 101.394     	81 100.553     	98 100.904     	94 121.447 DRY	74 101.421     	 1 100.353     	11 101.885     	53 102.650     	41 100.829     	20 100.816     	69 100.379     	 3 100.415     	22 101.289     	21 101.290     	 2 101.088     	 5 102.901     	
Lap 70	29 99.928     	80 100.091     	 4 100.756     	30 101.321     	47 99.652     	31 99.998     	42 100.574     	19 100.110     	81 100.482     	98 101.001     	94 101.169     	74 101.443     	 1 101.448     	11 100.786     	53 100.437     	41 100.805     	20 100.690     	69 101.018     	 3 101.097     	22 101.256     	21 101.257     	 2 101.950     	 5 102.574     	

-- OFFICIAL RESULTS --
Pos	#No	Driver						Team					Time		Diff		Pits	Best
01	#29	ALU	Sago Aludetsei			Dotruga Formula Racing	1:58:21.282	-0.000		3		99.479
02	#80	AYA	Ifloenne é Aya			Team V.V. Imperial		1:58:28.707	-7.424		3		99.686
03	# 4	BLA	Zaku Blaxon				Team Blaland Racing		1:58:57.776	-36.494		3		99.653
04	#30	WIS	Josh Wise				BONGATAR				1:58:57.779	-36.496		3		99.809
05	#47	PAV	ketila léqa pavúteka	Team Solea Racing		1:59:01.729	-40.446		3		99.560
06	#31	ŠAŊ	xap'ít celentir šaŋév	Team Solea Racing		1:59:05.051	-43.769		3		99.998
07	#42	OOS	Frank Oosterhout		Cows Go Moo Racing		1:59:10.228	-48.946		3		99.912
08	#19	ZAI	khélok atep zailunaɰ	Team Solea Racing		1:59:13.703	-52.420		3		99.931
09	#81	KÆR	Lyǽs Kæræsekæræn		Team V.V. Imperial		1:59:30.543	-69.261		3		100.148
10	#98	MOT	Gorga Motxev			Dotruga Formula Racing	1:59:34.002	-72.720		3		100.125
11	#94	NES	At'ipi Nesbeksë			Team Diigikwk Racers	1:59:34.824	-73.542		3		100.444
12	#74	KON	Bařàsiz Konoca			Team Diigikwk Racers	1:59:35.692	-74.410		3		100.387
13	# 1	ROT	Robbie Rotten			Team V.V. Imperial		1:59:36.164	-74.881		3		100.065
14	#11	KEG	Tuto Keget				Dotruga Formula Racing	1:59:41.270	-79.988		3		100.654
15	#53	TÀC	Ešuro Tàcràɰë			Team Diigikwk Racers	1:59:42.473	-81.191		3		100.071
16	#41	CAN	Olga Candy				Cows Go Moo Racing		1:59:45.265	-83.983		3		100.509
17	#20	MAC	Mac						Team Vincent			1:59:50.108	-88.826		3		100.438
18	#69	SAN	Marisa Sanchez			Cows Go Moo Racing		1:59:54.482	-93.199		3		100.379
19	# 3	BOB	Bob						BONGATAR				2:0:00.166	-98.884		3		100.360
20	#22	PHI	Philipe					Team Vincent			2:0:05.060	-103.778	3		100.721
21	#21	ORS	Orson					Team Vincent			2:0:07.074	-105.792	3		100.842
22	# 2	HID	Body Hide				BONGATAR				2:0:09.090	-107.808	3		101.033
23	# 5	NOX	Naxan Noxokolonaxon		Team Blaland Racing		2:1:03.103	-161.821	3		102.117
24	#44	KAX	Kaxon Kaxutak			Team Blaland Racing		RETIRED		DNF			0		100.986

-- RACE INCIDENT REPORT --
Bob made a mistake while attempting an overtake on lap 16.
Kaxon Kaxutak crashed out while attempting an overtake on lap 17.
Olga Candy made a mistake while attempting an overtake on lap 17.
At'ipi Nesbeksë made a mistake while attempting an overtake on lap 20.
Ešuro Tàcràɰë made a mistake while attempting an overtake on lap 21.
Olga Candy made a mistake while attempting an overtake on lap 39.
Josh Wise made a pit stop to repair damage caused by a large incident while attempting an overtake on lap 43.
ketila léqa pavúteka made a mistake while attempting an overtake on lap 52.
Mac made a mistake while attempting an overtake on lap 53.
Tuto Keget made a mistake on lap 54.
Olga Candy made a mistake on lap 59.
Ifloenne é Aya made a mistake on lap 64.
