-- LAP TIMES --
Lap 0	30 0.000     	 4 0.000     	47 0.100     	29 0.100     	42 0.200     	74 0.200     	94 0.300     	53 0.300     	31 0.400     	80 0.400     	19 0.500     	44 0.500     	41 0.600     	 3 0.600     	98 0.700     	69 0.700     	11 0.800     	 1 0.800     	81 0.900     	20 0.900     	 2 1.000     	22 1.000     	21 1.100     	 5 1.100     	
Lap 1	42 124.717     	29 124.917     	30 125.224     	 4 125.299     	53 125.248     	47 125.493     	94 125.700     	80 125.602     	31 125.767     	74 126.046     	 3 125.704     	19 126.292     	69 126.372     	41 126.509     	11 126.445     	44 126.867     	98 126.857     	81 126.809     	 2 126.752     	 1 127.260     	21 127.570     	22 127.851     	20 128.129     	 5 128.138     	
Lap 2	47 124.733     	29 125.323     	30 125.257     	 4 125.195     	42 125.734     	53 125.119     	74 125.347     	 3 125.745     	94 126.058     	80 126.418     	19 126.478     	69 126.388     	11 126.385     	41 126.533     	44 126.470     	81 126.170     	98 126.433     	 2 126.369     	31 128.038     	 1 126.974     	22 127.362     	20 127.862     	21 128.224     	 5 128.300     	
Lap 3	30 125.038     	42 124.883     	29 125.306     	47 125.456     	53 125.226     	 4 125.834     	74 125.706     	94 125.413     	 3 125.917     	80 126.126     	41 125.796     	19 126.336     	69 126.363     	11 126.204     	44 126.341     	98 126.291     	81 126.467     	31 126.515     	 2 126.786     	 1 129.021     	20 127.446     	22 128.266     	21 128.111     	 5 128.489     	
Lap 4	30 124.625     	29 124.948     	42 125.329     	53 125.044     	47 125.494     	 4 125.933     	74 125.484     	94 125.896     	 3 126.005     	80 126.551     	41 126.026     	19 126.010     	11 126.322     	31 126.090     	69 126.997     	44 126.707     	81 126.902     	 2 126.485     	98 127.159     	 1 127.147     	20 127.794     	22 128.267     	21 127.884     	 5 128.376     	
Lap 5	29 124.868     	30 125.456     	42 125.392     	47 125.490     	53 125.899     	 4 126.230     	74 126.092     	94 126.025     	 3 126.446     	80 126.468     	41 126.341     	19 126.389     	31 126.003     	11 126.964     	69 126.326     	 2 126.472     	44 127.164     	98 126.905     	81 127.210     	 1 127.549     	20 127.425     	22 127.938     	21 128.203     	 5 128.890     	
Lap 6	30 124.823     	29 125.300     	42 125.052     	47 125.010     	53 125.977     	74 125.461     	 4 125.976     	 3 124.808     	94 125.946     	80 125.987     	41 126.041     	19 126.450     	31 125.779     	11 126.328     	69 126.363     	98 126.453     	 2 127.048     	44 127.205     	81 126.877     	 1 127.381     	20 127.757     	22 128.090     	21 128.114     	 5 128.901     	
Lap 7	30 124.919     	47 124.408     	29 125.521     	42 125.363     	53 124.031     	94 124.294     	74 125.631     	 4 126.012     	 3 126.527     	80 126.385     	41 126.825     	31 126.598     	19 126.941     	11 126.259     	69 126.933     	81 126.501     	 2 127.162     	98 127.396     	44 127.129     	 1 125.859     	20 127.051     	22 127.738     	21 127.981     	 5 128.747     	
Lap 8	30 125.236     	29 124.967     	42 125.286     	47 125.819     	53 126.408     	94 126.259     	74 126.352     	 3 124.796     	 4 126.180     	80 126.173     	41 126.907     	31 126.579     	19 126.652     	11 126.436     	69 126.465     	98 126.585     	81 126.972     	 2 127.228     	44 127.442     	 1 125.755     	20 126.880     	22 127.654     	21 128.555     	 5 128.717     	
Lap 9	30 125.692     	29 125.764     	47 125.209     	53 124.291     	42 126.143     	 4 124.780     	94 125.767     	74 126.241     	 3 126.494     	80 124.809     	31 126.618     	41 126.868     	11 126.462     	19 127.003     	69 126.840     	98 127.380     	81 127.442     	 2 127.347     	44 127.493     	 1 126.559     	20 127.177     	22 126.788     	21 126.890     	 5 129.422     	
Lap 10	30 124.864     	29 125.397     	47 125.229     	53 125.470     	42 125.642     	 4 126.642     	94 126.762     	74 126.033     	80 125.252     	 3 127.337     	31 126.435     	41 126.580     	11 126.713     	19 127.244     	69 127.562     	98 127.240     	81 127.430     	44 126.802     	 2 127.501     	 1 127.304     	20 127.198     	22 126.676     	21 127.396     	 5 129.397     	
Lap 11	30 124.332     	29 125.504     	47 126.095     	53 125.668     	42 125.625     	74 125.752     	94 126.313     	 4 126.709     	80 126.786     	 3 126.834     	31 126.137     	41 126.315     	11 126.566     	69 125.810     	19 127.267     	81 126.924     	 2 126.853     	98 127.615     	 1 125.872     	44 127.420     	20 127.403     	22 127.009     	21 127.200     	 5 128.769     	
Lap 12	30 124.544     	29 125.182     	53 125.877     	47 126.238     	42 125.650     	74 126.027     	 4 126.325     	94 126.947     	80 126.783     	 3 126.558     	31 126.933     	41 126.694     	11 126.953     	69 126.945     	19 126.605     	81 127.152     	 2 127.263     	98 127.799     	 1 127.692     	44 127.656     	20 127.503     	22 127.407     	21 127.475     	
Lap 13	30 124.051     	29 124.217     	42 124.887     	47 126.148     	53 126.616     	74 126.481     	 4 126.114     	94 126.129     	80 126.348     	 3 126.888     	31 126.457     	41 126.634     	11 127.484     	69 126.997     	19 126.973     	81 127.918     	44 126.927     	98 127.358     	 2 128.019     	 1 127.435     	20 127.176     	21 127.423     	 5 129.551     	
Lap 14	30 124.014     	29 124.898     	42 124.900     	47 126.228     	53 126.172     	 4 126.284     	74 126.770     	94 125.938     	80 126.539     	 3 127.390     	31 126.625     	41 126.678     	11 127.325     	19 127.101     	69 127.761     	44 127.496     	 2 127.363     	81 128.006     	98 128.001     	 1 128.561     	20 127.226     	21 127.779     	 5 130.040     	
Lap 15	30 124.482     	29 124.837     	42 124.995     	47 125.947     	53 126.116     	 4 126.269     	94 126.229     	74 126.524     	80 126.216     	 3 126.117     	31 127.377     	41 127.145     	19 126.828     	11 127.719     	69 127.988     	44 127.231     	81 127.626     	98 127.212     	 2 128.336     	 1 127.263     	20 127.422     	21 128.137     	 5 129.768     	
Lap 16	30 125.028     	29 125.193     	42 125.094     	47 125.851     	53 126.680     	 4 127.134     	74 126.818     	94 127.070     	80 125.773     	 3 125.541     	31 126.888     	41 127.664     	19 127.014     	11 127.664     	69 126.235     	44 127.801     	81 127.389     	98 127.825     	 2 127.589     	 1 128.589     	20 127.973     	21 127.979     	 5 130.009     	
Lap 17	30 124.769     	94 127.254     	 4 127.442     	29 142.681 DRY	80 126.398     	 3 125.603     	42 143.866 DRY	31 127.333     	47 144.233 DRY	41 127.480     	53 144.277 DRY	74 144.947 DRY	44 128.331     	 2 128.213     	 1 127.282     	20 127.817     	19 145.984 DRY	11 145.290 DRY	69 146.814 DRY	81 146.520 DRY	98 146.486 DRY	21 146.394 DRY	 5 147.348 DRY	
Lap 18	30 143.036 DRY	29 124.745     	80 127.189     	42 124.643     	47 125.049     	41 127.415     	53 126.914     	74 124.664     	 4 144.738 DRY	94 145.821 DRY	 3 145.859 DRY	 1 128.785     	31 146.191 DRY	19 126.857     	69 125.330     	11 127.620     	98 126.580     	81 127.341     	44 145.968 DRY	 2 146.965 DRY	21 127.295     	20 161.719 DRY	 5 129.361     	
Lap 19	30 124.338     	29 123.414     	42 123.539     	47 123.910     	53 126.167     	74 124.702     	 4 124.551     	94 124.603     	 3 124.703     	80 144.085 DRY	31 125.176     	41 146.193 DRY	19 126.409     	69 126.373     	11 126.525     	98 126.772     	81 126.905     	44 126.953     	 2 126.266     	 1 146.385 DRY	21 126.594     	20 126.562     	 5 128.200     	
Lap 20	30 124.010     	29 123.353     	42 123.837     	47 124.059     	53 124.574     	74 124.622     	 4 124.488     	94 124.707     	 3 125.501     	80 125.207     	31 124.355     	41 126.655     	69 126.490     	19 126.730     	11 127.197     	98 126.167     	44 126.113     	 2 125.354     	81 126.938     	 1 126.175     	21 126.827     	20 126.262     	 5 128.493     	
Lap 21	30 123.824     	29 123.477     	42 123.983     	47 123.754     	53 124.279     	74 124.414     	 4 124.906     	94 124.833     	80 124.676     	 3 125.506     	31 124.370     	19 125.978     	41 126.646     	69 126.992     	11 125.513     	98 126.503     	44 126.867     	 2 127.017     	81 127.153     	 1 126.255     	21 126.578     	20 126.750     	 5 129.227     	
Lap 22	30 123.600     	29 123.402     	42 123.844     	47 123.840     	53 124.171     	74 124.944     	 4 124.571     	94 124.976     	80 125.569     	 3 126.632     	31 125.301     	41 126.104     	19 126.875     	69 127.008     	11 128.917     	98 125.090     	44 126.989     	81 126.620     	 2 127.070     	 1 125.330     	21 126.773     	20 126.511     	 5 128.457     	
Lap 23	30 123.803     	29 124.248     	42 124.443     	47 124.092     	53 124.391     	74 124.772     	 4 124.175     	94 125.080     	80 124.996     	 3 125.253     	31 124.602     	41 125.851     	69 125.095     	19 126.305     	11 125.301     	98 125.924     	44 126.477     	81 126.420     	 2 126.559     	 1 127.023     	21 127.475     	20 126.703     	 5 129.260     	
Lap 24	30 123.984     	29 124.043     	42 123.910     	47 124.007     	53 123.968     	74 124.756     	 4 124.962     	94 125.206     	80 124.665     	 3 125.303     	31 125.424     	41 126.474     	69 126.534     	19 126.860     	11 124.988     	98 125.335     	44 126.750     	 2 126.379     	81 127.180     	 1 125.574     	21 126.771     	20 126.737     	 5 129.070     	
Lap 25	30 123.633     	29 124.147     	42 124.297     	47 123.781     	53 123.985     	74 125.213     	 4 124.472     	94 124.491     	80 125.031     	 3 124.690     	31 124.759     	41 125.993     	19 126.179     	69 127.353     	11 127.618     	98 125.440     	44 126.760     	81 126.895     	 2 127.397     	 1 127.151     	21 127.069     	20 126.394     	 5 128.501     	
Lap 26	30 123.479     	29 123.590     	42 124.318     	47 123.963     	53 124.836     	74 124.965     	 4 125.039     	94 124.427     	80 125.476     	 3 125.413     	31 125.596     	41 125.118     	19 127.137     	69 126.752     	11 126.913     	98 126.252     	44 127.319     	 2 127.163     	81 127.356     	 1 128.061     	21 127.127     	20 127.158     	 5 128.991     	
Lap 27	30 124.454     	29 124.271     	42 124.514     	47 124.476     	53 124.165     	74 125.380     	 4 124.574     	94 125.388     	80 124.831     	 3 124.678     	31 125.693     	41 125.072     	19 126.396     	69 127.436     	11 127.002     	98 127.596     	44 126.818     	 1 125.886     	 2 127.487     	81 127.817     	21 127.830     	20 126.844     	 5 128.806     	
Lap 28	30 123.936     	29 124.620     	42 124.714     	47 124.569     	53 124.512     	 4 125.756     	74 126.529     	94 125.275     	80 125.141     	 3 125.525     	31 125.369     	41 125.392     	19 125.147     	69 126.708     	98 125.574     	11 127.562     	44 126.774     	 1 127.087     	 2 127.302     	81 127.327     	21 127.770     	20 126.850     	 5 128.901     	
Lap 29	30 124.146     	29 124.807     	42 124.313     	47 124.853     	53 124.464     	74 125.546     	 4 126.690     	94 125.525     	80 124.851     	 3 124.885     	31 125.732     	41 125.298     	19 125.268     	69 127.405     	98 127.126     	11 127.211     	44 125.645     	 1 127.387     	81 127.133     	 2 127.583     	21 127.616     	20 127.320     	 5 129.281     	
Lap 30	30 124.344     	29 124.681     	42 124.986     	47 124.933     	53 124.960     	74 126.250     	 4 126.134     	94 125.116     	80 125.666     	 3 125.472     	31 125.426     	41 125.244     	19 125.355     	69 127.348     	98 127.112     	11 127.648     	44 126.458     	 1 128.077     	81 127.385     	 2 127.542     	21 127.736     	20 127.024     	 5 129.350     	
Lap 31	30 124.350     	29 124.063     	42 125.114     	47 124.648     	53 125.245     	94 125.456     	74 126.991     	 4 126.548     	80 125.517     	 3 125.216     	31 126.039     	41 126.063     	19 126.345     	11 125.989     	69 127.904     	98 128.175     	44 126.045     	81 127.272     	 1 127.716     	 2 127.482     	21 127.537     	20 126.934     	 5 129.516     	
Lap 32	30 124.241     	29 125.002     	42 125.392     	47 124.488     	53 125.277     	94 126.627     	 4 125.940     	74 127.164     	80 125.499     	 3 125.188     	31 126.052     	41 126.037     	19 126.447     	69 127.212     	11 127.786     	98 128.243     	44 126.352     	 2 127.616     	 1 127.816     	81 128.091     	21 127.567     	20 127.311     	 5 129.708     	
Lap 33	30 124.104     	29 125.172     	42 124.967     	47 124.962     	53 125.300     	94 126.364     	 4 126.620     	74 126.914     	80 126.614     	 3 125.642     	31 125.685     	19 126.417     	69 127.390     	11 128.028     	98 126.648     	44 126.772     	41 145.722 DRY	 2 127.572     	81 127.784     	 1 128.440     	21 127.663     	20 127.785     	 5 130.306     	
Lap 34	30 124.992     	29 124.987     	42 143.303 DRY	47 143.520 DRY	 4 125.956     	94 126.620     	53 143.883 DRY	80 126.749     	74 127.139     	 3 127.221     	31 125.504     	11 127.874     	41 126.326     	44 127.530     	19 144.056 DRY	 2 128.172     	 1 127.703     	69 146.772 DRY	98 146.732 DRY	21 128.242     	20 127.236     	81 145.548 DRY	 5 130.083     	
Lap 35	30 143.234 DRY	29 143.816 DRY	42 123.987     	47 124.247     	53 127.044     	80 126.721     	 3 126.401     	 4 144.648 DRY	94 144.828 DRY	74 144.788 DRY	31 144.230 DRY	41 125.999     	44 127.751     	19 125.501     	 2 128.635     	 1 128.751     	69 125.709     	11 144.464 DRY	98 125.546     	20 127.483     	81 125.527     	21 146.907 DRY	 5 147.864 DRY	
Lap 36	30 124.129     	29 124.165     	42 124.283     	47 123.804     	53 125.421     	 3 127.884     	94 125.507     	 4 126.120     	74 124.593     	80 146.222 DRY	31 124.866     	41 125.312     	19 125.240     	 1 128.409     	69 126.322     	98 127.093     	11 127.146     	44 144.716 DRY	81 127.331     	20 129.086     	 2 146.362 DRY	21 126.957     	 5 129.357     	
Lap 37	30 123.302     	29 123.914     	42 123.849     	47 123.741     	53 124.064     	74 124.374     	94 125.502     	 4 125.429     	80 125.036     	 3 144.732 DRY	31 124.832     	41 125.400     	19 125.034     	69 125.097     	 1 127.147     	98 126.737     	11 126.759     	44 125.955     	81 125.647     	 2 125.510     	21 126.936     	20 146.928 DRY	 5 128.270     	
Lap 38	30 123.179     	29 123.547     	42 123.722     	47 124.191     	53 123.924     	 4 125.641     	74 126.066     	94 126.300     	80 124.884     	31 125.046     	 3 126.456     	41 125.155     	19 124.825     	69 126.806     	44 125.410     	98 127.143     	11 127.369     	81 125.456     	 2 125.789     	 1 147.028 DRY	21 127.230     	20 126.485     	 5 128.935     	
Lap 39	30 123.568     	29 124.032     	42 124.591     	47 123.931     	53 124.662     	 4 125.304     	94 125.475     	74 125.841     	80 124.744     	31 126.577     	 3 126.245     	41 125.583     	19 124.899     	69 125.124     	44 126.442     	98 126.826     	11 127.482     	81 125.324     	 2 126.080     	 1 126.001     	21 126.894     	20 126.697     	 5 129.212     	
Lap 40	30 123.529     	29 123.893     	42 124.595     	47 124.263     	53 124.602     	 4 126.107     	74 125.497     	94 126.362     	80 124.624     	31 126.192     	 3 126.786     	41 125.595     	19 124.876     	69 125.432     	44 126.933     	98 126.921     	11 127.226     	81 125.470     	 2 125.926     	 1 126.084     	21 127.010     	20 126.347     	 5 128.596     	
Lap 41	30 123.384     	29 124.146     	42 124.622     	47 123.935     	53 124.572     	 4 126.006     	80 125.153     	94 126.438     	74 127.534     	31 126.168     	 3 125.958     	41 126.836     	19 126.725     	69 125.933     	44 126.465     	98 126.817     	11 125.712     	81 125.546     	 2 125.354     	 1 125.976     	21 127.009     	20 126.195     	 5 128.921     	
Lap 42	30 124.153     	29 124.098     	42 124.165     	47 124.184     	53 124.672     	80 124.996     	 4 126.172     	94 125.649     	74 125.692     	31 126.714     	 3 126.748     	41 126.945     	19 128.544     	69 125.174     	44 127.198     	98 127.132     	11 127.227     	81 125.554     	 2 125.715     	 1 125.399     	21 127.336     	20 126.614     	 5 128.516     	
Lap 43	30 124.052     	29 124.295     	42 124.492     	47 124.673     	53 124.729     	80 126.270     	 4 126.160     	94 125.948     	74 126.124     	31 126.799     	 3 126.209     	41 125.582     	19 125.317     	69 125.899     	44 127.354     	11 126.706     	98 127.419     	81 127.357     	 2 126.079     	 1 126.054     	21 127.252     	20 127.086     	 5 128.651     	
Lap 44	30 124.482     	29 123.647     	42 124.883     	47 124.745     	53 124.528     	80 125.916     	 4 125.906     	74 125.869     	94 126.577     	31 126.473     	 3 126.541     	41 125.983     	19 125.372     	69 125.401     	11 126.453     	44 127.309     	98 127.481     	81 126.930     	 2 125.610     	 1 126.306     	21 127.558     	20 126.781     	 5 129.008     	
Lap 45	30 123.982     	29 124.378     	42 124.151     	47 124.533     	53 124.789     	80 126.238     	 4 126.214     	94 125.670     	74 126.379     	31 126.870     	 3 126.665     	41 125.270     	19 125.262     	69 126.108     	11 126.456     	44 127.296     	98 126.912     	81 127.739     	 2 125.825     	 1 126.008     	21 127.328     	20 126.767     	 5 129.126     	
Lap 46	30 124.449     	29 124.459     	42 124.413     	47 124.877     	53 125.106     	80 126.299     	 4 126.068     	94 125.975     	74 125.865     	31 126.288     	 3 126.444     	41 125.325     	19 125.261     	69 125.800     	11 125.784     	44 126.591     	98 126.888     	81 125.940     	 2 126.435     	 1 125.800     	21 126.973     	20 127.303     	 5 129.245     	
Lap 47	30 124.483     	29 124.708     	42 124.560     	47 124.432     	53 125.119     	80 126.367     	 4 126.174     	94 126.241     	74 125.855     	 3 126.632     	31 127.178     	41 125.775     	19 125.632     	69 126.204     	11 125.755     	44 127.550     	98 127.023     	81 127.808     	 2 126.558     	 1 126.322     	21 127.753     	20 127.042     	 5 129.242     	
Lap 48	30 124.226     	29 124.432     	42 125.074     	47 124.918     	53 124.793     	 4 126.537     	74 125.864     	80 127.010     	94 126.096     	31 125.945     	 3 126.351     	41 125.837     	19 126.316     	69 126.332     	11 125.627     	44 127.686     	98 127.754     	 2 126.771     	81 127.374     	 1 126.315     	20 126.671     	21 127.705     	 5 129.801     	
Lap 49	30 124.839     	29 124.890     	42 125.352     	47 125.144     	53 124.605     	94 125.786     	 4 126.246     	74 126.351     	80 126.313     	 3 126.950     	31 127.153     	41 126.363     	19 125.602     	69 126.755     	11 126.373     	44 127.866     	98 127.641     	 2 127.634     	81 127.708     	 1 126.212     	21 128.824     	20 128.840     	 5 129.793     	
Lap 50	30 124.759     	29 124.187     	42 125.443     	47 126.041     	53 125.204     	 4 126.610     	80 126.340     	74 126.513     	94 127.244     	31 126.354     	 3 126.663     	19 125.740     	69 126.591     	41 144.539 DRY	11 125.909     	44 127.838     	 2 127.320     	98 128.280     	81 128.430     	 1 126.829     	21 128.903     	20 129.037     	 5 129.981     	

-- OFFICIAL RESULTS --
Pos	#No	Driver						Team					Time		Diff		Pits	Best
01	#30	WIS	Josh Wise				BONGATAR				1:44:14.379	-0.000		2		123.179
02	#29	ALU	Sago Aludetsei			Dotruga Formula Racing	1:44:23.551	-9.172		2		123.353
03	#42	OOS	Frank Oosterhout		Cows Go Moo Racing		1:44:35.055	-20.676		2		123.539
04	#47	PAV	ketila léqa pavúteka	Team Solea Racing		1:44:37.745	-23.365		2		123.741
05	#53	TÀC	Ešuro Tàcràɰë			Team Diigikwk Racers	1:44:53.343	-38.964		2		123.924
06	# 4	BLA	Zaku Blaxon				Team Blaland Racing		1:45:29.822	-75.443		2		124.175
07	#80	AYA	Ifloenne é Aya			Team V.V. Imperial		1:45:29.911	-75.531		2		124.624
08	#74	KON	Bařàsiz Konoca			Team Diigikwk Racers	1:45:30.083	-75.704		2		124.374
09	#94	NES	At'ipi Nesbeksë			Team Diigikwk Racers	1:45:30.413	-76.034		2		124.294
10	#31	ŠAŊ	xap'ít celentir šaŋév	Team Solea Racing		1:45:41.535	-87.156		2		124.355
11	# 3	BOB	Bob						BONGATAR				1:45:41.662	-87.283		2		124.678
12	#19	ZAI	khélok atep zailunaɰ	Team Solea Racing		1:45:48.974	-94.595		2		124.825
13	#69	SAN	Marisa Sanchez			Cows Go Moo Racing		1:46:06.649	-112.270	2		125.095
14	#41	CAN	Olga Candy				Cows Go Moo Racing		1:46:06.739	-112.360	3		125.072
15	#11	KEG	Tuto Keget				Dotruga Formula Racing	1:46:16.457	-122.078	2		124.988
16	#44	KAX	Kaxon Kaxutak			Team Blaland Racing		1:46:25.932	-131.553	2		125.410
17	# 2	HID	Body Hide				BONGATAR				1:46:26.311	-131.932	2		125.354
18	#98	MOT	Gorga Motxev			Dotruga Formula Racing	1:46:26.578	-132.199	2		125.090
19	#81	KÆR	Lyǽs Kæræsekæræn		Team V.V. Imperial		1:46:27.524	-133.145	2		125.324
20	# 1	ROT	Robbie Rotten			Team V.V. Imperial		1:46:29.801	-135.421	2		125.330
21	#21	ORS	Orson					Team Vincent			1:46:55.459	-161.080	2		126.578
22	#20	MAC	Mac						Team Vincent			1:46:55.600	-161.221	3		126.195
23	# 5	NOX	Naxan Noxokolonaxon		Team Blaland Racing		1:48:13.370	-238.991	2		128.138
24	#22	PHI	Philipe					Team Vincent			RETIRED		DNF			0		126.676

-- RACE INCIDENT REPORT --
xap'ít celentir šaŋév made a mistake while attempting an overtake on lap 2.
Robbie Rotten made a mistake while attempting an overtake on lap 3.
khélok atep zailunaɰ made a mistake while attempting an overtake on lap 10.
Philipe crashed out on lap 12.
Mac made a pit stop to repair damage caused by a large incident on lap 18.
Tuto Keget made a mistake while attempting an overtake on lap 22.
Olga Candy made a pit stop to repair damage caused by a large incident on lap 33.
Bařàsiz Konoca made a mistake while attempting an overtake on lap 41.
khélok atep zailunaɰ made a mistake while attempting an overtake on lap 42.
Bob made a mistake while attempting an overtake on lap 44.
ketila léqa pavúteka made a mistake on lap 50.
