1.000
0.897
0.814
0.744
0.686
0.636
0.592
0.554
0.521
0.491
0.463
0.439
0.417
0.396
0.378
0.360
0.344
0.330
0.316
0.303
0.291
0.279
0.268
0.258
0.248
0.239
0.231
0.222
0.214
0.207
0.199
0.192
0.186
0.179
0.173
0.167
0.161
0.156
0.150
0.145
0.140
0.135
0.130
0.125
0.121
0.116
0.112
0.108
0.104
0.100
0.096
0.092
0.088
0.084
0.080
0.077
0.073
0.070
0.066
0.063
0.059
0.056
0.053
0.049
0.046
0.043
0.040
0.037
0.033
0.030
0.027
0.024
0.021
0.018
0.015
0.012
0.009
0.006
0.003
0.000
0.000
0.000
0.000
0.000
0.000
0.000
0.000
0.000
0.000
0.000
0.000
0.000
0.000
0.000
0.000
0.000
0.000
0.000
0.000
0.000
0.000
0.000
0.000
0.000
0.000
0.000
0.000
0.000
0.000
0.000
0.000
0.000
0.000
0.000
0.000
0.000
0.000
0.000
0.000
0.000
0.000
0.000
0.000
0.000
0.000
0.000
0.000
0.000
0.000
0.000
0.000
0.000
0.000
0.000
0.000
0.000
0.000
0.000
0.000
0.000
0.000
0.000
0.000
0.000
0.000
0.000
0.000
0.000
0.000
0.000
0.000
0.000
0.000
0.000
0.000
0.000
0.000
0.000
0.000
0.000
0.000
0.000
0.000
0.000
0.000
0.000
0.000
0.000
0.000
0.000
0.000
0.000
0.000
0.000
0.000
0.000
0.000
0.000
0.000
0.000
0.000
0.000
0.000
0.000
0.000
0.000
0.000
0.000
0.000
0.000
0.000
0.000
0.000
0.000
0.000
0.000
0.000
0.000
0.000
0.000
0.000
0.000
0.000
0.000
0.000
0.000
0.000
0.000
0.000
0.000
0.000
0.000
0.000
0.000
0.000
0.000
0.000
0.000
0.000
0.000
0.000
0.000
0.000
0.000
0.000
0.000
0.000
0.000
0.000
0.000
0.000
0.000
0.000
0.000
0.000
0.000
0.000
0.000
0.000
0.000
0.000
